    1.2535E-03   8.1361E+16   1.2935E+17   2.1868E+17   3.0985E+17   3.5877E+17   3.9465E+17   4.3673E+17   4.9026E+17   5.2921E+17   5.8819E+17   6.4326E+17   6.9224E+17   7.3776E+17   7.8561E+17   8.1915E+17   8.3974E+17   8.7518E+17   9.1526E+17   9.6804E+17   1.0076E+18
    1.3127E-03   8.8693E+16   1.4016E+17   2.3822E+17   3.3888E+17   3.9284E+17   4.3237E+17   4.7864E+17   5.3748E+17   5.8026E+17   6.4508E+17   7.0522E+17   7.5902E+17   8.0914E+17   8.6168E+17   8.9843E+17   9.2095E+17   9.5953E+17   1.0034E+18   1.0614E+18   1.1048E+18
    1.3748E-03   9.6702E+16   1.5186E+17   2.5947E+17   3.7058E+17   4.3011E+17   4.7366E+17   5.2457E+17   5.8922E+17   6.3621E+17   7.0747E+17   7.7314E+17   8.3223E+17   8.8744E+17   9.4515E+17   9.8537E+17   1.0100E+18   1.0520E+18   1.1000E+18   1.1637E+18   1.2114E+18
    1.4398E-03   1.0545E+17   1.6456E+17   2.8257E+17   4.0520E+17   4.7090E+17   5.1886E+17   5.7488E+17   6.4593E+17   6.9751E+17   7.7592E+17   8.4759E+17   9.1249E+17   9.7333E+17   1.0367E+18   1.0807E+18   1.1076E+18   1.1534E+18   1.2060E+18   1.2759E+18   1.3282E+18
    1.5079E-03   1.1500E+17   1.7832E+17   3.0769E+17   4.4298E+17   5.1553E+17   5.6835E+17   6.3001E+17   7.0808E+17   7.6469E+17   8.5099E+17   9.2921E+17   1.0005E+18   1.0676E+18   1.1372E+18   1.1853E+18   1.2147E+18   1.2645E+18   1.3222E+18   1.3990E+18   1.4564E+18
    1.5792E-03   1.2551E+17   1.9340E+17   3.3509E+17   4.8426E+17   5.6436E+17   6.2251E+17   6.9040E+17   7.7614E+17   8.3828E+17   9.3329E+17   1.0186E+18   1.0969E+18   1.1708E+18   1.2474E+18   1.2998E+18   1.3320E+18   1.3863E+18   1.4495E+18   1.5337E+18   1.5965E+18
    1.6539E-03   1.3691E+17   2.0962E+17   3.6477E+17   5.2926E+17   6.1776E+17   6.8178E+17   7.5657E+17   8.5074E+17   9.1895E+17   1.0236E+18   1.1167E+18   1.2027E+18   1.2842E+18   1.3683E+18   1.4255E+18   1.4607E+18   1.5199E+18   1.5892E+18   1.6817E+18   1.7505E+18
    1.7321E-03   1.4937E+17   2.2722E+17   3.9704E+17   5.7836E+17   6.7616E+17   7.4665E+17   8.2907E+17   9.3247E+17   1.0073E+18   1.1227E+18   1.2242E+18   1.3187E+18   1.4085E+18   1.5010E+18   1.5633E+18   1.6017E+18   1.6664E+18   1.7424E+18   1.8439E+18   1.9192E+18
    1.8140E-03   1.6298E+17   2.4634E+17   4.3210E+17   6.3192E+17   7.4001E+17   8.1763E+17   9.0848E+17   1.0220E+18   1.1042E+18   1.2313E+18   1.3420E+18   1.4459E+18   1.5449E+18   1.6465E+18   1.7145E+18   1.7564E+18   1.8271E+18   1.9104E+18   2.0217E+18   2.1041E+18
    1.8998E-03   1.7785E+17   2.6710E+17   4.7021E+17   6.9033E+17   8.0981E+17   8.9529E+17   9.9547E+17   1.1201E+18   1.2104E+18   1.3505E+18   1.4712E+18   1.5854E+18   1.6944E+18   1.8061E+18   1.8802E+18   1.9259E+18   2.0034E+18   2.0946E+18   2.2168E+18   2.3067E+18
    1.9897E-03   1.9411E+17   2.8968E+17   5.1161E+17   7.5403E+17   8.8610E+17   9.8025E+17   1.0908E+18   1.2275E+18   1.3267E+18   1.4812E+18   1.6129E+18   1.7383E+18   1.8584E+18   1.9811E+18   2.0618E+18   2.1117E+18   2.1966E+18   2.2966E+18   2.4306E+18   2.5289E+18
    2.0838E-03   2.1187E+17   3.1421E+17   5.5659E+17   8.2348E+17   9.6947E+17   1.0732E+18   1.1951E+18   1.3451E+18   1.4542E+18   1.6246E+18   1.7682E+18   1.9060E+18   2.0382E+18   2.1730E+18   2.2610E+18   2.3154E+18   2.4086E+18   2.5182E+18   2.6652E+18   2.7724E+18
    2.1823E-03   2.3129E+17   3.4092E+17   6.0546E+17   8.9919E+17   1.0605E+18   1.1749E+18   1.3094E+18   1.4740E+18   1.5938E+18   1.7818E+18   1.9384E+18   2.0899E+18   2.2353E+18   2.3834E+18   2.4794E+18   2.5387E+18   2.6411E+18   2.7611E+18   2.9223E+18   3.0392E+18
    2.2855E-03   2.5250E+17   3.6994E+17   6.5852E+17   9.8169E+17   1.1600E+18   1.2860E+18   1.4346E+18   1.6150E+18   1.7469E+18   1.9542E+18   2.1251E+18   2.2915E+18   2.4515E+18   2.6141E+18   2.7187E+18   2.7836E+18   2.8961E+18   3.0275E+18   3.2043E+18   3.3318E+18
    2.3936E-03   2.7569E+17   4.0152E+17   7.1613E+17   1.0716E+18   1.2686E+18   1.4076E+18   1.5717E+18   1.7695E+18   1.9146E+18   2.1433E+18   2.3298E+18   2.5126E+18   2.6884E+18   2.8670E+18   2.9811E+18   3.0519E+18   3.1758E+18   3.3196E+18   3.5135E+18   3.6524E+18
    2.5068E-03   3.0102E+17   4.3588E+17   7.7867E+17   1.1695E+18   1.3871E+18   1.5406E+18   1.7218E+18   1.9387E+18   2.0984E+18   2.3506E+18   2.5542E+18   2.7550E+18   2.9481E+18   3.1442E+18   3.2687E+18   3.3462E+18   3.4825E+18   3.6400E+18   3.8525E+18   4.0037E+18
    2.6253E-03   3.2871E+17   4.7329E+17   8.4656E+17   1.2762E+18   1.5165E+18   1.6859E+18   1.8861E+18   2.1239E+18   2.2997E+18   2.5778E+18   2.8003E+18   3.0207E+18   3.2328E+18   3.4481E+18   3.5840E+18   3.6688E+18   3.8190E+18   3.9913E+18   4.2242E+18   4.3887E+18
    2.7495E-03   3.5898E+17   5.1403E+17   9.2022E+17   1.3923E+18   1.6576E+18   1.8447E+18   2.0659E+18   2.3267E+18   2.5203E+18   2.8269E+18   3.0702E+18   3.3121E+18   3.5449E+18   3.7813E+18   3.9296E+18   4.0225E+18   4.1879E+18   4.3764E+18   4.6318E+18   4.8107E+18
    2.8795E-03   3.9206E+17   5.5841E+17   1.0001E+18   1.5188E+18   1.8116E+18   2.0182E+18   2.2627E+18   2.5488E+18   2.7619E+18   3.1000E+18   3.3660E+18   3.6314E+18   3.8870E+18   4.1465E+18   4.3084E+18   4.4103E+18   4.5926E+18   4.7988E+18   5.0786E+18   5.2730E+18
    3.0157E-03   4.2822E+17   6.0675E+17   1.0868E+18   1.6564E+18   1.9796E+18   2.2078E+18   2.4781E+18   2.7920E+18   3.0265E+18   3.3992E+18   3.6904E+18   3.9815E+18   4.2620E+18   4.5468E+18   4.7236E+18   4.8355E+18   5.0364E+18   5.2618E+18   5.5685E+18   5.7797E+18
    3.1583E-03   4.6775E+17   6.5942E+17   1.1807E+18   1.8062E+18   2.1627E+18   2.4149E+18   2.7136E+18   3.0582E+18   3.3163E+18   3.7272E+18   4.0461E+18   4.3652E+18   4.6731E+18   4.9858E+18   5.1787E+18   5.3018E+18   5.5231E+18   5.7695E+18   6.1056E+18   6.3349E+18
    3.3076E-03   5.1096E+17   7.1683E+17   1.2825E+18   1.9692E+18   2.3624E+18   2.6411E+18   2.9713E+18   3.3497E+18   3.6338E+18   4.0866E+18   4.4362E+18   4.7860E+18   5.1240E+18   5.4673E+18   5.6780E+18   5.8135E+18   6.0574E+18   6.3270E+18   6.6954E+18   6.9444E+18
    3.4641E-03   5.5896E+17   7.8196E+17   1.3970E+18   2.1499E+18   2.5825E+18   2.8898E+18   3.2539E+18   3.6694E+18   3.9815E+18   4.4797E+18   4.8632E+18   5.2463E+18   5.6172E+18   5.9938E+18   6.2241E+18   6.3732E+18   6.6412E+18   6.9360E+18   7.3396E+18   7.6101E+18
    3.6279E-03   6.1061E+17   8.5023E+17   1.5167E+18   2.3430E+18   2.8199E+18   3.1596E+18   3.5620E+18   4.0189E+18   4.3621E+18   4.9112E+18   5.3321E+18   5.7518E+18   6.1590E+18   6.5725E+18   6.8239E+18   6.9883E+18   7.2836E+18   7.6059E+18   8.0482E+18   8.3417E+18
    3.7994E-03   6.6708E+17   9.2468E+17   1.6462E+18   2.5529E+18   3.0786E+18   3.4541E+18   3.8988E+18   4.4014E+18   4.7787E+18   5.3839E+18   5.8460E+18   6.3055E+18   6.7527E+18   7.2065E+18   7.4809E+18   7.6621E+18   7.9873E+18   8.3393E+18   8.8237E+18   9.1419E+18
    3.9791E-03   7.2880E+17   1.0059E+18   1.7865E+18   2.7811E+18   3.3605E+18   3.7755E+18   4.2669E+18   4.8202E+18   5.2347E+18   5.9019E+18   6.4094E+18   6.9124E+18   7.4034E+18   7.9016E+18   8.2011E+18   8.4008E+18   8.7589E+18   9.1433E+18   9.6735E+18   1.0018E+19
    4.1673E-03   7.9629E+17   1.0945E+18   1.9383E+18   3.0293E+18   3.6675E+18   4.1262E+18   4.6690E+18   5.2786E+18   5.7340E+18   6.4693E+18   7.0271E+18   7.5777E+18   8.1168E+18   8.6636E+18   8.9905E+18   9.2107E+18   9.6050E+18   1.0025E+19   1.0605E+19   1.0979E+19
    4.3644E-03   8.7007E+17   1.1911E+18   2.1026E+18   3.2990E+18   4.0020E+18   4.5089E+18   5.1083E+18   5.7803E+18   6.2804E+18   7.0909E+18   7.7042E+18   8.3068E+18   8.8987E+18   9.4989E+18   9.8558E+18   1.0099E+19   1.0533E+19   1.0991E+19   1.1625E+19   1.2030E+19
    4.5707E-03   9.5073E+17   1.2966E+18   2.2804E+18   3.5923E+18   4.3662E+18   4.9264E+18   5.5880E+18   6.3293E+18   6.8786E+18   7.7720E+18   8.4464E+18   9.1059E+18   9.7558E+18   1.0415E+19   1.0804E+19   1.1072E+19   1.1550E+19   1.2050E+19   1.2744E+19   1.3182E+19
    4.7869E-03   1.0389E+18   1.4117E+18   2.4727E+18   3.9110E+18   4.7627E+18   5.3817E+18   6.1118E+18   6.9301E+18   7.5332E+18   8.5181E+18   9.2600E+18   9.9818E+18   1.0695E+19   1.1418E+19   1.1844E+19   1.2139E+19   1.2664E+19   1.3211E+19   1.3969E+19   1.4444E+19
    5.0133E-03   1.1353E+18   1.5373E+18   2.6807E+18   4.2574E+18   5.1943E+18   5.8783E+18   6.6837E+18   7.5874E+18   8.2498E+18   9.3354E+18   1.0152E+19   1.0942E+19   1.1725E+19   1.2518E+19   1.2984E+19   1.3308E+19   1.3886E+19   1.4484E+19   1.5311E+19   1.5825E+19
    5.2503E-03   1.2408E+18   1.6745E+18   2.9058E+18   4.6339E+18   5.6641E+18   6.4198E+18   7.3079E+18   8.3063E+18   9.0341E+18   1.0231E+19   1.1129E+19   1.1994E+19   1.2853E+19   1.3724E+19   1.4233E+19   1.4590E+19   1.5226E+19   1.5880E+19   1.6781E+19   1.7338E+19
    5.4986E-03   1.3560E+18   1.8244E+18   3.1493E+18   5.0430E+18   6.1753E+18   7.0101E+18   7.9892E+18   9.0925E+18   9.8924E+18   1.1211E+19   1.2200E+19   1.3148E+19   1.4089E+19   1.5045E+19   1.5602E+19   1.5995E+19   1.6694E+19   1.7409E+19   1.8391E+19   1.8995E+19
    5.7587E-03   1.4820E+18   1.9880E+18   3.4128E+18   5.4878E+18   6.7315E+18   7.6534E+18   8.7328E+18   9.9522E+18   1.0832E+19   1.2285E+19   1.3373E+19   1.4412E+19   1.5443E+19   1.6492E+19   1.7102E+19   1.7534E+19   1.8303E+19   1.9085E+19   2.0154E+19   2.0809E+19
    6.0310E-03   1.6196E+18   2.1667E+18   3.6980E+18   5.9712E+18   7.3365E+18   8.3545E+18   9.5441E+18   1.0892E+19   1.1860E+19   1.3462E+19   1.4658E+19   1.5798E+19   1.6927E+19   1.8079E+19   1.8746E+19   1.9222E+19   2.0067E+19   2.0923E+19   2.2086E+19   2.2796E+19
    6.3162E-03   1.7706E+18   2.3631E+18   4.0105E+18   6.5002E+18   7.9978E+18   9.1207E+18   1.0431E+19   1.1920E+19   1.2986E+19   1.4750E+19   1.6066E+19   1.7317E+19   1.8552E+19   1.9816E+19   2.0546E+19   2.1070E+19   2.1998E+19   2.2935E+19   2.4200E+19   2.4969E+19
    6.6149E-03   1.9351E+18   2.5764E+18   4.3448E+18   7.0715E+18   8.7136E+18   9.9527E+18   1.1397E+19   1.3042E+19   1.4218E+19   1.6160E+19   1.7609E+19   1.8982E+19   2.0333E+19   2.1720E+19   2.2520E+19   2.3097E+19   2.4116E+19   2.5142E+19   2.6517E+19   2.7349E+19
    6.9277E-03   2.1148E+18   2.8095E+18   4.7067E+18   7.6924E+18   9.4917E+18   1.0859E+19   1.2450E+19   1.4268E+19   1.5565E+19   1.7704E+19   1.9298E+19   2.0808E+19   2.2284E+19   2.3806E+19   2.4681E+19   2.5318E+19   2.6435E+19   2.7559E+19   2.9052E+19   2.9953E+19
    7.2553E-03   2.3112E+18   3.0641E+18   5.0987E+18   8.3673E+18   1.0338E+19   1.1845E+19   1.3599E+19   1.5607E+19   1.7039E+19   1.9393E+19   2.1148E+19   2.2808E+19   2.4420E+19   2.6090E+19   2.7048E+19   2.7751E+19   2.8976E+19   3.0206E+19   3.1827E+19   3.2802E+19
    7.5984E-03   2.5258E+18   3.3423E+18   5.5233E+18   9.1010E+18   1.1257E+19   1.2918E+19   1.4852E+19   1.7070E+19   1.8652E+19   2.1242E+19   2.3174E+19   2.5001E+19   2.6761E+19   2.8593E+19   2.9640E+19   3.0417E+19   3.1760E+19   3.3106E+19   3.4865E+19   3.5919E+19
    7.9577E-03   2.7601E+18   3.6462E+18   5.9834E+18   9.8987E+18   1.2256E+19   1.4086E+19   1.6217E+19   1.8666E+19   2.0416E+19   2.3266E+19   2.5392E+19   2.7404E+19   2.9326E+19   3.1334E+19   3.2478E+19   3.3338E+19   3.4810E+19   3.6282E+19   3.8190E+19   3.9329E+19
    8.3341E-03   3.0162E+18   3.9783E+18   6.4822E+18   1.0766E+19   1.3342E+19   1.5356E+19   1.7706E+19   2.0409E+19   2.2346E+19   2.5479E+19   2.7821E+19   3.0037E+19   3.2134E+19   3.4336E+19   3.5587E+19   3.6539E+19   3.8151E+19   3.9759E+19   4.1831E+19   4.3060E+19
    8.7282E-03   3.2959E+18   4.3412E+18   7.0230E+18   1.1709E+19   1.4521E+19   1.6738E+19   1.9327E+19   2.2312E+19   2.4456E+19   2.7900E+19   3.0480E+19   3.2923E+19   3.5212E+19   3.7625E+19   3.8990E+19   4.0045E+19   4.1810E+19   4.3566E+19   4.5815E+19   4.7140E+19
    9.1409E-03   3.6013E+18   4.7376E+18   7.6097E+18   1.2734E+19   1.5803E+19   1.8240E+19   2.1095E+19   2.4388E+19   2.6762E+19   3.0548E+19   3.3392E+19   3.6085E+19   3.8582E+19   4.1227E+19   4.2715E+19   4.3887E+19   4.5819E+19   4.7734E+19   5.0175E+19   5.1603E+19
    9.5732E-03   3.9350E+18   5.1706E+18   8.2463E+18   1.3848E+19   1.7196E+19   1.9873E+19   2.3019E+19   2.6654E+19   2.9284E+19   3.3444E+19   3.6580E+19   3.9550E+19   4.2275E+19   4.5173E+19   4.6794E+19   4.8095E+19   5.0208E+19   5.2295E+19   5.4947E+19   5.6483E+19
    1.0026E-02   4.2994E+18   5.6437E+18   8.9373E+18   1.5060E+19   1.8709E+19   2.1648E+19   2.5115E+19   2.9127E+19   3.2039E+19   3.6610E+19   4.0070E+19   4.3345E+19   4.6319E+19   4.9494E+19   5.1259E+19   5.2705E+19   5.5016E+19   5.7288E+19   6.0168E+19   6.1818E+19
    1.0500E-02   4.6974E+18   6.1604E+18   9.6876E+18   1.6378E+19   2.0354E+19   2.3577E+19   2.7397E+19   3.1824E+19   3.5048E+19   4.0072E+19   4.3891E+19   4.7502E+19   5.0749E+19   5.4226E+19   5.6147E+19   5.7755E+19   6.0279E+19   6.2752E+19   6.5881E+19   6.7650E+19
    1.0997E-02   5.1321E+18   6.7248E+18   1.0503E+19   1.7810E+19   2.2140E+19   2.5673E+19   2.9880E+19   3.4767E+19   3.8336E+19   4.3856E+19   4.8073E+19   5.2055E+19   5.5601E+19   5.9408E+19   6.1497E+19   6.3285E+19   6.6042E+19   6.8730E+19   7.2131E+19   7.4025E+19
    1.1517E-02   5.6069E+18   7.3413E+18   1.1388E+19   1.9368E+19   2.4081E+19   2.7951E+19   3.2582E+19   3.7978E+19   4.1926E+19   4.7992E+19   5.2650E+19   5.7040E+19   6.0915E+19   6.5083E+19   6.7354E+19   6.9342E+19   7.2351E+19   7.5272E+19   7.8967E+19   8.0993E+19
    1.2061E-02   6.1254E+18   8.0146E+18   1.2350E+19   2.1062E+19   2.6191E+19   3.0425E+19   3.5521E+19   4.1478E+19   4.5845E+19   5.2512E+19   5.7659E+19   6.2499E+19   6.6735E+19   7.1297E+19   7.3764E+19   7.5974E+19   7.9257E+19   8.2429E+19   8.6443E+19   8.8606E+19
    1.2632E-02   6.6916E+18   8.7501E+18   1.3397E+19   2.2902E+19   2.8483E+19   3.3112E+19   3.8718E+19   4.5296E+19   5.0122E+19   5.7452E+19   6.3141E+19   6.8476E+19   7.3108E+19   7.8102E+19   8.0782E+19   8.3238E+19   8.6815E+19   9.0262E+19   9.4621E+19   9.6925E+19
    1.3229E-02   7.3101E+18   9.5534E+18   1.4535E+19   2.4904E+19   3.0976E+19   3.6032E+19   4.2194E+19   4.9460E+19   5.4792E+19   6.2853E+19   6.9144E+19   7.5025E+19   8.0094E+19   8.5560E+19   8.8472E+19   9.1199E+19   9.5096E+19   9.8840E+19   1.0357E+20   1.0602E+20
    1.3855E-02   8.0008E+18   1.0451E+19   1.5835E+19   2.7165E+19   3.3787E+19   3.9320E+19   4.6088E+19   5.4089E+19   5.9965E+19   6.8815E+19   7.5748E+19   8.2216E+19   8.7759E+19   9.3734E+19   9.6898E+19   9.9914E+19   1.0415E+20   1.0822E+20   1.1334E+20   1.1593E+20
    1.4510E-02   8.7400E+18   1.1411E+19   1.7187E+19   2.9539E+19   3.6742E+19   4.2778E+19   5.0210E+19   5.9048E+19   6.5534E+19   7.5271E+19   8.2939E+19   9.0067E+19   9.6137E+19   1.0268E+20   1.0611E+20   1.0946E+20   1.1407E+20   1.1848E+20   1.2404E+20   1.2677E+20
    1.5196E-02   9.5471E+18   1.2460E+19   1.8658E+19   3.2119E+19   3.9954E+19   4.6533E+19   5.4688E+19   6.4449E+19   7.1604E+19   8.2318E+19   9.0797E+19   9.8650E+19   1.0530E+20   1.1245E+20   1.1619E+20   1.1990E+20   1.2490E+20   1.2970E+20   1.3572E+20   1.3860E+20
    1.5914E-02   1.0429E+19   1.3605E+19   2.0259E+19   3.4922E+19   4.3446E+19   5.0611E+19   5.9553E+19   7.0332E+19   7.8221E+19   9.0015E+19   9.9389E+19   1.0804E+20   1.1533E+20   1.2315E+20   1.2722E+20   1.3133E+20   1.3675E+20   1.4198E+20   1.4848E+20   1.5150E+20
    1.6667E-02   1.1391E+19   1.4857E+19   2.2002E+19   3.7967E+19   4.7243E+19   5.5041E+19   6.4837E+19   7.6739E+19   8.5434E+19   9.8421E+19   1.0878E+20   1.1832E+20   1.2631E+20   1.3487E+20   1.3930E+20   1.4383E+20   1.4971E+20   1.5540E+20   1.6242E+20   1.6558E+20
    1.7455E-02   1.2442E+19   1.6223E+19   2.3900E+19   4.1275E+19   5.1372E+19   5.9851E+19   7.0576E+19   8.3714E+19   9.3294E+19   1.0760E+20   1.1905E+20   1.2956E+20   1.3833E+20   1.4768E+20   1.5251E+20   1.5752E+20   1.6389E+20   1.7009E+20   1.7765E+20   1.8094E+20
    1.8281E-02   1.3590E+19   1.7716E+19   2.5968E+19   4.4867E+19   5.5862E+19   6.5077E+19   7.6808E+19   9.1305E+19   1.0186E+20   1.1762E+20   1.3028E+20   1.4185E+20   1.5149E+20   1.6171E+20   1.6697E+20   1.7251E+20   1.7938E+20   1.8615E+20   1.9429E+20   1.9768E+20
    1.9145E-02   1.4843E+19   1.9346E+19   2.8220E+19   4.8768E+19   6.0746E+19   7.0753E+19   8.3575E+19   9.9564E+19   1.1118E+20   1.2856E+20   1.4255E+20   1.5529E+20   1.6588E+20   1.7706E+20   1.8280E+20   1.8890E+20   1.9632E+20   2.0371E+20   2.1246E+20   2.1594E+20
    2.0051E-02   1.6211E+19   2.1126E+19   3.0675E+19   5.3002E+19   6.6058E+19   7.6919E+19   9.0922E+19   1.0855E+20   1.2134E+20   1.4050E+20   1.5596E+20   1.6999E+20   1.8163E+20   1.9385E+20   2.0012E+20   2.0684E+20   2.1485E+20   2.2291E+20   2.3229E+20   2.3584E+20
    2.0999E-02   1.7705E+19   2.3071E+19   3.3349E+19   5.7598E+19   7.1837E+19   8.3619E+19   9.8897E+19   1.1831E+20   1.3240E+20   1.5353E+20   1.7060E+20   1.8607E+20   1.9887E+20   2.1221E+20   2.1908E+20   2.2647E+20   2.3510E+20   2.4390E+20   2.5395E+20   2.5752E+20
    2.1992E-02   1.9336E+19   2.5195E+19   3.6265E+19   6.2584E+19   7.8123E+19   9.0898E+19   1.0755E+20   1.2893E+20   1.4444E+20   1.6775E+20   1.8660E+20   2.0364E+20   2.1772E+20   2.3230E+20   2.3982E+20   2.4794E+20   2.5723E+20   2.6685E+20   2.7759E+20   2.8114E+20
    2.3032E-02   2.1117E+19   2.7514E+19   3.9443E+19   6.7993E+19   8.4961E+19   9.8810E+19   1.1695E+20   1.4047E+20   1.5754E+20   1.8327E+20   2.0408E+20   2.2284E+20   2.3834E+20   2.5428E+20   2.6252E+20   2.7142E+20   2.8143E+20   2.9193E+20   3.0339E+20   3.0686E+20
    2.4121E-02   2.3061E+19   3.0047E+19   4.2908E+19   7.3861E+19   9.2401E+19   1.0741E+20   1.2715E+20   1.5301E+20   1.7179E+20   2.0020E+20   2.2317E+20   2.4383E+20   2.6089E+20   2.7831E+20   2.8734E+20   2.9710E+20   3.0787E+20   3.1933E+20   3.3153E+20   3.3487E+20
    2.5262E-02   2.5182E+19   3.2813E+19   4.6686E+19   8.0225E+19   1.0050E+20   1.1675E+20   1.3823E+20   1.6663E+20   1.8729E+20   2.1866E+20   2.4402E+20   2.6676E+20   2.8554E+20   3.0458E+20   3.1450E+20   3.2517E+20   3.3676E+20   3.4927E+20   3.6223E+20   3.6535E+20
    2.6456E-02   2.7498E+19   3.5833E+19   5.0806E+19   8.7126E+19   1.0930E+20   1.2691E+20   1.5025E+20   1.8142E+20   2.0416E+20   2.3879E+20   2.6678E+20   2.9182E+20   3.1249E+20   3.3331E+20   3.4420E+20   3.5587E+20   3.6834E+20   3.8196E+20   3.9570E+20   3.9852E+20
    2.7707E-02   3.0026E+19   3.9131E+19   5.5300E+19   9.4609E+19   1.1888E+20   1.3796E+20   1.6330E+20   1.9748E+20   2.2249E+20   2.6074E+20   2.9164E+20   3.1920E+20   3.4195E+20   3.6470E+20   3.7667E+20   3.8941E+20   4.0283E+20   4.1766E+20   4.3219E+20   4.3460E+20
    2.9018E-02   3.2785E+19   4.2732E+19   6.0201E+19   1.0272E+20   1.2931E+20   1.4997E+20   1.7746E+20   2.1491E+20   2.4243E+20   2.8467E+20   3.1876E+20   3.4910E+20   3.7414E+20   3.9902E+20   4.1217E+20   4.2606E+20   4.4051E+20   4.5663E+20   4.7196E+20   4.7384E+20
    3.0390E-02   3.5796E+19   4.6664E+19   6.5547E+19   1.1151E+20   1.4065E+20   1.6304E+20   1.9284E+20   2.3383E+20   2.6410E+20   3.1075E+20   3.4837E+20   3.8175E+20   4.0931E+20   4.3652E+20   4.5098E+20   4.6610E+20   4.8167E+20   4.9916E+20   5.1529E+20   5.1649E+20
    3.1827E-02   3.9081E+19   5.0957E+19   7.1380E+19   1.2104E+20   1.5299E+20   1.7725E+20   2.0954E+20   2.5437E+20   2.8765E+20   3.3917E+20   3.8068E+20   4.1742E+20   4.4772E+20   4.7750E+20   4.9340E+20   5.0983E+20   5.2662E+20   5.4555E+20   5.6249E+20   5.6285E+20
    3.3332E-02   4.2665E+19   5.5643E+19   7.7742E+19   1.3138E+20   1.6642E+20   1.9270E+20   2.2767E+20   2.7665E+20   3.1323E+20   3.7012E+20   4.1593E+20   4.5636E+20   4.8966E+20   5.2226E+20   5.3975E+20   5.5759E+20   5.7570E+20   5.9616E+20   6.1389E+20   6.1320E+20
    3.4908E-02   4.6575E+19   6.0758E+19   8.4684E+19   1.4258E+20   1.8102E+20   2.0952E+20   2.4736E+20   3.0083E+20   3.4103E+20   4.0384E+20   4.5438E+20   4.9887E+20   5.3546E+20   5.7114E+20   5.9038E+20   6.0973E+20   6.2928E+20   6.5135E+20   6.6985E+20   6.6789E+20
    3.6559E-02   5.0841E+19   6.6342E+19   9.2258E+19   1.5472E+20   1.9691E+20   2.2781E+20   2.6876E+20   3.2706E+20   3.7123E+20   4.4056E+20   4.9630E+20   5.4528E+20   5.8546E+20   6.2453E+20   6.4568E+20   6.6664E+20   6.8777E+20   7.1151E+20   7.3076E+20   7.2725E+20
    3.8288E-02   5.5494E+19   7.2437E+19   1.0052E+20   1.6788E+20   2.1419E+20   2.4771E+20   2.9199E+20   3.5553E+20   4.0403E+20   4.8054E+20   5.4201E+20   5.9593E+20   6.4003E+20   6.8282E+20   7.0607E+20   7.2875E+20   7.5160E+20   7.7708E+20   7.9703E+20   7.9168E+20
    4.0099E-02   6.0568E+19   7.9088E+19   1.0954E+20   1.8216E+20   2.3298E+20   2.6938E+20   3.1724E+20   3.8641E+20   4.3965E+20   5.2405E+20   5.9183E+20   6.5121E+20   6.9958E+20   7.4645E+20   7.7201E+20   7.9651E+20   8.2125E+20   8.4853E+20   8.6911E+20   8.6156E+20
    4.1995E-02   6.6101E+19   8.6346E+19   1.1938E+20   1.9764E+20   2.5342E+20   2.9295E+20   3.4467E+20   4.1990E+20   4.7832E+20   5.7141E+20   6.4612E+20   7.1151E+20   7.6456E+20   8.1590E+20   8.4397E+20   8.7044E+20   8.9724E+20   9.2636E+20   9.4751E+20   9.3734E+20
    4.3981E-02   7.2133E+19   9.4266E+19   1.3011E+20   2.1442E+20   2.7564E+20   3.1860E+20   3.7449E+20   4.5624E+20   5.2031E+20   6.2293E+20   7.0526E+20   7.7730E+20   8.3546E+20   8.9169E+20   9.2251E+20   9.5108E+20   9.8011E+20   1.0111E+21   1.0327E+21   1.0195E+21
    4.6061E-02   7.8709E+19   1.0291E+20   1.4183E+20   2.3263E+20   2.9980E+20   3.4652E+20   4.0690E+20   4.9567E+20   5.6590E+20   6.7896E+20   7.6967E+20   8.4904E+20   9.1280E+20   9.7438E+20   1.0082E+21   1.0390E+21   1.0705E+21   1.1034E+21   1.1254E+21   1.1085E+21
    4.8239E-02   8.5877E+19   1.1233E+20   1.5461E+20   2.5239E+20   3.2607E+20   3.7692E+20   4.4213E+20   5.3845E+20   6.1537E+20   7.3990E+20   8.3981E+20   9.2727E+20   9.9716E+20   1.0646E+21   1.1017E+21   1.1349E+21   1.1690E+21   1.2039E+21   1.2260E+21   1.2049E+21
    5.0520E-02   9.3688E+19   1.2262E+20   1.6856E+20   2.7383E+20   3.5463E+20   4.0999E+20   4.8044E+20   5.8487E+20   6.6908E+20   8.0617E+20   9.1616E+20   1.0126E+21   1.0892E+21   1.1630E+21   1.2036E+21   1.2394E+21   1.2764E+21   1.3133E+21   1.3354E+21   1.3093E+21
    5.2909E-02   1.0220E+20   1.3383E+20   1.8378E+20   2.9711E+20   3.8568E+20   4.4601E+20   5.2211E+20   6.3527E+20   7.2739E+20   8.7824E+20   9.9931E+20   1.1056E+21   1.1895E+21   1.2703E+21   1.3148E+21   1.3534E+21   1.3934E+21   1.4323E+21   1.4542E+21   1.4222E+21
    5.5411E-02   1.1149E+20   1.4612E+20   2.0053E+20   3.2282E+20   4.1975E+20   4.8551E+20   5.6778E+20   6.9033E+20   7.9100E+20   9.5675E+20   1.0899E+21   1.2069E+21   1.2989E+21   1.3873E+21   1.4359E+21   1.4774E+21   1.5207E+21   1.5616E+21   1.5830E+21   1.5443E+21
    5.8032E-02   1.2159E+20   1.5945E+20   2.1866E+20   3.5030E+20   4.5646E+20   5.2822E+20   6.1711E+20   7.4974E+20   8.5972E+20   1.0419E+21   1.1884E+21   1.3174E+21   1.4181E+21   1.5148E+21   1.5680E+21   1.6127E+21   1.6595E+21   1.7023E+21   1.7229E+21   1.6764E+21
    6.0776E-02   1.3257E+20   1.7399E+20   2.3843E+20   3.8014E+20   4.9634E+20   5.7468E+20   6.7076E+20   8.1420E+20   9.3426E+20   1.1344E+21   1.2954E+21   1.4376E+21   1.5480E+21   1.6538E+21   1.7119E+21   1.7599E+21   1.8106E+21   1.8553E+21   1.8746E+21   1.8191E+21
    6.3650E-02   1.4453E+20   1.8983E+20   2.6000E+20   4.1256E+20   5.3966E+20   6.2526E+20   7.2913E+20   8.8417E+20   1.0151E+21   1.2348E+21   1.4118E+21   1.5685E+21   1.6894E+21   1.8052E+21   1.8686E+21   1.9202E+21   1.9749E+21   2.0214E+21   2.0391E+21   1.9732E+21
    6.6660E-02   1.5754E+20   2.0710E+20   2.8352E+20   4.4778E+20   5.8674E+20   6.8031E+20   7.9264E+20   9.6014E+20   1.1029E+21   1.3439E+21   1.5384E+21   1.7110E+21   1.8434E+21   1.9701E+21   2.0392E+21   2.0946E+21   2.1537E+21   2.2019E+21   2.2173E+21   2.1395E+21
    6.9813E-02   1.7170E+20   2.2592E+20   3.0919E+20   4.8605E+20   6.3787E+20   7.4021E+20   8.6174E+20   1.0426E+21   1.1981E+21   1.4623E+21   1.6761E+21   1.8661E+21   2.0111E+21   2.1497E+21   2.2250E+21   2.2844E+21   2.3480E+21   2.3978E+21   2.4104E+21   2.3189E+21
    7.3114E-02   1.8709E+20   2.4641E+20   3.3717E+20   5.2765E+20   6.9341E+20   8.0541E+20   9.3694E+20   1.1322E+21   1.3015E+21   1.5909E+21   1.8257E+21   2.0349E+21   2.1936E+21   2.3452E+21   2.4273E+21   2.4907E+21   2.5594E+21   2.6105E+21   2.6194E+21   2.5123E+21
    7.6571E-02   2.0383E+20   2.6873E+20   3.6769E+20   5.7287E+20   7.5375E+20   8.7636E+20   1.0188E+21   1.2295E+21   1.4136E+21   1.7304E+21   1.9883E+21   2.2186E+21   2.3921E+21   2.5580E+21   2.6473E+21   2.7151E+21   2.7890E+21   2.8413E+21   2.8456E+21   2.7208E+21
    8.0193E-02   2.2202E+20   2.9304E+20   4.0097E+20   6.2204E+20   8.1928E+20   9.5357E+20   1.1079E+21   1.3352E+21   1.5353E+21   1.8819E+21   2.1651E+21   2.4183E+21   2.6081E+21   2.7895E+21   2.8867E+21   2.9591E+21   3.0384E+21   3.0916E+21   3.0903E+21   2.9452E+21
    8.3985E-02   2.4179E+20   3.1951E+20   4.3725E+20   6.7551E+20   8.9046E+20   1.0376E+21   1.2048E+21   1.4501E+21   1.6674E+21   2.0463E+21   2.3572E+21   2.6355E+21   2.8429E+21   3.0414E+21   3.1471E+21   3.2241E+21   3.3093E+21   3.3631E+21   3.3548E+21   3.1868E+21
    8.7956E-02   2.6326E+20   3.4831E+20   4.7681E+20   7.3367E+20   9.6776E+20   1.1290E+21   1.3103E+21   1.5749E+21   1.8108E+21   2.2246E+21   2.5659E+21   2.8716E+21   3.0982E+21   3.3154E+21   3.4301E+21   3.5119E+21   3.6034E+21   3.6573E+21   3.6406E+21   3.4466E+21
    9.2116E-02   2.8657E+20   3.7965E+20   5.1992E+20   7.9694E+20   1.0517E+21   1.2284E+21   1.4252E+21   1.7105E+21   1.9664E+21   2.4181E+21   2.7926E+21   3.1282E+21   3.3756E+21   3.6132E+21   3.7377E+21   3.8245E+21   3.9225E+21   3.9760E+21   3.9493E+21   3.7258E+21
    9.6472E-02   3.1187E+20   4.1375E+20   5.6691E+20   8.6577E+20   1.1429E+21   1.3366E+21   1.5502E+21   1.8579E+21   2.1353E+21   2.6280E+21   3.0390E+21   3.4070E+21   3.6770E+21   3.9369E+21   4.0718E+21   4.1637E+21   4.2685E+21   4.3212E+21   4.2824E+21   4.0258E+21
    1.0103E-01   3.3932E+20   4.5084E+20   6.1811E+20   9.4066E+20   1.2420E+21   1.4543E+21   1.6863E+21   2.0181E+21   2.3186E+21   2.8557E+21   3.3065E+21   3.7099E+21   4.0045E+21   4.2886E+21   4.4346E+21   4.5318E+21   4.6438E+21   4.6948E+21   4.6417E+21   4.3479E+21
    1.0581E-01   3.6909E+20   4.9116E+20   6.7389E+20   1.0221E+21   1.3495E+21   1.5823E+21   1.8344E+21   2.1922E+21   2.5177E+21   3.1027E+21   3.5970E+21   4.0388E+21   4.3601E+21   4.6705E+21   4.8285E+21   4.9310E+21   5.0504E+21   5.0991E+21   5.0290E+21   4.6934E+21
    1.1082E-01   4.0136E+20   5.3499E+20   7.3465E+20   1.1108E+21   1.4664E+21   1.7215E+21   1.9956E+21   2.3815E+21   2.7337E+21   3.3706E+21   3.9123E+21   4.3958E+21   4.7461E+21   5.0852E+21   5.2560E+21   5.3639E+21   5.4909E+21   5.5363E+21   5.4464E+21   5.0638E+21
    1.1606E-01   4.3632E+20   5.8261E+20   8.0082E+20   1.2073E+21   1.5933E+21   1.8729E+21   2.1711E+21   2.5874E+21   2.9683E+21   3.6611E+21   4.2547E+21   4.7834E+21   5.1652E+21   5.5353E+21   5.7197E+21   5.8330E+21   5.9679E+21   6.0089E+21   5.8958E+21   5.4607E+21
    1.2154E-01   4.7418E+20   6.3434E+20   8.7287E+20   1.3124E+21   1.7312E+21   2.0375E+21   2.3620E+21   2.8112E+21   3.2230E+21   3.9762E+21   4.6263E+21   5.2041E+21   5.6200E+21   6.0237E+21   6.2224E+21   6.3413E+21   6.4842E+21   6.5194E+21   6.3793E+21   5.8855E+21
    1.2729E-01   5.1516E+20   6.9050E+20   9.5131E+20   1.4267E+21   1.8810E+21   2.2166E+21   2.5698E+21   3.0545E+21   3.4996E+21   4.3178E+21   5.0295E+21   5.6604E+21   6.1133E+21   6.5533E+21   6.7674E+21   6.8918E+21   7.0427E+21   7.0707E+21   6.8994E+21   6.3400E+21
    1.3331E-01   5.5949E+20   7.5147E+20   1.0367E+21   1.5511E+21   2.0437E+21   2.4112E+21   2.7960E+21   3.3192E+21   3.7998E+21   4.6884E+21   5.4668E+21   6.1555E+21   6.6484E+21   7.1276E+21   7.3579E+21   7.4877E+21   7.6466E+21   7.6657E+21   7.4584E+21   6.8259E+21
    1.3962E-01   6.0741E+20   8.1761E+20   1.1296E+21   1.6865E+21   2.2205E+21   2.6228E+21   3.0420E+21   3.6069E+21   4.1259E+21   5.0902E+21   5.9412E+21   6.6923E+21   7.2286E+21   7.7499E+21   7.9974E+21   8.1326E+21   8.2994E+21   8.3074E+21   8.0588E+21   7.3450E+21
    1.4622E-01   6.5920E+20   8.8935E+20   1.2306E+21   1.8338E+21   2.4125E+21   2.8529E+21   3.3098E+21   3.9198E+21   4.4799E+21   5.5260E+21   6.4555E+21   7.2744E+21   7.8576E+21   8.4241E+21   8.6898E+21   8.8302E+21   9.0046E+21   8.9991E+21   8.7033E+21   7.8990E+21
    1.5313E-01   7.1512E+20   9.6711E+20   1.3405E+21   1.9942E+21   2.6212E+21   3.1029E+21   3.6010E+21   4.2600E+21   4.8643E+21   5.9985E+21   7.0131E+21   7.9054E+21   8.5392E+21   9.1542E+21   9.4392E+21   9.5844E+21   9.7660E+21   9.7443E+21   9.3946E+21   8.4899E+21
    1.6038E-01   7.7547E+20   1.0514E+21   1.4599E+21   2.1686E+21   2.8479E+21   3.3747E+21   3.9178E+21   4.6300E+21   5.2817E+21   6.5110E+21   7.6174E+21   8.5893E+21   9.2776E+21   9.9445E+21   1.0250E+22   1.0399E+22   1.0588E+22   1.0547E+22   1.0136E+22   9.1196E+21
    1.6796E-01   8.4054E+20   1.1426E+21   1.5898E+21   2.3585E+21   3.0941E+21   3.6701E+21   4.2624E+21   5.0322E+21   5.7349E+21   7.0667E+21   8.2722E+21   9.3304E+21   1.0077E+22   1.0800E+22   1.1126E+22   1.1280E+22   1.1474E+22   1.1410E+22   1.0930E+22   9.7899E+21
    1.7590E-01   9.1068E+20   1.2414E+21   1.7308E+21   2.5651E+21   3.3617E+21   3.9910E+21   4.6371E+21   5.4696E+21   6.2271E+21   7.6693E+21   8.9815E+21   1.0133E+22   1.0943E+22   1.1725E+22   1.2074E+22   1.2230E+22   1.2430E+22   1.2338E+22   1.1780E+22   1.0503E+22
    1.8422E-01   9.8620E+20   1.3483E+21   1.8841E+21   2.7898E+21   3.6524E+21   4.3397E+21   5.0445E+21   5.9450E+21   6.7614E+21   8.3227E+21   9.7499E+21   1.1003E+22   1.1880E+22   1.2724E+22   1.3098E+22   1.3256E+22   1.3459E+22   1.3336E+22   1.2689E+22   1.1261E+22
    1.9293E-01   1.0675E+21   1.4639E+21   2.0504E+21   3.0342E+21   3.9682E+21   4.7184E+21   5.4874E+21   6.4617E+21   7.3416E+21   9.0313E+21   1.0582E+22   1.1944E+22   1.2894E+22   1.3805E+22   1.4203E+22   1.4362E+22   1.4568E+22   1.4407E+22   1.3661E+22   1.2065E+22
    2.0206E-01   1.1548E+21   1.5887E+21   2.2309E+21   3.3000E+21   4.3113E+21   5.1299E+21   5.9689E+21   7.0234E+21   7.9715E+21   9.7996E+21   1.1483E+22   1.2963E+22   1.3991E+22   1.4972E+22   1.5396E+22   1.5554E+22   1.5760E+22   1.5556E+22   1.4699E+22   1.2919E+22
    2.1161E-01   1.2487E+21   1.7236E+21   2.4268E+21   3.5890E+21   4.6840E+21   5.5768E+21   6.4921E+21   7.6337E+21   8.6553E+21   1.0633E+22   1.2459E+22   1.4066E+22   1.5177E+22   1.6232E+22   1.6683E+22   1.6838E+22   1.7043E+22   1.6789E+22   1.5806E+22   1.3823E+22
    2.2162E-01   1.3494E+21   1.8692E+21   2.6392E+21   3.9033E+21   5.0889E+21   6.0620E+21   7.0605E+21   8.2969E+21   9.3977E+21   1.1536E+22   1.3515E+22   1.5260E+22   1.6459E+22   1.7592E+22   1.8070E+22   1.8221E+22   1.8421E+22   1.8109E+22   1.6987E+22   1.4780E+22
    2.3210E-01   1.4574E+21   2.0262E+21   2.8694E+21   4.2448E+21   5.5286E+21   6.5889E+21   7.6780E+21   9.0172E+21   1.0203E+22   1.2515E+22   1.4658E+22   1.6550E+22   1.7844E+22   1.9058E+22   1.9565E+22   1.9709E+22   1.9902E+22   1.9524E+22   1.8246E+22   1.5792E+22
    2.4307E-01   1.5730E+21   2.1954E+21   3.1188E+21   4.6159E+21   6.0061E+21   7.1609E+21   8.3485E+21   9.7996E+21   1.1078E+22   1.3576E+22   1.5894E+22   1.7945E+22   1.9339E+22   2.0639E+22   2.1175E+22   2.1309E+22   2.1490E+22   2.1037E+22   1.9586E+22   1.6861E+22
    2.5457E-01   1.6968E+21   2.3776E+21   3.3889E+21   5.0191E+21   6.5246E+21   7.7816E+21   9.0766E+21   1.0649E+22   1.2027E+22   1.4725E+22   1.7232E+22   1.9452E+22   2.0953E+22   2.2343E+22   2.2907E+22   2.3028E+22   2.3194E+22   2.2655E+22   2.1010E+22   1.7988E+22
    2.6661E-01   1.8291E+21   2.5738E+21   3.6813E+21   5.4569E+21   7.0875E+21   8.4552E+21   9.8669E+21   1.1571E+22   1.3057E+22   1.5971E+22   1.8680E+22   2.1081E+22   2.2695E+22   2.4177E+22   2.4769E+22   2.4874E+22   2.5019E+22   2.4383E+22   2.2524E+22   1.9176E+22
    2.7922E-01   1.9703E+21   2.7847E+21   3.9975E+21   5.9323E+21   7.6984E+21   9.1859E+21   1.0724E+22   1.2572E+22   1.4174E+22   1.7320E+22   2.0245E+22   2.2839E+22   2.4574E+22   2.6152E+22   2.6771E+22   2.6856E+22   2.6974E+22   2.6228E+22   2.4130E+22   2.0426E+22
    2.9242E-01   2.1209E+21   3.0112E+21   4.3394E+21   6.4483E+21   8.3615E+21   9.9784E+21   1.1655E+22   1.3658E+22   1.5385E+22   1.8781E+22   2.1938E+22   2.4737E+22   2.6599E+22   2.8276E+22   2.8920E+22   2.8981E+22   2.9065E+22   2.8195E+22   2.5833E+22   2.1740E+22
    3.0625E-01   2.2813E+21   3.2544E+21   4.7088E+21   7.0081E+21   9.0808E+21   1.0838E+22   1.2663E+22   1.4835E+22   1.6698E+22   2.0362E+22   2.3767E+22   2.6784E+22   2.8781E+22   3.0559E+22   3.1226E+22   3.1259E+22   3.1300E+22   3.0292E+22   2.7638E+22   2.3120E+22
    3.2073E-01   2.4519E+21   3.5152E+21   5.1077E+21   7.6153E+21   9.8611E+21   1.1769E+22   1.3757E+22   1.6112E+22   1.8122E+22   2.2074E+22   2.5744E+22   2.8991E+22   3.1131E+22   3.3013E+22   3.3698E+22   3.3699E+22   3.3688E+22   3.2523E+22   2.9546E+22   2.4567E+22
    3.3590E-01   2.6331E+21   3.7946E+21   5.5381E+21   8.2734E+21   1.0707E+22   1.2779E+22   1.4942E+22   1.7495E+22   1.9664E+22   2.3925E+22   2.7879E+22   3.1369E+22   3.3660E+22   3.5646E+22   3.6347E+22   3.6310E+22   3.6235E+22   3.4897E+22   3.1564E+22   2.6083E+22
    3.5178E-01   2.8253E+21   4.0937E+21   6.0022E+21   8.9866E+21   1.1624E+22   1.3872E+22   1.6225E+22   1.8993E+22   2.1335E+22   2.5928E+22   3.0184E+22   3.3932E+22   3.6379E+22   3.8472E+22   3.9183E+22   3.9102E+22   3.8952E+22   3.7419E+22   3.3694E+22   2.7670E+22
    3.6842E-01   3.0289E+21   4.4133E+21   6.5023E+21   9.7590E+21   1.2617E+22   1.5056E+22   1.7614E+22   2.0616E+22   2.3144E+22   2.8093E+22   3.2672E+22   3.6690E+22   3.9303E+22   4.1500E+22   4.2216E+22   4.2085E+22   4.1846E+22   4.0097E+22   3.5940E+22   2.9329E+22
    3.8584E-01   3.2441E+21   4.7546E+21   7.0406E+21   1.0595E+22   1.3693E+22   1.6337E+22   1.9118E+22   2.2372E+22   2.5101E+22   3.0431E+22   3.5355E+22   3.9658E+22   4.2443E+22   4.4745E+22   4.5458E+22   4.5270E+22   4.4926E+22   4.2937E+22   3.8306E+22   3.1062E+22
    4.0409E-01   3.4713E+21   5.1187E+21   7.6198E+21   1.1500E+22   1.4858E+22   1.7722E+22   2.0744E+22   2.4271E+22   2.7218E+22   3.2957E+22   3.8248E+22   4.2849E+22   4.5814E+22   4.8217E+22   4.8920E+22   4.8668E+22   4.8200E+22   4.5945E+22   4.0795E+22   3.2871E+22
    4.2320E-01   3.7107E+21   5.5065E+21   8.2424E+21   1.2478E+22   1.6118E+22   1.9221E+22   2.2501E+22   2.6324E+22   2.9506E+22   3.5684E+22   4.1365E+22   4.6279E+22   4.9430E+22   5.1930E+22   5.2613E+22   5.2288E+22   5.1679E+22   4.9129E+22   4.3411E+22   3.4757E+22
    4.4321E-01   3.9625E+21   5.9190E+21   8.9109E+21   1.3534E+22   1.7480E+22   2.0840E+22   2.4400E+22   2.8543E+22   3.1978E+22   3.8625E+22   4.4721E+22   4.9962E+22   5.3306E+22   5.5897E+22   5.6550E+22   5.6143E+22   5.5371E+22   5.2495E+22   4.6158E+22   3.6723E+22
    4.6417E-01   4.2268E+21   6.3572E+21   9.6280E+21   1.4675E+22   1.8952E+22   2.2588E+22   2.6449E+22   3.0938E+22   3.4647E+22   4.1797E+22   4.8332E+22   5.3915E+22   5.7456E+22   6.0133E+22   6.0743E+22   6.0244E+22   5.9284E+22   5.6049E+22   4.9039E+22   3.8770E+22
    4.8612E-01   4.5038E+21   6.8219E+21   1.0397E+22   1.5907E+22   2.0542E+22   2.4475E+22   2.8661E+22   3.3522E+22   3.7527E+22   4.5213E+22   5.2215E+22   5.8154E+22   6.1898E+22   6.4650E+22   6.5204E+22   6.4601E+22   6.3429E+22   5.9799E+22   5.2058E+22   4.0902E+22
    5.0911E-01   4.7876E+21   7.3100E+21   1.1216E+22   1.7232E+22   2.2256E+22   2.6509E+22   3.1044E+22   3.6308E+22   4.0632E+22   4.8892E+22   5.6387E+22   6.2696E+22   6.6647E+22   6.9462E+22   6.9947E+22   6.9227E+22   6.7814E+22   6.3749E+22   5.5218E+22   4.3120E+22
    5.3318E-01   5.0884E+21   7.8297E+21   1.2095E+22   1.8661E+22   2.4105E+22   2.8701E+22   3.3611E+22   3.9309E+22   4.3977E+22   5.2849E+22   6.0866E+22   6.7559E+22   7.1720E+22   7.4585E+22   7.4983E+22   7.4132E+22   7.2448E+22   6.7907E+22   5.8523E+22   4.5429E+22
    5.5840E-01   5.4016E+21   8.3781E+21   1.3034E+22   2.0199E+22   2.6097E+22   3.1061E+22   3.6373E+22   4.2539E+22   4.7578E+22   5.7103E+22   6.5669E+22   7.2760E+22   7.7133E+22   8.0032E+22   8.0327E+22   7.9328E+22   7.7340E+22   7.2279E+22   6.1977E+22   4.7832E+22
    5.8480E-01   5.7265E+21   8.9557E+21   1.4035E+22   2.1851E+22   2.8240E+22   3.3598E+22   3.9343E+22   4.6013E+22   5.1450E+22   6.1671E+22   7.0816E+22   7.8318E+22   8.2903E+22   8.5817E+22   8.5991E+22   8.4825E+22   8.2499E+22   7.6870E+22   6.5584E+22   5.0333E+22
    6.1246E-01   6.0627E+21   9.5627E+21   1.5101E+22   2.3626E+22   3.0544E+22   3.6325E+22   4.2533E+22   4.9744E+22   5.5609E+22   6.6572E+22   7.6326E+22   8.4251E+22   8.9047E+22   9.1956E+22   9.1987E+22   9.0636E+22   8.7933E+22   8.1687E+22   6.9350E+22   5.2938E+22
    6.4142E-01   6.4094E+21   1.0199E+22   1.6234E+22   2.5530E+22   3.3017E+22   3.9251E+22   4.5956E+22   5.3748E+22   6.0074E+22   7.1825E+22   8.2218E+22   9.0579E+22   9.5582E+22   9.8463E+22   9.8329E+22   9.6769E+22   9.3652E+22   8.6736E+22   7.3279E+22   5.5652E+22
    6.7175E-01   6.7586E+21   1.0861E+22   1.7434E+22   2.7566E+22   3.5669E+22   4.2386E+22   4.9623E+22   5.8039E+22   6.4860E+22   7.7449E+22   8.8511E+22   9.7319E+22   1.0253E+23   1.0535E+23   1.0503E+23   1.0324E+23   9.9663E+22   9.2024E+22   7.7378E+22   5.8482E+22
    7.0352E-01   7.1234E+21   1.1556E+22   1.8708E+22   2.9747E+22   3.8510E+22   4.5744E+22   5.3548E+22   6.2635E+22   6.9985E+22   8.3463E+22   9.5225E+22   1.0449E+23   1.0989E+23   1.1263E+23   1.1210E+23   1.1005E+23   1.0597E+23   9.7557E+22   8.1653E+22   6.1437E+22
    7.3679E-01   7.4945E+21   1.2279E+22   2.0056E+22   3.2076E+22   4.1549E+22   4.9333E+22   5.7743E+22   6.7548E+22   7.5466E+22   8.9887E+22   1.0238E+23   1.1211E+23   1.1770E+23   1.2033E+23   1.1955E+23   1.1721E+23   1.1260E+23   1.0334E+23   8.6112E+22   6.4525E+22
    7.7163E-01   7.8692E+21   1.3029E+22   2.1479E+22   3.4559E+22   4.4794E+22   5.3164E+22   6.2221E+22   7.2794E+22   8.1320E+22   9.6739E+22   1.0999E+23   1.2020E+23   1.2597E+23   1.2844E+23   1.2739E+23   1.2474E+23   1.1953E+23   1.0939E+23   9.0764E+22   6.7757E+22
    8.0812E-01   8.2515E+21   1.3807E+22   2.2978E+22   3.7203E+22   4.8253E+22   5.7248E+22   6.6995E+22   7.8389E+22   8.7564E+22   1.0404E+23   1.1809E+23   1.2878E+23   1.3471E+23   1.3699E+23   1.3564E+23   1.3264E+23   1.2680E+23   1.1570E+23   9.5619E+22   7.1144E+22
    8.4634E-01   8.6372E+21   1.4611E+22   2.4556E+22   4.0015E+22   5.1939E+22   6.1597E+22   7.2078E+22   8.4349E+22   9.4217E+22   1.1181E+23   1.2668E+23   1.3786E+23   1.4394E+23   1.4599E+23   1.4431E+23   1.4092E+23   1.3440E+23   1.2229E+23   1.0069E+23   7.4701E+22
    8.8636E-01   8.7933E+21   1.5278E+22   2.6102E+22   4.2932E+22   5.5810E+22   6.6187E+22   7.7455E+22   9.0667E+22   1.0128E+23   1.2005E+23   1.3578E+23   1.4746E+23   1.5366E+23   1.5545E+23   1.5340E+23   1.4959E+23   1.4235E+23   1.2917E+23   1.0599E+23   7.8442E+22
    9.2828E-01   9.1635E+21   1.6113E+22   2.7823E+22   4.6082E+22   5.9955E+22   7.1080E+22   8.3178E+22   9.7387E+22   1.0879E+23   1.2879E+23   1.4541E+23   1.5759E+23   1.6390E+23   1.6538E+23   1.6293E+23   1.5867E+23   1.5065E+23   1.3635E+23   1.1153E+23   8.2386E+22
    9.7218E-01   9.5287E+21   1.6962E+22   2.9614E+22   4.9404E+22   6.4334E+22   7.6250E+22   8.9228E+22   1.0450E+23   1.1674E+23   1.3805E+23   1.5559E+23   1.6826E+23   1.7467E+23   1.7579E+23   1.7291E+23   1.6815E+23   1.5932E+23   1.4385E+23   1.1733E+23   8.6552E+22
    1.0182E+00   9.8866E+21   1.7823E+22   3.1474E+22   5.2900E+22   6.8953E+22   8.1704E+22   9.5614E+22   1.1201E+23   1.2514E+23   1.4783E+23   1.6631E+23   1.7949E+23   1.8597E+23   1.8669E+23   1.8335E+23   1.7806E+23   1.6837E+23   1.5167E+23   1.2342E+23   9.0961E+22
    1.0663E+00   1.0234E+22   1.8692E+22   3.3401E+22   5.6570E+22   7.3811E+22   8.7444E+22   1.0234E+23   1.1994E+23   1.3401E+23   1.5814E+23   1.7760E+23   1.9129E+23   1.9781E+23   1.9810E+23   1.9425E+23   1.8840E+23   1.7782E+23   1.5985E+23   1.2981E+23   9.5639E+22
    1.1167E+00   1.0569E+22   1.9564E+22   3.5388E+22   6.0413E+22   7.8909E+22   9.3472E+22   1.0941E+23   1.2828E+23   1.4335E+23   1.6899E+23   1.8947E+23   2.0367E+23   2.1022E+23   2.1002E+23   2.0564E+23   1.9918E+23   1.8768E+23   1.6839E+23   1.3653E+23   1.0061E+23
    1.1695E+00   1.0884E+22   2.0431E+22   3.7430E+22   6.4422E+22   8.4243E+22   9.9783E+22   1.1682E+23   1.3704E+23   1.5317E+23   1.8039E+23   2.0192E+23   2.1663E+23   2.2318E+23   2.2246E+23   2.1753E+23   2.1044E+23   1.9797E+23   1.7733E+23   1.4361E+23   1.0592E+23
    1.2248E+00   1.1151E+22   2.1284E+22   3.9519E+22   6.8593E+22   8.9808E+22   1.0637E+23   1.2457E+23   1.4622E+23   1.6347E+23   1.9235E+23   2.1495E+23   2.3018E+23   2.3672E+23   2.3544E+23   2.2993E+23   2.2217E+23   2.0872E+23   1.8669E+23   1.5108E+23   1.1158E+23
    1.2828E+00   1.1423E+22   2.2128E+22   4.1648E+22   7.2917E+22   9.5594E+22   1.1324E+23   1.3266E+23   1.5581E+23   1.7424E+23   2.0486E+23   2.2858E+23   2.4433E+23   2.5084E+23   2.4898E+23   2.4286E+23   2.3441E+23   2.1996E+23   1.9650E+23   1.5898E+23   1.1764E+23
    1.3434E+00   1.1663E+22   2.2946E+22   4.3804E+22   7.7383E+22   1.0159E+23   1.2036E+23   1.4107E+23   1.6581E+23   1.8549E+23   2.1793E+23   2.4280E+23   2.5909E+23   2.6556E+23   2.6308E+23   2.5634E+23   2.4718E+23   2.3170E+23   2.0681E+23   1.6735E+23   1.2414E+23
    1.4070E+00   1.1500E+22   2.3460E+22   4.5807E+22   8.1887E+22   1.0774E+23   1.2770E+23   1.4977E+23   1.7620E+23   1.9720E+23   2.3154E+23   2.5760E+23   2.7444E+23   2.8087E+23   2.7776E+23   2.7040E+23   2.6051E+23   2.4399E+23   2.1764E+23   1.7623E+23   1.3113E+23
    1.4735E+00   1.1671E+22   2.4202E+22   4.7975E+22   8.6584E+22   1.1410E+23   1.3530E+23   1.5878E+23   1.8698E+23   2.0936E+23   2.4570E+23   2.7300E+23   2.9041E+23   2.9680E+23   2.9306E+23   2.8506E+23   2.7442E+23   2.5686E+23   2.2904E+23   1.8568E+23   1.3866E+23
    1.5432E+00   1.1810E+22   2.4897E+22   5.0127E+22   9.1366E+22   1.2062E+23   1.4310E+23   1.6806E+23   1.9813E+23   2.2197E+23   2.6039E+23   2.8898E+23   3.0699E+23   3.1336E+23   3.0898E+23   3.0035E+23   2.8896E+23   2.7036E+23   2.4107E+23   1.9575E+23   1.4678E+23
    1.6162E+00   1.1908E+22   2.5534E+22   5.2247E+22   9.6210E+22   1.2726E+23   1.5108E+23   1.7759E+23   2.0962E+23   2.3499E+23   2.7560E+23   3.0554E+23   3.2418E+23   3.3055E+23   3.2555E+23   3.1630E+23   3.0416E+23   2.8454E+23   2.5378E+23   2.0649E+23   1.5554E+23
    1.6926E+00   1.1932E+22   2.6088E+22   5.4309E+22   1.0109E+23   1.3400E+23   1.5920E+23   1.8735E+23   2.2143E+23   2.4842E+23   2.9132E+23   3.2268E+23   3.4200E+23   3.4841E+23   3.4282E+23   3.3297E+23   3.2008E+23   2.9944E+23   2.6722E+23   2.1798E+23   1.6503E+23
    1.7726E+00   1.1654E+22   2.6503E+22   5.6298E+22   1.0598E+23   1.4081E+23   1.6745E+23   1.9729E+23   2.3354E+23   2.6223E+23   3.0754E+23   3.4039E+23   3.6046E+23   3.6695E+23   3.6082E+23   3.5039E+23   3.3676E+23   3.1513E+23   2.8148E+23   2.3028E+23   1.7530E+23
    1.8564E+00   1.1178E+22   2.6853E+22   5.8207E+22   1.1085E+23   1.4766E+23   1.7579E+23   2.0740E+23   2.4592E+23   2.7639E+23   3.2424E+23   3.5868E+23   3.7956E+23   3.8620E+23   3.7958E+23   3.6862E+23   3.5427E+23   3.3168E+23   2.9660E+23   2.4347E+23   1.8643E+23
    1.9442E+00   1.1036E+22   2.7128E+22   5.9989E+22   1.1567E+23   1.5452E+23   1.8418E+23   2.1764E+23   2.5855E+23   2.9089E+23   3.4142E+23   3.7754E+23   3.9932E+23   4.0620E+23   3.9916E+23   3.8771E+23   3.7267E+23   3.4915E+23   3.1268E+23   2.5764E+23   1.9850E+23
    2.0362E+00   1.0262E+22   2.6618E+22   6.1226E+22   1.2022E+23   1.6124E+23   1.9254E+23   2.2794E+23   2.7136E+23   3.0569E+23   3.5904E+23   3.9697E+23   4.1976E+23   4.2697E+23   4.1961E+23   4.0772E+23   3.9203E+23   3.6763E+23   3.2980E+23   2.7286E+23   2.1159E+23
    2.1325E+00   9.8777E+21   2.6384E+22   6.2520E+22   1.2474E+23   1.6794E+23   2.0090E+23   2.3832E+23   2.8437E+23   3.2077E+23   3.7712E+23   4.1699E+23   4.4091E+23   4.4857E+23   4.4098E+23   4.2873E+23   4.1242E+23   3.8719E+23   3.4805E+23   2.8923E+23   2.2581E+23
    2.2333E+00   9.6564E+21   2.6359E+22   6.3849E+22   1.2918E+23   1.7456E+23   2.0921E+23   2.4870E+23   2.9751E+23   3.3611E+23   3.9563E+23   4.3759E+23   4.6278E+23   4.7102E+23   4.6335E+23   4.5081E+23   4.3393E+23   4.0792E+23   3.6751E+23   3.0686E+23   2.4124E+23
    2.3389E+00   9.3056E+21   2.6114E+22   6.4923E+22   1.3340E+23   1.8100E+23   2.1739E+23   2.5906E+23   3.1075E+23   3.5167E+23   4.1457E+23   4.5879E+23   4.8542E+23   4.9440E+23   4.8677E+23   4.7402E+23   4.5664E+23   4.2991E+23   3.8829E+23   3.2583E+23   2.5798E+23
    2.4495E+00   8.2392E+21   2.5207E+22   6.5684E+22   1.3738E+23   1.8723E+23   2.2543E+23   2.6935E+23   3.2407E+23   3.6743E+23   4.3393E+23   4.8060E+23   5.0885E+23   5.1874E+23   5.1132E+23   4.9847E+23   4.8064E+23   4.5327E+23   4.1049E+23   3.4626E+23   2.7615E+23
    2.5654E+00   7.9146E+21   2.4766E+22   6.6271E+22   1.4108E+23   1.9323E+23   2.3327E+23   2.7953E+23   3.3744E+23   3.8338E+23   4.5371E+23   5.0305E+23   5.3312E+23   5.4411E+23   5.3708E+23   5.2422E+23   5.0602E+23   4.7808E+23   4.3421E+23   3.6826E+23   2.9585E+23
    2.6867E+00   7.3260E+21   2.3261E+22   6.5530E+22   1.4399E+23   1.9871E+23   2.4075E+23   2.8950E+23   3.5077E+23   3.9945E+23   4.7389E+23   5.2613E+23   5.5825E+23   5.7055E+23   5.6411E+23   5.5136E+23   5.3287E+23   5.0445E+23   4.5956E+23   3.9194E+23   3.1719E+23
    2.8137E+00   6.9886E+21   2.2711E+22   6.5705E+22   1.4706E+23   2.0409E+23   2.4807E+23   2.9934E+23   3.6411E+23   4.1568E+23   4.9449E+23   5.4989E+23   5.8428E+23   5.9814E+23   5.9250E+23   5.7999E+23   5.6129E+23   5.3248E+23   4.8665E+23   4.1741E+23   3.4028E+23
    2.9468E+00   6.6337E+21   2.2109E+22   6.5687E+22   1.4977E+23   2.0910E+23   2.5506E+23   3.0894E+23   3.7738E+23   4.3199E+23   5.1548E+23   5.7431E+23   6.1126E+23   6.2692E+23   6.2231E+23   6.1017E+23   5.9137E+23   5.6226E+23   5.1558E+23   4.4479E+23   3.6525E+23
    3.0862E+00   6.2142E+21   2.1334E+22   6.5364E+22   1.5207E+23   2.1370E+23   2.6168E+23   3.1826E+23   3.9054E+23   4.4838E+23   5.3686E+23   5.9941E+23   6.3920E+23   6.5693E+23   6.5362E+23   6.4200E+23   6.2320E+23   5.9389E+23   5.4645E+23   4.7419E+23   3.9221E+23
    3.2321E+00   5.4290E+21   1.9760E+22   6.4336E+22   1.5389E+23   2.1784E+23   2.6788E+23   3.2726E+23   4.0356E+23   4.6479E+23   5.5861E+23   6.2519E+23   6.6812E+23   6.8823E+23   6.8648E+23   6.7553E+23   6.5685E+23   6.2746E+23   5.7937E+23   5.0571E+23   4.2127E+23
    3.3849E+00   5.0240E+21   1.8845E+22   6.3358E+22   1.5521E+23   2.2147E+23   2.7361E+23   3.3588E+23   4.1638E+23   4.8120E+23   5.8071E+23   6.5165E+23   6.9805E+23   7.2083E+23   7.2094E+23   7.1082E+23   6.9239E+23   6.6304E+23   6.1441E+23   5.3946E+23   4.5254E+23
    3.5450E+00   4.6158E+21   1.7680E+22   6.1335E+22   1.5552E+23   2.2433E+23   2.7870E+23   3.4401E+23   4.2891E+23   4.9752E+23   6.0310E+23   6.7877E+23   7.2897E+23   7.5476E+23   7.5703E+23   7.4793E+23   7.2988E+23   7.0071E+23   6.5166E+23   5.7552E+23   4.8611E+23
    3.7127E+00   4.2370E+21   1.6732E+22   5.9972E+22   1.5589E+23   2.2686E+23   2.8336E+23   3.5170E+23   4.4115E+23   5.1373E+23   6.2574E+23   7.0648E+23   7.6086E+23   7.9000E+23   7.9477E+23   7.8686E+23   7.6935E+23   7.4050E+23   6.9117E+23   6.1398E+23   5.2209E+23
    3.8882E+00   3.8595E+21   1.5760E+22   5.8441E+22   1.5576E+23   2.2879E+23   2.8739E+23   3.5882E+23   4.5298E+23   5.2971E+23   6.4853E+23   7.3474E+23   7.9366E+23   8.2652E+23   8.3416E+23   8.2764E+23   8.1082E+23   7.8244E+23   7.3299E+23   6.5489E+23   5.6053E+23
    4.0721E+00   3.4753E+21   1.4721E+22   5.6641E+22   1.5505E+23   2.3002E+23   2.9072E+23   3.6528E+23   4.6429E+23   5.4536E+23   6.7139E+23   7.6344E+23   8.2731E+23   8.6427E+23   8.7514E+23   8.7021E+23   8.5428E+23   8.2653E+23   7.7713E+23   6.9830E+23   6.0151E+23
    4.2647E+00   3.0689E+21   1.3529E+22   5.4362E+22   1.5366E+23   2.3049E+23   2.9325E+23   3.7098E+23   4.7497E+23   5.6054E+23   6.9417E+23   7.9247E+23   8.6168E+23   9.0315E+23   9.1765E+23   9.1453E+23   8.9967E+23   8.7276E+23   8.2359E+23   7.4422E+23   6.4505E+23
    4.4664E+00   2.7190E+21   1.2452E+22   5.1974E+22   1.5147E+23   2.3005E+23   2.9486E+23   3.7576E+23   4.8485E+23   5.7510E+23   7.1670E+23   8.2165E+23   8.9663E+23   9.4302E+23   9.6158E+23   9.6050E+23   9.4693E+23   9.2103E+23   8.7231E+23   7.9263E+23   6.9118E+23
    4.6776E+00   2.3885E+21   1.1389E+22   4.9515E+22   1.4885E+23   2.2886E+23   2.9556E+23   3.7958E+23   4.9381E+23   5.8886E+23   7.3879E+23   8.5080E+23   9.3196E+23   9.8372E+23   1.0068E+24   1.0080E+24   9.9593E+23   9.7126E+23   9.2322E+23   8.4349E+23   7.3986E+23
    4.8988E+00   2.0720E+21   1.0314E+22   4.6827E+22   1.4554E+23   2.2673E+23   2.9519E+23   3.8225E+23   5.0165E+23   6.0161E+23   7.6021E+23   8.7965E+23   9.6744E+23   1.0250E+24   1.0530E+24   1.0568E+24   1.0465E+24   1.0233E+24   9.7618E+23   8.9670E+23   7.9105E+23
    5.1304E+00   1.7581E+21   9.1701E+21   4.3701E+22   1.4131E+23   2.2354E+23   2.9364E+23   3.8362E+23   5.0816E+23   6.1311E+23   7.8066E+23   9.0794E+23   1.0028E+24   1.0666E+24   1.1001E+24   1.1066E+24   1.0984E+24   1.0769E+24   1.0310E+24   9.5212E+23   8.4465E+23
    5.3730E+00   1.4938E+21   8.1623E+21   4.0735E+22   1.3655E+23   2.1929E+23   2.9080E+23   3.8353E+23   5.1312E+23   6.2309E+23   7.9985E+23   9.3531E+23   1.0376E+24   1.1082E+24   1.1477E+24   1.1572E+24   1.1513E+24   1.1318E+24   1.0875E+24   1.0096E+24   9.0050E+23
    5.6271E+00   1.2568E+21   7.2032E+21   3.7649E+22   1.3091E+23   2.1375E+23   2.8648E+23   3.8178E+23   5.1628E+23   6.3126E+23   8.1741E+23   9.6139E+23   1.0716E+24   1.1493E+24   1.1953E+24   1.2082E+24   1.2049E+24   1.1878E+24   1.1453E+24   1.0688E+24   9.5841E+23
    5.8932E+00   1.0442E+21   6.2896E+21   3.4513E+22   1.2479E+23   2.0728E+23   2.8082E+23   3.7833E+23   5.1745E+23   6.3735E+23   8.3297E+23   9.8575E+23   1.1043E+24   1.1896E+24   1.2427E+24   1.2591E+24   1.2589E+24   1.2443E+24   1.2041E+24   1.1295E+24   1.0181E+24
    6.1719E+00   8.5473E+20   5.4225E+21   3.1311E+22   1.1803E+23   1.9965E+23   2.7364E+23   3.7300E+23   5.1638E+23   6.4103E+23   8.4612E+23   1.0079E+24   1.1351E+24   1.2285E+24   1.2892E+24   1.3095E+24   1.3126E+24   1.3010E+24   1.2635E+24   1.1912E+24   1.0793E+24
    6.4638E+00   6.8784E+20   4.6064E+21   2.8063E+22   1.1061E+23   1.9083E+23   2.6487E+23   3.6563E+23   5.1285E+23   6.4201E+23   8.5645E+23   1.0274E+24   1.1635E+24   1.2654E+24   1.3342E+24   1.3587E+24   1.3655E+24   1.3573E+24   1.3229E+24   1.2536E+24   1.1416E+24
    6.7695E+00   5.4275E+20   3.8470E+21   2.4802E+22   1.0257E+23   1.8083E+23   2.5447E+23   3.5613E+23   5.0663E+23   6.3998E+23   8.6351E+23   1.0437E+24   1.1890E+24   1.2997E+24   1.3773E+24   1.4061E+24   1.4171E+24   1.4125E+24   1.3818E+24   1.3161E+24   1.2045E+24
    7.0896E+00   4.1848E+20   3.1492E+21   2.1565E+22   9.3968E+22   1.6967E+23   2.4241E+23   3.4443E+23   4.9756E+23   6.3467E+23   8.6689E+23   1.0563E+24   1.2110E+24   1.3308E+24   1.4175E+24   1.4511E+24   1.4666E+24   1.4661E+24   1.4395E+24   1.3781E+24   1.2675E+24
    7.4249E+00   3.1376E+20   2.5174E+21   1.8391E+22   8.4880E+22   1.5739E+23   2.2871E+23   3.3045E+23   4.8547E+23   6.2586E+23   8.6618E+23   1.0645E+24   1.2287E+24   1.3580E+24   1.4543E+24   1.4929E+24   1.5132E+24   1.5173E+24   1.4953E+24   1.4389E+24   1.3300E+24
    7.7760E+00   2.2705E+20   1.9539E+21   1.5320E+22   7.5372E+22   1.4403E+23   2.1337E+23   3.1417E+23   4.7028E+23   6.1332E+23   8.6103E+23   1.0681E+24   1.2416E+24   1.3804E+24   1.4869E+24   1.5306E+24   1.5562E+24   1.5652E+24   1.5484E+24   1.4977E+24   1.3912E+24
    8.1437E+00   1.5646E+20   1.4591E+21   1.2381E+22   6.5494E+22   1.2959E+23   1.9634E+23   2.9552E+23   4.5187E+23   5.9693E+23   8.5111E+23   1.0663E+24   1.2490E+24   1.3975E+24   1.5144E+24   1.5634E+24   1.5947E+24   1.6090E+24   1.5979E+24   1.5538E+24   1.4505E+24
    8.5288E+00   9.8219E+19   1.0290E+21   9.5885E+21   5.5210E+22   1.1390E+23   1.7740E+23   2.7435E+23   4.3016E+23   5.7655E+23   8.3618E+23   1.0589E+24   1.2505E+24   1.4084E+24   1.5360E+24   1.5906E+24   1.6279E+24   1.6478E+24   1.6430E+24   1.6063E+24   1.5069E+24
    8.9322E+00   5.6521E+19   6.4272E+20   6.7033E+21   4.3068E+22   9.4353E+22   1.5382E+23   2.4888E+23   4.0454E+23   5.5195E+23   8.1606E+23   1.0454E+24   1.2454E+24   1.4127E+24   1.5510E+24   1.6111E+24   1.6548E+24   1.6807E+24   1.6828E+24   1.6542E+24   1.5597E+24
    9.3546E+00   3.5174E+19   4.3921E+20   5.0772E+21   3.5647E+22   8.1028E+22   1.3495E+23   2.2369E+23   3.7521E+23   5.2252E+23   7.9028E+23   1.0256E+24   1.2333E+24   1.4095E+24   1.5586E+24   1.6244E+24   1.6745E+24   1.7068E+24   1.7163E+24   1.6966E+24   1.6079E+24
    9.7969E+00   2.2088E+19   3.0449E+20   3.8978E+21   2.9815E+22   7.0256E+22   1.1957E+23   2.0261E+23   3.4819E+23   4.9272E+23   7.6032E+23   9.9960E+23   1.2139E+24   1.3985E+24   1.5582E+24   1.6295E+24   1.6864E+24   1.7252E+24   1.7426E+24   1.7326E+24   1.6506E+24
    1.0260E+01   1.3810E+19   2.1015E+20   2.9851E+21   2.4871E+22   6.0702E+22   1.0550E+23   1.8252E+23   3.2081E+23   4.6099E+23   7.2581E+23   9.6732E+23   1.1871E+24   1.3792E+24   1.5490E+24   1.6258E+24   1.6895E+24   1.7351E+24   1.7607E+24   1.7611E+24   1.6867E+24
    1.0745E+01   8.4997E+18   1.4319E+20   2.2599E+21   2.0530E+22   5.1914E+22   9.2164E+22   1.6284E+23   2.9284E+23   4.2739E+23   6.8708E+23   9.2895E+23   1.1528E+24   1.3514E+24   1.5308E+24   1.6128E+24   1.6833E+24   1.7358E+24   1.7700E+24   1.7813E+24   1.7154E+24
    1.1254E+01   5.1118E+18   9.6057E+19   1.6930E+21   1.6805E+22   4.4029E+22   7.9811E+22   1.4390E+23   2.6458E+23   3.9229E+23   6.4456E+23   8.8486E+23   1.1112E+24   1.3151E+24   1.5033E+24   1.5902E+24   1.6672E+24   1.7267E+24   1.7696E+24   1.7923E+24   1.7358E+24
    1.1786E+01   2.9842E+18   6.3004E+19   1.2470E+21   1.3570E+22   3.6880E+22   6.8306E+22   1.2576E+23   2.3655E+23   3.5642E+23   5.9898E+23   8.3561E+23   1.0627E+24   1.2705E+24   1.4663E+24   1.5576E+24   1.6410E+24   1.7073E+24   1.7589E+24   1.7934E+24   1.7470E+24
    1.2343E+01   1.6829E+18   4.0231E+19   8.9997E+20   1.0782E+22   3.0441E+22   5.7659E+22   1.0850E+23   2.0898E+23   3.2020E+23   5.5101E+23   7.8187E+23   1.0077E+24   1.2178E+24   1.4199E+24   1.5151E+24   1.6045E+24   1.6772E+24   1.7376E+24   1.7840E+24   1.7484E+24
    1.2927E+01   9.1316E+17   2.4924E+19   6.3463E+20   8.4115E+21   2.4717E+22   4.7934E+22   9.2297E+22   1.8225E+23   2.8422E+23   5.0144E+23   7.2449E+23   9.4717E+23   1.1578E+24   1.3646E+24   1.4630E+24   1.5576E+24   1.6366E+24   1.7055E+24   1.7637E+24   1.7393E+24
    1.3538E+01   4.7502E+17   1.4937E+19   4.3626E+20   6.4319E+21   1.9713E+22   3.9193E+22   7.7322E+22   1.5675E+23   2.4905E+23   4.5115E+23   6.6441E+23   8.8184E+23   1.0911E+24   1.3009E+24   1.4016E+24   1.5009E+24   1.5854E+24   1.6624E+24   1.7321E+24   1.7194E+24
    1.4178E+01   2.3611E+17   8.6368E+18   2.9175E+20   4.8129E+21   1.5421E+22   3.1480E+22   6.3728E+22   1.3285E+23   2.1528E+23   4.0102E+23   6.0267E+23   8.1284E+23   1.0187E+24   1.2295E+24   1.3318E+24   1.4348E+24   1.5242E+24   1.6086E+24   1.6894E+24   1.6884E+24
    1.4849E+01   1.1177E+17   4.8055E+18   1.8943E+20   3.5191E+21   1.1819E+22   2.4810E+22   5.1621E+22   1.1084E+23   1.8342E+23   3.5193E+23   5.4038E+23   7.4134E+23   9.4183E+23   1.1516E+24   1.2544E+24   1.3601E+24   1.4535E+24   1.5446E+24   1.6357E+24   1.6463E+24
    1.5551E+01   5.0230E+16   2.5666E+18   1.1920E+20   2.5107E+21   8.8621E+21   1.9164E+22   4.1052E+22   9.0968E+22   1.5391E+23   3.0469E+23   4.7863E+23   6.6860E+23   8.6178E+23   1.0683E+24   1.1706E+24   1.2779E+24   1.3744E+24   1.4711E+24   1.5716E+24   1.5934E+24
    1.6286E+01   2.1356E+16   1.3125E+18   7.2553E+19   1.7453E+21   6.4936E+21   1.4491E+22   3.2020E+22   7.3366E+22   1.2708E+23   2.6006E+23   4.1849E+23   5.9590E+23   7.7993E+23   9.8109E+23   1.0818E+24   1.1895E+24   1.2880E+24   1.3891E+24   1.4976E+24   1.5303E+24
    1.7057E+01   8.5606E+15   6.4097E+17   4.2635E+19   1.1804E+21   4.6438E+21   1.0716E+22   2.4470E+22   5.8092E+22   1.0316E+23   2.1865E+23   3.6096E+23   5.2452E+23   6.9773E+23   8.9141E+23   9.8949E+23   1.0963E+24   1.1955E+24   1.2998E+24   1.4150E+24   1.4576E+24
    1.7863E+01   3.2233E+15   2.9814E+17   2.4142E+19   7.7564E+20   3.2370E+21   7.7392E+21   1.8301E+22   4.5116E+22   8.2257E+22   1.8095E+23   3.0690E+23   4.5565E+23   6.1662E+23   8.0084E+23   8.9526E+23   9.9990E+23   1.0987E+24   1.2048E+24   1.3249E+24   1.3764E+24
    1.8708E+01   1.1356E+15   1.3172E+17   1.3147E+19   4.9441E+20   2.1965E+21   5.4527E+21   1.3382E+22   3.4333E+22   6.4368E+22   1.4726E+23   2.5701E+23   3.9036E+23   5.3797E+23   7.1097E+23   8.0078E+23   9.0200E+23   9.9913E+23   1.1055E+24   1.2288E+24   1.2880E+24
    1.9593E+01   3.7284E+14   5.5111E+16   6.8708E+18   3.0525E+20   1.4489E+21   3.7431E+21   9.5549E+21   2.5574E+22   4.9383E+22   1.1776E+23   2.1183E+23   3.2958E+23   4.6303E+23   6.2334E+23   7.0767E+23   8.0432E+23   8.9855E+23   1.0037E+24   1.1283E+24   1.1938E+24
    2.0519E+01   1.1357E+14   2.1770E+16   3.4387E+18   1.8225E+20   9.2780E+20   2.5002E+21   6.6541E+21   1.8626E+22   3.7106E+22   9.2448E+22   1.7168E+23   2.7402E+23   3.9289E+23   5.3935E+23   6.1749E+23   7.0853E+23   7.9871E+23   9.0121E+23   1.0252E+24   1.0954E+24
    2.1490E+01   3.1955E+13   8.0924E+15   1.6444E+18   1.0505E+20   5.7591E+20   1.6229E+21   4.5141E+21   1.3249E+22   2.7279E+22   7.1177E+22   1.3671E+23   2.2416E+23   3.2839E+23   4.6025E+23   5.3165E+23   6.1618E+23   7.0129E+23   7.9974E+23   9.2121E+23   9.9455E+23
    2.2506E+01   8.2663E+12   2.8212E+15   7.4963E+17   5.8361E+19   3.4599E+20   1.0222E+21   2.9793E+21   9.1935E+21   1.9599E+22   5.3692E+22   1.0686E+23   1.8027E+23   2.7018E+23   3.8706E+23   4.5134E+23   5.2868E+23   6.0784E+23   7.0100E+23   8.1821E+23   8.9301E+23
    2.3570E+01   1.9571E+12   9.1912E+14   3.2494E+17   3.1190E+19   2.0086E+20   6.2385E+20   1.9104E+21   6.2155E+21   1.3746E+22   3.9642E+22   8.1913E+22   1.4241E+23   2.1862E+23   3.2054E+23   3.7753E+23   4.4721E+23   5.1973E+23   6.0655E+23   7.1789E+23   7.9254E+23
    2.4685E+01   4.2227E+11   2.7881E+14   1.3359E+17   1.6006E+19   1.1250E+20   3.6835E+20   1.1885E+21   4.0890E+21   9.3996E+21   2.8616E+22   6.1514E+22   1.1039E+23   1.7383E+23   2.6120E+23   3.1092E+23   3.7269E+23   4.3809E+23   5.1772E+23   6.2182E+23   6.9481E+23
    2.5852E+01   8.2715E+10   7.8453E+13   5.1950E+16   7.8709E+18   6.0677E+19   2.1008E+20   7.1627E+20   2.6140E+21   6.2591E+21   2.0172E+22   4.5209E+22   8.3895E+22   1.3570E+23   2.0927E+23   2.5191E+23   3.0574E+23   3.6376E+23   4.3563E+23   5.3139E+23   6.0133E+23
    2.7075E+01   1.4668E+10   2.0403E+13   1.9056E+16   3.7015E+18   3.1460E+19   1.1553E+20   4.1754E+20   1.6216E+21   4.0533E+21   1.3871E+22   3.2481E+22   6.2443E+22   1.0390E+23   1.6469E+23   2.0062E+23   2.4672E+23   2.9732E+23   3.6108E+23   4.4771E+23   5.1345E+23
    2.8355E+01   2.3507E+09   4.8873E+12   6.5743E+15   1.6611E+18   1.5650E+19   6.1162E+19   2.3505E+20   9.7477E+20   2.5492E+21   9.2917E+21   2.2786E+22   4.5470E+22   7.7955E+22   1.2720E+23   1.5690E+23   1.9566E+23   2.3901E+23   2.9460E+23   3.7163E+23   4.3224E+23
    2.9696E+01   3.4015E+08   1.0749E+12   2.1272E+15   7.0974E+17   7.4549E+18   3.1110E+19   1.2757E+20   5.6688E+20   1.5547E+21   6.0557E+21   1.5590E+22   3.2356E+22   5.7250E+22   9.6318E+22   1.2041E+23   1.5237E+23   1.8881E+23   2.3640E+23   3.0370E+23   3.5849E+23
    3.1100E+01   4.4431E+07   2.1651E+11   6.4361E+14   2.8807E+17   3.3934E+18   1.5175E+19   6.6627E+19   3.1844E+20   9.1819E+20   3.8345E+21   1.0389E+22   2.2474E+22   4.1109E+22   7.1439E+22   9.0573E+22   1.1641E+23   1.4645E+23   1.8642E+23   2.4414E+23   2.9271E+23
    3.2571E+01   5.2437E+06   3.9865E+10   1.8159E+14   1.1081E+17   1.4729E+18   7.0848E+18   3.3428E+19   1.7249E+20   5.2426E+20   2.3557E+21   6.7347E+21   1.5217E+22   2.8829E+22   5.1842E+22   6.6714E+22   8.7155E+22   1.1143E+23   1.4434E+23   1.9290E+23   2.3511E+23
    3.4111E+01   5.6030E+05   6.7007E+09   4.7655E+13   4.0295E+16   6.0832E+17   3.1593E+18   1.6081E+19   8.9947E+19   2.8892E+20   1.4019E+21   4.2405E+21   1.0031E+22   1.9721E+22   3.6767E+22   4.8068E+22   6.3887E+22   8.3086E+22   1.0963E+23   1.4968E+23   1.8562E+23
    3.5724E+01   5.1747E+04   1.0273E+09   1.1604E+13   1.3821E+16   2.3851E+17   1.3428E+18   7.4023E+18   4.5069E+19   1.5343E+20   8.0695E+20   2.5896E+21   6.4290E+21   1.3142E+22   2.5454E+22   3.3837E+22   4.5800E+22   6.0647E+22   8.1596E+22   1.1395E+23   1.4391E+23
    3.7414E+01   3.9268E+03   1.4362E+08   2.6165E+12   4.4604E+15   8.8583E+16   5.4283E+17   3.2541E+18   2.1659E+19   7.8367E+19   4.4850E+20   1.5315E+21   4.0000E+21   8.5195E+21   1.7180E+22   2.3245E+22   3.2073E+22   4.3289E+22   5.9454E+22   8.5037E+22   1.0948E+23
    3.9183E+01   1.4729E+03   1.8294E+07   5.4537E+11   1.3515E+15   3.1095E+16   2.0826E+17   1.3633E+18   9.9640E+18   3.8432E+19   2.4028E+20   8.7559E+20   2.4122E+21   5.3652E+21   1.1289E+22   1.5563E+22   2.1913E+22   3.0181E+22   4.2364E+22   6.2139E+22   8.1636E+22
    4.1036E+01   7.1202E+02   2.0725E+06   1.0493E+11   3.8362E+14   1.0294E+16   7.5670E+16   5.4323E+17   4.3794E+18   1.8061E+19   1.2386E+20   4.8313E+20   1.4077E+21   3.2772E+21   7.2125E+21   1.0142E+22   1.4588E+22   2.0527E+22   2.9485E+22   4.4415E+22   5.9611E+22
    4.2976E+01   0.0000E+00   1.5145E+05   1.8613E+10   1.0182E+14   3.2072E+15   2.5983E+16   2.0544E+17   1.8354E+18   8.1184E+18   6.1320E+19   2.5681E+20   7.9356E+20   1.9384E+21   4.4732E+21   6.4229E+21   9.4501E+21   1.3602E+22   2.0020E+22   3.1017E+22   4.2579E+22
    4.5009E+01   0.0000E+00   2.3425E+04   3.0405E+09   2.5226E+13   9.3865E+14   8.4151E+15   7.3595E+16   7.3199E+17   3.4834E+18   2.9098E+19   1.3125E+20   4.3133E+20   1.1083E+21   2.6889E+21   3.9473E+21   5.9480E+21   8.7698E+21   1.3244E+22   2.1139E+22   2.9716E+22
    4.7137E+01   0.0000E+00   1.8599E+04   4.5561E+08   5.8243E+12   2.5760E+14   2.5658E+15   2.4924E+16   2.7727E+17   1.4240E+18   1.3209E+19   6.4364E+19   2.2561E+20   6.1140E+20   1.5639E+21   2.3502E+21   3.6318E+21   5.4930E+21   8.5243E+21   1.4041E+22   2.0239E+22
    4.9366E+01   0.0000E+00   1.8346E+03   6.1281E+07   1.2515E+12   6.6187E+13   7.3527E+14   7.9657E+15   9.9559E+16   5.5349E+17   5.7237E+18   3.0223E+19   1.1332E+20   3.2479E+20   8.7841E+20   1.3533E+21   2.1477E+21   3.3373E+21   5.3304E+21   9.0771E+21   1.3436E+22
    5.1701E+01   0.0000E+00   0.0000E+00   6.9331E+06   2.4991E+11   1.5899E+13   1.9773E+14   2.3985E+15   3.3828E+16   2.0417E+17   2.3628E+18   1.3558E+19   5.4540E+19   1.6579E+20   4.7558E+20   7.5218E+20   1.2279E+21   1.9634E+21   3.2332E+21   5.7033E+21   8.6814E+21
    5.4146E+01   0.0000E+00   0.0000E+00   8.9922E+05   4.6293E+10   3.5660E+12   4.9836E+13   6.7946E+14   1.0859E+16   7.1347E+16   9.2728E+17   5.7979E+18   2.5092E+19   8.1138E+19   2.4766E+20   4.0275E+20   6.7738E+20   1.1165E+21   1.8991E+21   3.4774E+21   5.4522E+21
    5.6706E+01   0.0000E+00   0.0000E+00   2.3580E+05   7.9061E+09   7.4581E+11   1.1757E+13   1.8084E+14   3.2878E+15   2.3578E+16   3.4523E+17   2.3577E+18   1.1008E+19   3.7978E+19   1.2377E+20   2.0729E+20   3.5983E+20   6.1255E+20   1.0783E+21   2.0540E+21   3.3230E+21
    5.9388E+01   0.0000E+00   0.0000E+00   8.4730E+03   1.2218E+09   1.4512E+11   2.5931E+12   4.5171E+13   9.3782E+14   7.3577E+15   1.2170E+17   9.0953E+17   4.5925E+18   1.6957E+19   5.9214E+19   1.0231E+20   1.8366E+20   3.2354E+20   5.9066E+20   1.1734E+21   1.9622E+21
    6.2197E+01   0.0000E+00   0.0000E+00   5.3409E+02   1.7901E+08   2.6093E+10   5.3369E+11   1.0576E+13   2.5170E+14   2.1651E+15   4.0541E+16   3.3205E+17   1.8172E+18   7.2023E+18   2.7049E+19   4.8304E+19   8.9846E+19   1.6415E+20   3.1149E+20   6.4700E+20   1.1206E+21
    6.5138E+01   0.0000E+00   0.0000E+00   2.7001E+03   2.8165E+07   4.2613E+09   1.0201E+11   2.3178E+12   6.3496E+13   6.0004E+14   1.2742E+16   1.1445E+17   6.7997E+17   2.9014E+18   1.1763E+19   2.1754E+19   4.2019E+19   7.9799E+19   1.5780E+20   3.4365E+20   6.1778E+20
    6.8218E+01   0.0000E+00   0.0000E+00   0.0000E+00   6.2919E+06   6.2708E+08   1.7897E+10   4.7383E+11   1.5037E+13   1.5646E+14   3.7726E+15   3.7160E+16   2.3990E+17   1.1050E+18   4.8552E+18   9.3172E+18   1.8733E+19   3.7074E+19   7.6595E+19   1.7544E+20   3.2810E+20
    7.1444E+01   0.0000E+00   0.0000E+00   0.0000E+00   7.1617E+05   1.0773E+08   2.8609E+09   8.9667E+10   3.3364E+12   3.8339E+13   1.0509E+15   1.1341E+16   7.9560E+16   3.9649E+17   1.8954E+18   3.7824E+18   7.9368E+18   1.6413E+19   3.5531E+19   8.5875E+19   1.6750E+20
    7.4823E+01   0.0000E+00   0.0000E+00   0.0000E+00   9.4423E+04   2.6852E+07   4.6857E+08   1.5539E+10   6.9045E+11   8.8137E+12   2.7517E+14   3.2478E+15   2.4729E+16   1.3357E+17   6.9724E+17   1.4502E+18   3.1845E+18   6.9016E+18   1.5705E+19   4.0199E+19   8.1995E+19
    7.8361E+01   0.0000E+00   0.0000E+00   0.0000E+00   1.1598E+04   1.9634E+06   9.6202E+07   2.4838E+09   1.3222E+11   1.8941E+12   6.7650E+13   8.7143E+14   7.1832E+15   4.2085E+16   2.4071E+17   5.2298E+17   1.2055E+18   2.7468E+18   6.5935E+18   1.7944E+19   3.8390E+19
    8.2067E+01   0.0000E+00   0.0000E+00   0.0000E+00   0.0000E+00   2.1002E+05   1.0061E+07   6.2223E+08   2.3515E+10   3.7803E+11   1.5594E+13   2.1885E+14   1.9451E+15   1.2355E+16   7.7640E+16   1.7661E+17   4.2874E+17   1.0306E+18   2.6198E+18   7.6142E+18   1.7142E+19
    8.5948E+01   0.0000E+00   0.0000E+00   0.0000E+00   0.0000E+00   2.6053E+04   1.0330E+06   6.9352E+07   4.5448E+09   6.9817E+10   3.3611E+12   5.1402E+13   4.8998E+14   3.3665E+15   2.3283E+16   5.5575E+16   1.4258E+17   3.6296E+17   9.8119E+17   3.0605E+18   7.2768E+18
    9.0012E+01   0.0000E+00   0.0000E+00   0.0000E+00   0.0000E+00   0.0000E+00   8.8512E+05   1.8844E+05   7.7536E+08   1.2231E+10   6.7442E+11   1.1281E+13   1.1468E+14   8.4845E+14   6.4577E+15   1.6206E+16   4.4105E+16   1.1939E+17   3.4487E+17   1.1608E+18   2.9265E+18
    9.4269E+01   0.0000E+00   0.0000E+00   0.0000E+00   0.0000E+00   0.0000E+00   0.0000E+00   7.4235E+05   6.3214E+08   3.3567E+09   1.2613E+11   2.3100E+12   2.4922E+13   1.9719E+14   1.6471E+15   4.3523E+15   1.2614E+16   3.6471E+16   1.1318E+17   4.1361E+17   1.1107E+18
    9.8727E+01   0.0000E+00   0.0000E+00   0.0000E+00   0.0000E+00   0.0000E+00   0.0000E+00   1.6603E+05   3.4358E+07   4.2865E+08   2.2091E+10   4.4133E+11   5.0298E+12   4.2179E+13   3.8406E+14   1.0693E+15   3.3134E+15   1.0281E+16   3.4484E+16   1.3778E+17   3.9610E+17
    1.0340E+02   0.0000E+00   0.0000E+00   0.0000E+00   0.0000E+00   0.0000E+00   0.0000E+00   1.6903E+04   1.4559E+07   1.1281E+04   6.6457E+09   8.0377E+10   9.4360E+11   8.2987E+12   8.1388E+13   2.3854E+14   7.9318E+14   2.6543E+15   9.6892E+15   4.2665E+16   1.3208E+17
    1.0829E+02   0.0000E+00   0.0000E+00   0.0000E+00   0.0000E+00   0.0000E+00   0.0000E+00   3.0879E+03   0.0000E+00   3.8223E+03   6.7122E+08   1.5468E+10   1.6525E+11   1.5039E+12   1.5591E+13   4.7949E+13   1.7154E+14   6.2222E+14   2.4913E+15   1.2203E+16   4.0949E+16
    1.1341E+02   0.0000E+00   0.0000E+00   0.0000E+00   0.0000E+00   0.0000E+00   0.0000E+00   1.3253E+02   0.0000E+00   1.0506E+06   1.1765E+04   1.4903E+09   2.6274E+10   2.5253E+11   2.6896E+12   8.6189E+12   3.3191E+13   1.3108E+14   5.8081E+14   3.1993E+15   1.1728E+16
    1.1877E+02   0.0000E+00   0.0000E+00   0.0000E+00   0.0000E+00   0.0000E+00   0.0000E+00   7.3915E+01   0.0000E+00   5.0390E+03   6.4288E+03   2.6785E+07   7.2168E+09   4.0029E+10   4.1761E+11   1.3772E+12   5.6845E+12   2.4516E+13   1.2144E+14   7.6200E+14   3.0795E+15
    1.2439E+02   0.0000E+00   0.0000E+00   0.0000E+00   0.0000E+00   0.0000E+00   0.0000E+00   0.0000E+00   0.0000E+00   5.3288E+04   0.0000E+00   2.1082E+07   9.8681E+07   6.2481E+09   5.8881E+10   1.9541E+11   8.5260E+11   4.0119E+12   2.2465E+13   1.6310E+14   7.3471E+14
    1.3027E+02   0.0000E+00   0.0000E+00   0.0000E+00   0.0000E+00   0.0000E+00   0.0000E+00   0.0000E+00   0.0000E+00   8.6354E+03   0.0000E+00   3.7969E+06   5.2992E+06   6.0358E+08   7.7579E+09   2.4870E+10   1.1106E+11   5.6468E+11   3.6160E+12   3.0961E+13   1.5756E+14
    1.3643E+02   0.0000E+00   0.0000E+00   0.0000E+00   0.0000E+00   0.0000E+00   0.0000E+00   0.0000E+00   0.0000E+00   0.0000E+00   0.0000E+00   1.4027E+06   9.2759E+06   3.0227E+04   6.0929E+08   2.8279E+09   1.2592E+10   6.7059E+10   4.9565E+11   5.1254E+12   2.9966E+13
    1.4288E+02   0.0000E+00   0.0000E+00   0.0000E+00   0.0000E+00   0.0000E+00   0.0000E+00   0.0000E+00   0.0000E+00   0.0000E+00   0.0000E+00   0.0000E+00   1.4315E+06   5.0107E+03   6.0049E+07   2.3272E+08   1.2524E+09   6.6085E+09   5.6269E+10   7.2397E+11   4.9699E+12
    1.4964E+02   0.0000E+00   0.0000E+00   0.0000E+00   0.0000E+00   0.0000E+00   0.0000E+00   0.0000E+00   0.0000E+00   0.0000E+00   0.0000E+00   0.0000E+00   1.7734E+05   6.5097E+02   8.2744E+06   3.8563E+07   8.8051E+07   5.5636E+08   5.1023E+09   8.4722E+10   7.0300E+11
    1.5671E+02   0.0000E+00   0.0000E+00   0.0000E+00   0.0000E+00   0.0000E+00   0.0000E+00   0.0000E+00   0.0000E+00   0.0000E+00   0.0000E+00   0.0000E+00   1.7138E+04   1.9316E+05   1.4692E+06   6.3007E+06   1.2049E+07   1.6877E+07   3.5414E+08   7.8766E+09   8.2275E+10
    1.6412E+02   0.0000E+00   0.0000E+00   0.0000E+00   0.0000E+00   0.0000E+00   0.0000E+00   0.0000E+00   0.0000E+00   0.0000E+00   0.0000E+00   0.0000E+00   4.3110E+02   2.0253E+04   1.8226E+05   5.2667E+05   1.2734E+06   1.1681E+07   1.7898E+07   5.4594E+08   7.6227E+09
    1.7188E+02   0.0000E+00   0.0000E+00   0.0000E+00   0.0000E+00   0.0000E+00   0.0000E+00   0.0000E+00   0.0000E+00   0.0000E+00   0.0000E+00   0.0000E+00   2.5374E+02   1.1189E+03   1.5521E+04   8.7101E+04   1.0661E+05   3.2773E+05   7.1688E+05   2.5400E+07   5.2120E+08
    1.8001E+02   0.0000E+00   0.0000E+00   0.0000E+00   0.0000E+00   0.0000E+00   0.0000E+00   0.0000E+00   0.0000E+00   0.0000E+00   0.0000E+00   0.0000E+00   1.6487E+01   1.6775E+02   2.1450E+03   8.1362E+03   1.2995E+04   3.1431E+04   7.0102E+04   1.6072E+06   2.3137E+07
    1.8853E+02   0.0000E+00   0.0000E+00   0.0000E+00   0.0000E+00   0.0000E+00   0.0000E+00   0.0000E+00   0.0000E+00   0.0000E+00   0.0000E+00   0.0000E+00   7.2330E+00   3.4653E+00   1.2688E+02   4.5043E+02   5.1433E+02   3.2870E+03   6.8668E+03   2.1881E+04   4.9073E+05
    1.9744E+02   0.0000E+00   0.0000E+00   0.0000E+00   0.0000E+00   0.0000E+00   0.0000E+00   0.0000E+00   0.0000E+00   0.0000E+00   0.0000E+00   0.0000E+00   0.0000E+00   3.7265E+00   1.0527E+01   4.2570E+01   1.2311E+02   1.7657E+02   3.1110E+02   3.2179E+03   1.4613E+03
    2.0678E+02   0.0000E+00   0.0000E+00   0.0000E+00   0.0000E+00   0.0000E+00   0.0000E+00   0.0000E+00   0.0000E+00   0.0000E+00   0.0000E+00   0.0000E+00   0.0000E+00   3.5198E-01   4.3915E-01   5.5169E-01   2.1290E+00   1.2632E+01   3.3891E+01   1.8408E+02   6.4664E+02
    2.1656E+02   0.0000E+00   0.0000E+00   0.0000E+00   0.0000E+00   0.0000E+00   0.0000E+00   0.0000E+00   0.0000E+00   0.0000E+00   0.0000E+00   0.0000E+00   0.0000E+00   0.0000E+00   7.9897E-02   5.3874E-03   1.4415E-01   1.2409E-01   1.3311E+00   8.9182E+00   2.6145E+01
    2.2680E+02   0.0000E+00   0.0000E+00   0.0000E+00   0.0000E+00   0.0000E+00   0.0000E+00   0.0000E+00   0.0000E+00   0.0000E+00   0.0000E+00   0.0000E+00   0.0000E+00   0.0000E+00   0.0000E+00   0.0000E+00   8.0494E-02   0.0000E+00   4.9640E-01   3.4198E-01   3.9810E-01
    2.3752E+02   0.0000E+00   0.0000E+00   0.0000E+00   0.0000E+00   0.0000E+00   0.0000E+00   0.0000E+00   0.0000E+00   0.0000E+00   0.0000E+00   0.0000E+00   0.0000E+00   0.0000E+00   0.0000E+00   0.0000E+00   1.6195E-04   0.0000E+00   3.3621E-01   8.0536E-03   3.8622E-02
    2.4876E+02   0.0000E+00   0.0000E+00   0.0000E+00   0.0000E+00   0.0000E+00   0.0000E+00   0.0000E+00   0.0000E+00   0.0000E+00   0.0000E+00   0.0000E+00   0.0000E+00   0.0000E+00   0.0000E+00   0.0000E+00   4.1730E-04   0.0000E+00   0.0000E+00   0.0000E+00   3.2954E-03
    2.6052E+02   0.0000E+00   0.0000E+00   0.0000E+00   0.0000E+00   0.0000E+00   0.0000E+00   0.0000E+00   0.0000E+00   0.0000E+00   0.0000E+00   0.0000E+00   0.0000E+00   0.0000E+00   0.0000E+00   0.0000E+00   0.0000E+00   0.0000E+00   0.0000E+00   0.0000E+00   0.0000E+00
    2.7284E+02   0.0000E+00   0.0000E+00   0.0000E+00   0.0000E+00   0.0000E+00   0.0000E+00   0.0000E+00   0.0000E+00   0.0000E+00   0.0000E+00   0.0000E+00   0.0000E+00   0.0000E+00   0.0000E+00   0.0000E+00   0.0000E+00   0.0000E+00   0.0000E+00   0.0000E+00   0.0000E+00
    2.8574E+02   0.0000E+00   0.0000E+00   0.0000E+00   0.0000E+00   0.0000E+00   0.0000E+00   0.0000E+00   0.0000E+00   0.0000E+00   0.0000E+00   0.0000E+00   0.0000E+00   0.0000E+00   0.0000E+00   0.0000E+00   0.0000E+00   0.0000E+00   0.0000E+00   0.0000E+00   0.0000E+00
    2.9925E+02   0.0000E+00   0.0000E+00   0.0000E+00   0.0000E+00   0.0000E+00   0.0000E+00   0.0000E+00   0.0000E+00   0.0000E+00   0.0000E+00   0.0000E+00   0.0000E+00   0.0000E+00   0.0000E+00   0.0000E+00   0.0000E+00   0.0000E+00   0.0000E+00   0.0000E+00   0.0000E+00
    3.1341E+02   0.0000E+00   0.0000E+00   0.0000E+00   0.0000E+00   0.0000E+00   0.0000E+00   0.0000E+00   0.0000E+00   0.0000E+00   0.0000E+00   0.0000E+00   0.0000E+00   0.0000E+00   0.0000E+00   0.0000E+00   0.0000E+00   0.0000E+00   0.0000E+00   0.0000E+00   0.0000E+00
    3.2823E+02   0.0000E+00   0.0000E+00   0.0000E+00   0.0000E+00   0.0000E+00   0.0000E+00   0.0000E+00   0.0000E+00   0.0000E+00   0.0000E+00   0.0000E+00   0.0000E+00   0.0000E+00   0.0000E+00   0.0000E+00   0.0000E+00   0.0000E+00   0.0000E+00   0.0000E+00   0.0000E+00
    3.4375E+02   0.0000E+00   0.0000E+00   0.0000E+00   0.0000E+00   0.0000E+00   0.0000E+00   0.0000E+00   0.0000E+00   0.0000E+00   0.0000E+00   0.0000E+00   0.0000E+00   0.0000E+00   0.0000E+00   0.0000E+00   0.0000E+00   0.0000E+00   0.0000E+00   0.0000E+00   0.0000E+00
    3.6000E+02   0.0000E+00   0.0000E+00   0.0000E+00   0.0000E+00   0.0000E+00   0.0000E+00   0.0000E+00   0.0000E+00   0.0000E+00   0.0000E+00   0.0000E+00   0.0000E+00   0.0000E+00   0.0000E+00   0.0000E+00   0.0000E+00   0.0000E+00   0.0000E+00   0.0000E+00   0.0000E+00
    3.7703E+02   0.0000E+00   0.0000E+00   0.0000E+00   0.0000E+00   0.0000E+00   0.0000E+00   0.0000E+00   0.0000E+00   0.0000E+00   0.0000E+00   0.0000E+00   0.0000E+00   0.0000E+00   0.0000E+00   0.0000E+00   0.0000E+00   0.0000E+00   0.0000E+00   0.0000E+00   0.0000E+00
    3.9486E+02   0.0000E+00   0.0000E+00   0.0000E+00   0.0000E+00   0.0000E+00   0.0000E+00   0.0000E+00   0.0000E+00   0.0000E+00   0.0000E+00   0.0000E+00   0.0000E+00   0.0000E+00   0.0000E+00   0.0000E+00   0.0000E+00   0.0000E+00   0.0000E+00   0.0000E+00   0.0000E+00
    4.1353E+02   0.0000E+00   0.0000E+00   0.0000E+00   0.0000E+00   0.0000E+00   0.0000E+00   0.0000E+00   0.0000E+00   0.0000E+00   0.0000E+00   0.0000E+00   0.0000E+00   0.0000E+00   0.0000E+00   0.0000E+00   0.0000E+00   0.0000E+00   0.0000E+00   0.0000E+00   0.0000E+00
