    1.2535E-03   3.2556E+16   6.2233E+16   1.4787E+17   2.5403E+17   3.0033E+17   3.3205E+17   3.6514E+17   4.0386E+17   4.3508E+17   4.7762E+17   5.1422E+17   5.4470E+17   5.7835E+17   6.1225E+17   6.3340E+17   6.5339E+17   6.7376E+17   7.0419E+17   7.4073E+17   7.7855E+17
    1.3127E-03   3.5375E+16   6.6817E+16   1.5919E+17   2.7655E+17   3.2795E+17   3.6310E+17   3.9973E+17   4.4233E+17   4.7677E+17   5.2351E+17   5.6376E+17   5.9742E+17   6.3415E+17   6.7129E+17   6.9439E+17   7.1658E+17   7.3897E+17   7.7236E+17   8.1244E+17   8.5387E+17
    1.3748E-03   3.8455E+16   7.1771E+16   1.7129E+17   3.0095E+17   3.5804E+17   3.9699E+17   4.3754E+17   4.8442E+17   5.2241E+17   5.7381E+17   6.1806E+17   6.5523E+17   6.9530E+17   7.3599E+17   7.6125E+17   7.8587E+17   8.1048E+17   8.4710E+17   8.9109E+17   9.3648E+17
    1.4398E-03   4.1821E+16   7.7131E+16   1.8422E+17   3.2739E+17   3.9080E+17   4.3399E+17   4.7888E+17   5.3047E+17   5.7236E+17   6.2892E+17   6.7755E+17   7.1861E+17   7.6232E+17   8.0691E+17   8.3454E+17   8.6185E+17   8.8890E+17   9.2906E+17   9.7736E+17   1.0271E+18
    1.5079E-03   4.5499E+16   8.2935E+16   1.9803E+17   3.5603E+17   4.2647E+17   4.7438E+17   5.2406E+17   5.8085E+17   6.2704E+17   6.8931E+17   7.4275E+17   7.8809E+17   8.3578E+17   8.8463E+17   9.1489E+17   9.4516E+17   9.7490E+17   1.0189E+18   1.0720E+18   1.1265E+18
    1.5792E-03   4.9532E+16   8.9252E+16   2.1281E+17   3.8704E+17   4.6531E+17   5.1844E+17   5.7344E+17   6.3596E+17   6.8687E+17   7.5548E+17   8.1419E+17   8.6424E+17   9.1629E+17   9.6979E+17   1.0030E+18   1.0365E+18   1.0692E+18   1.1174E+18   1.1757E+18   1.2354E+18
    1.6539E-03   5.3927E+16   9.6071E+16   2.2856E+17   4.2058E+17   5.0755E+17   5.6651E+17   6.2739E+17   6.9624E+17   7.5236E+17   8.2798E+17   8.9247E+17   9.4771E+17   1.0045E+18   1.0632E+18   1.0995E+18   1.1366E+18   1.1726E+18   1.2254E+18   1.2896E+18   1.3549E+18
    1.7321E-03   5.8732E+16   1.0347E+17   2.4539E+17   4.5685E+17   5.5351E+17   6.1893E+17   6.8632E+17   7.6217E+17   8.2401E+17   9.0741E+17   9.7825E+17   1.0392E+18   1.1013E+18   1.1655E+18   1.2054E+18   1.2464E+18   1.2860E+18   1.3438E+18   1.4144E+18   1.4860E+18
    1.8140E-03   6.3986E+16   1.1150E+17   2.6339E+17   4.9606E+17   6.0348E+17   6.7609E+17   7.5069E+17   8.3427E+17   9.0242E+17   9.9443E+17   1.0722E+18   1.1395E+18   1.2073E+18   1.2776E+18   1.3215E+18   1.3668E+18   1.4104E+18   1.4736E+18   1.5513E+18   1.6297E+18
    1.8998E-03   6.9733E+16   1.2023E+17   2.8266E+17   5.3841E+17   6.5780E+17   7.3839E+17   8.2098E+17   9.1313E+17   9.8820E+17   1.0898E+18   1.1752E+18   1.2493E+18   1.3236E+18   1.4006E+18   1.4487E+18   1.4988E+18   1.5468E+18   1.6159E+18   1.7015E+18   1.7874E+18
    1.9897E-03   7.6019E+16   1.2971E+17   3.0328E+17   5.8412E+17   7.1681E+17   8.0628E+17   8.9772E+17   9.9936E+17   1.0821E+18   1.1942E+18   1.2880E+18   1.3697E+18   1.4510E+18   1.5353E+18   1.5882E+18   1.6434E+18   1.6964E+18   1.7718E+18   1.8661E+18   1.9602E+18
    2.0838E-03   8.2895E+16   1.4003E+17   3.2539E+17   6.3345E+17   7.8091E+17   8.8024E+17   9.8148E+17   1.0936E+18   1.1847E+18   1.3086E+18   1.4116E+18   1.5016E+18   1.5908E+18   1.6831E+18   1.7412E+18   1.8021E+18   1.8604E+18   1.9428E+18   2.0467E+18   2.1499E+18
    2.1823E-03   9.0470E+16   1.5140E+17   3.4938E+17   6.8681E+17   8.5061E+17   9.6086E+17   1.0729E+18   1.1968E+18   1.2971E+18   1.4339E+18   1.5470E+18   1.6461E+18   1.7439E+18   1.8450E+18   1.9089E+18   1.9758E+18   2.0402E+18   2.1299E+18   2.2443E+18   2.3575E+18
    2.2855E-03   9.8700E+16   1.6360E+17   3.7483E+17   7.4414E+17   9.2612E+17   1.0485E+18   1.1727E+18   1.3095E+18   1.4200E+18   1.5712E+18   1.6954E+18   1.8044E+18   1.9118E+18   2.0226E+18   2.0928E+18   2.1664E+18   2.2375E+18   2.3354E+18   2.4613E+18   2.5855E+18
    2.3936E-03   1.0771E+17   1.7688E+17   4.0214E+17   8.0589E+17   1.0080E+18   1.1439E+18   1.2815E+18   1.4327E+18   1.5544E+18   1.7215E+18   1.8579E+18   1.9778E+18   2.0959E+18   2.2173E+18   2.2944E+18   2.3752E+18   2.4539E+18   2.5606E+18   2.6991E+18   2.8355E+18
    2.5068E-03   1.1756E+17   1.9134E+17   4.3147E+17   8.7240E+17   1.0969E+18   1.2477E+18   1.4002E+18   1.5673E+18   1.7015E+18   1.8862E+18   2.0360E+18   2.1679E+18   2.2977E+18   2.4307E+18   2.5155E+18   2.6042E+18   2.6912E+18   2.8074E+18   2.9598E+18   3.1096E+18
    2.6253E-03   1.2835E+17   2.0709E+17   4.6297E+17   9.4401E+17   1.1931E+18   1.3606E+18   1.5296E+18   1.7145E+18   1.8624E+18   2.0666E+18   2.2311E+18   2.3761E+18   2.5189E+18   2.6648E+18   2.7579E+18   2.8551E+18   2.9514E+18   3.0780E+18   3.2455E+18   3.4101E+18
    2.7495E-03   1.4016E+17   2.2425E+17   4.9681E+17   1.0211E+18   1.2974E+18   1.4832E+18   1.6706E+18   1.8754E+18   2.0384E+18   2.2641E+18   2.4448E+18   2.6042E+18   2.7614E+18   2.9214E+18   3.0235E+18   3.1301E+18   3.2368E+18   3.3747E+18   3.5585E+18   3.7396E+18
    2.8795E-03   1.5308E+17   2.4296E+17   5.3318E+17   1.1040E+18   1.4102E+18   1.6165E+18   1.8243E+18   2.0512E+18   2.2308E+18   2.4804E+18   2.6789E+18   2.8540E+18   3.0272E+18   3.2027E+18   3.3148E+18   3.4315E+18   3.5497E+18   3.7000E+18   3.9015E+18   4.1008E+18
    3.0157E-03   1.6723E+17   2.6335E+17   5.7228E+17   1.1932E+18   1.5323E+18   1.7612E+18   1.9917E+18   2.2433E+18   2.4413E+18   2.7172E+18   2.9354E+18   3.1278E+18   3.3186E+18   3.5111E+18   3.6340E+18   3.7617E+18   3.8927E+18   4.0567E+18   4.2774E+18   4.4968E+18
    3.1583E-03   1.8272E+17   2.8560E+17   6.1433E+17   1.2892E+18   1.6644E+18   1.9182E+18   2.1741E+18   2.4531E+18   2.6714E+18   2.9766E+18   3.2164E+18   3.4277E+18   3.6379E+18   3.8493E+18   3.9838E+18   4.1236E+18   4.2689E+18   4.4476E+18   4.6892E+18   4.9308E+18
    3.3076E-03   1.9968E+17   3.0986E+17   6.5959E+17   1.3923E+18   1.8071E+18   2.0887E+18   2.3726E+18   2.6823E+18   2.9231E+18   3.2605E+18   3.5242E+18   3.7562E+18   3.9878E+18   4.2200E+18   4.3673E+18   4.5202E+18   4.6814E+18   4.8766E+18   5.1408E+18   5.4070E+18
    3.4641E-03   2.1840E+17   3.3715E+17   7.1071E+17   1.5058E+18   1.9634E+18   2.2750E+18   2.5898E+18   2.9334E+18   3.1986E+18   3.5714E+18   3.8614E+18   4.1160E+18   4.3709E+18   4.6259E+18   4.7870E+18   4.9543E+18   5.1326E+18   5.3459E+18   5.6347E+18   5.9276E+18
    3.6279E-03   2.3873E+17   3.6604E+17   7.6329E+17   1.6248E+18   2.1300E+18   2.4755E+18   2.8250E+18   3.2067E+18   3.4994E+18   3.9117E+18   4.2309E+18   4.5104E+18   4.7911E+18   5.0713E+18   5.2475E+18   5.4305E+18   5.6283E+18   5.8612E+18   6.1768E+18   6.4995E+18
    3.7994E-03   2.6100E+17   3.9757E+17   8.2002E+17   1.7526E+18   2.3100E+18   2.6926E+18   3.0807E+18   3.5051E+18   3.8282E+18   4.2842E+18   4.6356E+18   4.9424E+18   5.2514E+18   5.5594E+18   5.7519E+18   5.9522E+18   6.1715E+18   6.4259E+18   6.7703E+18   7.1258E+18
    3.9791E-03   2.8538E+17   4.3200E+17   8.8130E+17   1.8898E+18   2.5041E+18   2.9278E+18   3.3588E+18   3.8307E+18   4.1875E+18   4.6918E+18   5.0790E+18   5.4157E+18   5.7557E+18   6.0942E+18   6.3045E+18   6.5237E+18   6.7668E+18   7.0448E+18   7.4206E+18   7.8122E+18
    4.1673E-03   3.1209E+17   4.6961E+17   9.4752E+17   2.0370E+18   2.7136E+18   3.1825E+18   3.6610E+18   4.1860E+18   4.5800E+18   5.1378E+18   5.5646E+18   5.9342E+18   6.3081E+18   6.6803E+18   6.9099E+18   7.1500E+18   7.4193E+18   7.7231E+18   8.1331E+18   8.5643E+18
    4.3644E-03   3.4134E+17   5.1069E+17   1.0191E+18   2.1949E+18   2.9394E+18   3.4580E+18   3.9893E+18   4.5735E+18   5.0089E+18   5.6259E+18   6.0965E+18   6.5022E+18   6.9132E+18   7.3226E+18   7.5732E+18   7.8363E+18   8.1344E+18   8.4665E+18   8.9137E+18   9.3885E+18
    4.5707E-03   3.7339E+17   5.5556E+17   1.0966E+18   2.3642E+18   3.1828E+18   3.7561E+18   4.3458E+18   4.9960E+18   5.4774E+18   6.1598E+18   6.6790E+18   7.1246E+18   7.5760E+18   8.0263E+18   8.2998E+18   8.5884E+18   8.9182E+18   9.2812E+18   9.7691E+18   1.0292E+19
    4.7869E-03   4.0848E+17   6.0460E+17   1.1805E+18   2.5459E+18   3.4449E+18   4.0784E+18   4.7329E+18   5.4565E+18   5.9891E+18   6.7438E+18   7.3168E+18   7.8064E+18   8.3019E+18   8.7973E+18   9.0958E+18   9.4125E+18   9.7771E+18   1.0174E+19   1.0706E+19   1.1281E+19
    5.0133E-03   4.4693E+17   6.5820E+17   1.2714E+18   2.7407E+18   3.7272E+18   4.4267E+18   5.1529E+18   5.9582E+18   6.5477E+18   7.3825E+18   8.0152E+18   8.5534E+18   9.0970E+18   9.6419E+18   9.9678E+18   1.0316E+19   1.0718E+19   1.1152E+19   1.1733E+19   1.2365E+19
    5.2503E-03   4.8905E+17   7.1678E+17   1.3699E+18   2.9498E+18   4.0309E+18   4.8029E+18   5.6086E+18   6.5047E+18   7.1574E+18   8.0809E+18   8.7797E+18   9.3717E+18   9.9677E+18   1.0567E+19   1.0923E+19   1.1305E+19   1.1750E+19   1.2223E+19   1.2858E+19   1.3553E+19
    5.4986E-03   5.3520E+17   7.8082E+17   1.4767E+18   3.1741E+18   4.3576E+18   5.2091E+18   6.1026E+18   7.0997E+18   7.8229E+18   8.8442E+18   9.6164E+18   1.0268E+19   1.0921E+19   1.1581E+19   1.1969E+19   1.2390E+19   1.2880E+19   1.3397E+19   1.4091E+19   1.4854E+19
    5.7587E-03   5.8575E+17   8.5085E+17   1.5926E+18   3.4148E+18   4.7091E+18   5.6474E+18   6.6380E+18   7.7472E+18   8.5489E+18   9.6786E+18   1.0532E+19   1.1250E+19   1.1966E+19   1.2691E+19   1.3116E+19   1.3578E+19   1.4118E+19   1.4683E+19   1.5441E+19   1.6280E+19
    6.0310E-03   6.4114E+17   9.2744E+17   1.7183E+18   3.6734E+18   5.0870E+18   6.1203E+18   7.2181E+18   8.4519E+18   9.3409E+18   1.0591E+19   1.1534E+19   1.2326E+19   1.3110E+19   1.3909E+19   1.4372E+19   1.4882E+19   1.5475E+19   1.6093E+19   1.6921E+19   1.7844E+19
    6.3162E-03   7.0198E+17   1.0131E+18   1.8660E+18   3.9784E+18   5.5218E+18   6.6570E+18   7.8685E+18   9.2336E+18   1.0216E+19   1.1595E+19   1.2635E+19   1.3508E+19   1.4366E+19   1.5244E+19   1.5752E+19   1.6312E+19   1.6964E+19   1.7638E+19   1.8544E+19   1.9556E+19
    6.6149E-03   7.6841E+17   1.1048E+18   2.0146E+18   4.2781E+18   5.9603E+18   7.2090E+18   8.5504E+18   1.0068E+19   1.1158E+19   1.2684E+19   1.3835E+19   1.4798E+19   1.5738E+19   1.6705E+19   1.7260E+19   1.7877E+19   1.8593E+19   1.9329E+19   2.0320E+19   2.1432E+19
    6.9277E-03   8.4120E+17   1.2050E+18   2.1760E+18   4.6002E+18   6.4316E+18   7.8037E+18   9.2881E+18   1.0975E+19   1.2185E+19   1.3873E+19   1.5146E+19   1.6211E+19   1.7240E+19   1.8303E+19   1.8912E+19   1.9591E+19   2.0377E+19   2.1180E+19   2.2265E+19   2.3485E+19
    7.2553E-03   9.2095E+17   1.3146E+18   2.3515E+18   4.9465E+18   6.9379E+18   8.4446E+18   1.0086E+19   1.1959E+19   1.3303E+19   1.5172E+19   1.6580E+19   1.7758E+19   1.8884E+19   2.0054E+19   2.0721E+19   2.1468E+19   2.2331E+19   2.3207E+19   2.4394E+19   2.5734E+19
    7.5984E-03   1.0083E+18   1.4346E+18   2.5424E+18   5.3189E+18   7.4818E+18   9.1347E+18   1.0949E+19   1.3029E+19   1.4520E+19   1.6590E+19   1.8148E+19   1.9451E+19   2.0685E+19   2.1971E+19   2.2703E+19   2.3525E+19   2.4471E+19   2.5426E+19   2.6725E+19   2.8197E+19
    7.9577E-03   1.1041E+18   1.5659E+18   2.7501E+18   5.7197E+18   8.0662E+18   9.8778E+18   1.1881E+19   1.4189E+19   1.5845E+19   1.8137E+19   1.9862E+19   2.1303E+19   2.2655E+19   2.4070E+19   2.4875E+19   2.5778E+19   2.6815E+19   2.7856E+19   2.9277E+19   3.0894E+19
    8.3341E-03   1.2090E+18   1.7095E+18   2.9761E+18   6.1511E+18   8.6941E+18   1.0678E+19   1.2888E+19   1.5448E+19   1.7286E+19   1.9827E+19   2.1735E+19   2.3331E+19   2.4813E+19   2.6368E+19   2.7254E+19   2.8245E+19   2.9382E+19   3.0517E+19   3.2072E+19   3.3848E+19
    8.7282E-03   1.3240E+18   1.8668E+18   3.2222E+18   6.6154E+18   9.3688E+18   1.1538E+19   1.3976E+19   1.6814E+19   1.8854E+19   2.1670E+19   2.3781E+19   2.5548E+19   2.7174E+19   2.8885E+19   2.9861E+19   3.0947E+19   3.2193E+19   3.3431E+19   3.5131E+19   3.7082E+19
    9.1409E-03   1.4499E+18   2.0389E+18   3.4902E+18   7.1156E+18   1.0094E+19   1.2465E+19   1.5150E+19   1.8294E+19   2.0558E+19   2.3681E+19   2.6018E+19   2.7974E+19   2.9759E+19   3.1640E+19   3.2716E+19   3.3906E+19   3.5271E+19   3.6621E+19   3.8479E+19   4.0623E+19
    9.5732E-03   1.5880E+18   2.2273E+18   3.7823E+18   7.6546E+18   1.0873E+19   1.3461E+19   1.6416E+19   1.9898E+19   2.2410E+19   2.5875E+19   2.8462E+19   3.0627E+19   3.2588E+19   3.4656E+19   3.5844E+19   3.7145E+19   3.8641E+19   4.0114E+19   4.2144E+19   4.4500E+19
    1.0026E-02   1.7393E+18   2.4335E+18   4.1006E+18   8.2357E+18   1.1711E+19   1.4533E+19   1.7783E+19   2.1636E+19   2.4423E+19   2.8267E+19   3.1131E+19   3.3528E+19   3.5684E+19   3.7958E+19   3.9271E+19   4.0691E+19   4.2331E+19   4.3939E+19   4.6155E+19   4.8743E+19
    1.0500E-02   1.9050E+18   2.6594E+18   4.4476E+18   8.8628E+18   1.2613E+19   1.5685E+19   1.9256E+19   2.3518E+19   2.6608E+19   3.0874E+19   3.4048E+19   3.6700E+19   3.9072E+19   4.1572E+19   4.3023E+19   4.4573E+19   4.6370E+19   4.8127E+19   5.0543E+19   5.3388E+19
    1.0997E-02   2.0867E+18   2.9067E+18   4.8260E+18   9.5397E+18   1.3582E+19   1.6925E+19   2.0845E+19   2.5556E+19   2.8981E+19   3.3717E+19   3.7233E+19   4.0167E+19   4.2779E+19   4.5528E+19   4.7132E+19   4.8822E+19   5.0792E+19   5.2712E+19   5.5345E+19   5.8472E+19
    1.1517E-02   2.2858E+18   3.1775E+18   5.2389E+18   1.0271E+19   1.4625E+19   1.8259E+19   2.2558E+19   2.7761E+19   3.1556E+19   3.6814E+19   4.0710E+19   4.3956E+19   4.6834E+19   4.9857E+19   5.1632E+19   5.3473E+19   5.5631E+19   5.7732E+19   6.0599E+19   6.4035E+19
    1.2061E-02   2.5040E+18   3.4741E+18   5.6893E+18   1.1062E+19   1.5747E+19   1.9693E+19   2.4404E+19   3.0146E+19   3.4350E+19   4.0187E+19   4.4508E+19   4.8097E+19   5.1271E+19   5.4596E+19   5.6558E+19   5.8562E+19   6.0927E+19   6.3227E+19   6.6346E+19   7.0123E+19
    1.2632E-02   2.7431E+18   3.7989E+18   6.1809E+18   1.1917E+19   1.6954E+19   2.1236E+19   2.6393E+19   3.2726E+19   3.7380E+19   4.3861E+19   4.8652E+19   5.2621E+19   5.6123E+19   5.9781E+19   6.1950E+19   6.4131E+19   6.6723E+19   6.9245E+19   7.2634E+19   7.6784E+19
    1.3229E-02   3.0052E+18   4.1547E+18   6.7175E+18   1.2842E+19   1.8255E+19   2.2896E+19   2.8536E+19   3.5515E+19   4.0667E+19   4.7862E+19   5.3178E+19   5.7566E+19   6.1433E+19   6.5459E+19   6.7854E+19   7.0229E+19   7.3068E+19   7.5836E+19   7.9516E+19   8.4075E+19
    1.3855E-02   3.2884E+18   4.5455E+18   7.3220E+18   1.3914E+19   1.9764E+19   2.4812E+19   3.0981E+19   3.8654E+19   4.4336E+19   5.2292E+19   5.8168E+19   6.3007E+19   6.7266E+19   7.1689E+19   7.4328E+19   7.6912E+19   8.0017E+19   8.3051E+19   8.7040E+19   9.2044E+19
    1.4510E-02   3.6023E+18   4.9720E+18   7.9627E+18   1.5004E+19   2.1283E+19   2.6746E+19   3.3483E+19   4.1927E+19   4.8211E+19   5.7041E+19   6.3561E+19   6.8912E+19   7.3620E+19   7.8489E+19   8.1399E+19   8.4214E+19   8.7614E+19   9.0950E+19   9.5273E+19   1.0077E+20
    1.5196E-02   3.9462E+18   5.4391E+18   8.6625E+18   1.6184E+19   2.2921E+19   2.8829E+19   3.6177E+19   4.5462E+19   5.2407E+19   6.2203E+19   6.9441E+19   7.5357E+19   8.0563E+19   8.5925E+19   8.9130E+19   9.2197E+19   9.5919E+19   9.9590E+19   1.0427E+20   1.1030E+20
    1.5914E-02   4.3230E+18   5.9507E+18   9.4269E+18   1.7465E+19   2.4689E+19   3.1071E+19   3.9078E+19   4.9279E+19   5.6951E+19   6.7817E+19   7.5850E+19   8.2392E+19   8.8152E+19   9.4058E+19   9.7585E+19   1.0093E+20   1.0500E+20   1.0905E+20   1.1411E+20   1.2073E+20
    1.6667E-02   4.7359E+18   6.5111E+18   1.0262E+19   1.8853E+19   2.6596E+19   3.3486E+19   4.2203E+19   5.3401E+19   6.1870E+19   7.3920E+19   8.2836E+19   9.0071E+19   9.6446E+19   1.0295E+20   1.0683E+20   1.1048E+20   1.1494E+20   1.1939E+20   1.2487E+20   1.3212E+20
    1.7455E-02   5.1883E+18   7.1251E+18   1.1175E+19   2.0359E+19   2.8656E+19   3.6088E+19   4.5568E+19   5.7851E+19   6.7195E+19   8.0551E+19   9.0446E+19   9.8451E+19   1.0551E+20   1.1268E+20   1.1694E+20   1.2093E+20   1.2580E+20   1.3072E+20   1.3663E+20   1.4458E+20
    1.8281E-02   5.6839E+18   7.7977E+18   1.2172E+19   2.1995E+19   3.0882E+19   3.8893E+19   4.9193E+19   6.2653E+19   7.2956E+19   8.7757E+19   9.8736E+19   1.0759E+20   1.1541E+20   1.2331E+20   1.2799E+20   1.3235E+20   1.3769E+20   1.4310E+20   1.4949E+20   1.5819E+20
    1.9145E-02   6.2270E+18   8.5346E+18   1.3263E+19   2.3770E+19   3.3288E+19   4.1917E+19   5.3097E+19   6.7835E+19   7.9189E+19   9.5582E+19   1.0776E+20   1.1757E+20   1.2622E+20   1.3494E+20   1.4006E+20   1.4483E+20   1.5068E+20   1.5666E+20   1.6354E+20   1.7307E+20
    2.0051E-02   6.8220E+18   9.3418E+18   1.4455E+19   2.5700E+19   3.5890E+19   4.5178E+19   5.7303E+19   7.3425E+19   8.5929E+19   1.0408E+20   1.1759E+20   1.2844E+20   1.3803E+20   1.4764E+20   1.5326E+20   1.5848E+20   1.6488E+20   1.7148E+20   1.7890E+20   1.8933E+20
    2.0999E-02   7.4739E+18   1.0226E+19   1.5759E+19   2.7797E+19   3.8704E+19   4.8696E+19   6.1834E+19   7.9455E+19   9.3216E+19   1.1330E+20   1.2828E+20   1.4030E+20   1.5092E+20   1.6152E+20   1.6768E+20   1.7340E+20   1.8041E+20   1.8768E+20   1.9569E+20   2.0709E+20
    2.1992E-02   8.1881E+18   1.1195E+19   1.7185E+19   3.0077E+19   4.1751E+19   5.2492E+19   6.6715E+19   8.5959E+19   1.0109E+20   1.2331E+20   1.3992E+20   1.5322E+20   1.6498E+20   1.7668E+20   1.8343E+20   1.8970E+20   1.9739E+20   2.0540E+20   2.1403E+20   2.2649E+20
    2.3032E-02   8.9705E+18   1.2257E+19   1.8745E+19   3.2557E+19   4.5050E+19   5.6591E+19   7.1977E+19   9.2973E+19   1.0960E+20   1.3417E+20   1.5257E+20   1.6731E+20   1.8033E+20   1.9324E+20   2.0063E+20   2.0752E+20   2.1594E+20   2.2477E+20   2.3406E+20   2.4767E+20
    2.4121E-02   9.8277E+18   1.3421E+19   2.0451E+19   3.5256E+19   4.8624E+19   6.1019E+19   7.7649E+19   1.0054E+20   1.1880E+20   1.4594E+20   1.6633E+20   1.8265E+20   1.9708E+20   2.1132E+20   2.1942E+20   2.2698E+20   2.3621E+20   2.4594E+20   2.5593E+20   2.7080E+20
    2.5262E-02   1.0767E+19   1.4695E+19   2.2317E+19   3.8194E+19   5.2498E+19   6.5805E+19   8.3767E+19   1.0870E+20   1.2873E+20   1.5871E+20   1.8129E+20   1.9936E+20   2.1534E+20   2.3106E+20   2.3994E+20   2.4823E+20   2.5836E+20   2.6907E+20   2.7981E+20   2.9605E+20
    2.6456E-02   1.1795E+19   1.6092E+19   2.4360E+19   4.1393E+19   5.6699E+19   7.0979E+19   9.0368E+19   1.1750E+20   1.3946E+20   1.7256E+20   1.9755E+20   2.1757E+20   2.3526E+20   2.5260E+20   2.6233E+20   2.7145E+20   2.8255E+20   2.9434E+20   3.0588E+20   3.2360E+20
    2.7707E-02   1.2922E+19   1.7622E+19   2.6595E+19   4.4878E+19   6.1257E+19   7.6577E+19   9.7491E+19   1.2699E+20   1.5105E+20   1.8756E+20   2.1521E+20   2.3738E+20   2.5697E+20   2.7611E+20   2.8677E+20   2.9681E+20   3.0898E+20   3.2193E+20   3.3432E+20   3.5367E+20
    2.9018E-02   1.4156E+19   1.9299E+19   2.9040E+19   4.8674E+19   6.6204E+19   8.2635E+19   1.0518E+20   1.3723E+20   1.6356E+20   2.0381E+20   2.3440E+20   2.5895E+20   2.8064E+20   3.0175E+20   3.1345E+20   3.2449E+20   3.3783E+20   3.5205E+20   3.6536E+20   3.8647E+20
    3.0390E-02   1.5508E+19   2.1136E+19   3.1718E+19   5.2812E+19   7.1575E+19   8.9195E+19   1.1348E+20   1.4827E+20   1.7707E+20   2.2141E+20   2.5525E+20   2.8242E+20   3.0643E+20   3.2972E+20   3.4255E+20   3.5472E+20   3.6933E+20   3.8494E+20   3.9921E+20   4.2224E+20
    3.1827E-02   1.6988E+19   2.3149E+19   3.4648E+19   5.7323E+19   7.7410E+19   9.6300E+19   1.2246E+20   1.6019E+20   1.9166E+20   2.4048E+20   2.7788E+20   3.0796E+20   3.3454E+20   3.6021E+20   3.7431E+20   3.8773E+20   4.0371E+20   4.2083E+20   4.3612E+20   4.6124E+20
    3.3332E-02   1.8609E+19   2.5354E+19   3.7855E+19   6.2242E+19   8.3752E+19   1.0400E+20   1.3215E+20   1.7304E+20   2.0741E+20   2.6112E+20   3.0245E+20   3.3574E+20   3.6516E+20   3.9346E+20   4.0896E+20   4.2375E+20   4.4123E+20   4.5999E+20   4.7636E+20   5.0376E+20
    3.4908E-02   2.0383E+19   2.7771E+19   4.1367E+19   6.7608E+19   9.0645E+19   1.1235E+20   1.4263E+20   1.8692E+20   2.2441E+20   2.8347E+20   3.2912E+20   3.6594E+20   3.9853E+20   4.2971E+20   4.4675E+20   4.6308E+20   4.8217E+20   5.0270E+20   5.2021E+20   5.5010E+20
    3.6559E-02   2.2326E+19   3.0418E+19   4.5211E+19   7.3462E+19   9.8142E+19   1.2141E+20   1.5397E+20   2.0190E+20   2.4277E+20   3.0765E+20   3.5806E+20   3.9877E+20   4.3487E+20   4.6921E+20   4.8796E+20   5.0600E+20   5.2682E+20   5.4928E+20   5.6799E+20   6.0059E+20
    3.8288E-02   2.4453E+19   3.3317E+19   4.9420E+19   7.9850E+19   1.0630E+20   1.3123E+20   1.6623E+20   2.1808E+20   2.6260E+20   3.3383E+20   3.8945E+20   4.3446E+20   4.7445E+20   5.1225E+20   5.3290E+20   5.5284E+20   5.7552E+20   6.0007E+20   6.2004E+20   6.5559E+20
    4.0099E-02   2.6782E+19   3.6494E+19   5.4029E+19   8.6822E+19   1.1517E+20   1.4190E+20   1.7951E+20   2.3556E+20   2.8401E+20   3.6215E+20   4.2351E+20   4.7325E+20   5.1755E+20   5.5915E+20   5.8190E+20   6.0394E+20   6.2863E+20   6.5544E+20   6.7673E+20   7.1548E+20
    4.1995E-02   2.9330E+19   3.9974E+19   5.9075E+19   9.4434E+19   1.2483E+20   1.5348E+20   1.9389E+20   2.5444E+20   3.0714E+20   3.9279E+20   4.6044E+20   5.1539E+20   5.6448E+20   6.1024E+20   6.3533E+20   6.5969E+20   6.8653E+20   7.1579E+20   7.3846E+20   7.8068E+20
    4.3981E-02   3.2118E+19   4.3785E+19   6.4600E+19   1.0275E+20   1.3535E+20   1.6606E+20   2.0946E+20   2.7484E+20   3.3212E+20   4.2594E+20   5.0048E+20   5.6116E+20   6.1556E+20   6.6588E+20   6.9356E+20   7.2050E+20   7.4966E+20   7.8154E+20   8.0565E+20   8.5163E+20
    4.6061E-02   3.5169E+19   4.7959E+19   7.0650E+19   1.1182E+20   1.4682E+20   1.7973E+20   2.2634E+20   2.9690E+20   3.5910E+20   4.6179E+20   5.4389E+20   6.1088E+20   6.7117E+20   7.2648E+20   7.5703E+20   7.8682E+20   8.1845E+20   8.5318E+20   8.7877E+20   9.2884E+20
    4.8239E-02   3.8507E+19   5.2530E+19   7.7275E+19   1.2174E+20   1.5930E+20   1.9460E+20   2.4464E+20   3.2075E+20   3.8826E+20   5.0057E+20   5.9094E+20   6.6487E+20   7.3169E+20   7.9247E+20   8.2619E+20   8.5912E+20   8.9343E+20   9.3122E+20   9.5836E+20   1.0128E+21
    5.0520E-02   4.2157E+19   5.7535E+19   8.4528E+19   1.3257E+20   1.7291E+20   2.1076E+20   2.6449E+20   3.4656E+20   4.1978E+20   5.4252E+20   6.4194E+20   7.2351E+20   7.9756E+20   8.6435E+20   9.0157E+20   9.3797E+20   9.7518E+20   1.0163E+21   1.0450E+21   1.1042E+21
    5.2909E-02   4.6147E+19   6.3014E+19   9.2472E+19   1.4441E+20   1.8775E+20   2.2837E+20   2.8606E+20   3.7454E+20   4.5392E+20   5.8800E+20   6.9734E+20   7.8733E+20   8.6940E+20   9.4279E+20   9.8389E+20   1.0241E+21   1.0644E+21   1.1091E+21   1.1394E+21   1.2038E+21
    5.5411E-02   4.8596E+19   6.7517E+19   1.0045E+20   1.5783E+20   2.0513E+20   2.4916E+20   3.1152E+20   4.0708E+20   4.9302E+20   6.3894E+20   7.5861E+20   8.5743E+20   9.4792E+20   1.0283E+21   1.0735E+21   1.1178E+21   1.1614E+21   1.2097E+21   1.2416E+21   1.3114E+21
    5.8032E-02   5.3083E+19   7.3844E+19   1.0982E+20   1.7193E+20   2.2282E+20   2.7011E+20   3.3710E+20   4.4010E+20   5.3319E+20   6.9239E+20   8.2385E+20   9.3278E+20   1.0330E+21   1.1213E+21   1.1712E+21   1.2200E+21   1.2673E+21   1.3197E+21   1.3531E+21   1.4288E+21
    6.0776E-02   5.7975E+19   8.0755E+19   1.2005E+20   1.8733E+20   2.4210E+20   2.9289E+20   3.6485E+20   4.7581E+20   5.7657E+20   7.5010E+20   8.9437E+20   1.0144E+21   1.1253E+21   1.2223E+21   1.2772E+21   1.3311E+21   1.3824E+21   1.4391E+21   1.4741E+21   1.5561E+21
    6.3650E-02   6.3307E+19   8.8306E+19   1.3125E+20   2.0414E+20   2.6311E+20   3.1769E+20   3.9499E+20   5.1450E+20   6.2351E+20   8.1252E+20   9.7076E+20   1.1029E+21   1.2257E+21   1.3322E+21   1.3926E+21   1.4521E+21   1.5075E+21   1.5690E+21   1.6054E+21   1.6942E+21
    6.6660E-02   6.9114E+19   9.6551E+19   1.4349E+20   2.2250E+20   2.8603E+20   3.4469E+20   4.2774E+20   5.5643E+20   6.7431E+20   8.8006E+20   1.0535E+21   1.1990E+21   1.3348E+21   1.4517E+21   1.5181E+21   1.5836E+21   1.6437E+21   1.7101E+21   1.7479E+21   1.8439E+21
    6.9813E-02   7.5441E+19   1.0555E+20   1.5687E+20   2.4256E+20   3.1103E+20   3.7409E+20   4.6333E+20   6.0189E+20   7.2931E+20   9.5313E+20   1.1431E+21   1.3033E+21   1.4533E+21   1.5816E+21   1.6546E+21   1.7268E+21   1.7919E+21   1.8636E+21   1.9025E+21   2.0062E+21
    7.3114E-02   8.2329E+19   1.1538E+20   1.7150E+20   2.6447E+20   3.3830E+20   4.0612E+20   5.0202E+20   6.5120E+20   7.8887E+20   1.0322E+21   1.2402E+21   1.4164E+21   1.5820E+21   1.7230E+21   1.8031E+21   1.8825E+21   1.9531E+21   2.0304E+21   2.0702E+21   2.1821E+21
    7.6571E-02   8.9824E+19   1.2611E+20   1.8749E+20   2.8841E+20   3.6804E+20   4.4101E+20   5.4410E+20   7.0469E+20   8.5339E+20   1.1178E+21   1.3453E+21   1.5390E+21   1.7219E+21   1.8767E+21   1.9644E+21   2.0518E+21   2.1283E+21   2.2115E+21   2.2520E+21   2.3727E+21
    8.0193E-02   9.7980E+19   1.3781E+20   2.0496E+20   3.1455E+20   4.0049E+20   4.7903E+20   5.8988E+20   7.6273E+20   9.2329E+20   1.2104E+21   1.4592E+21   1.6721E+21   1.8738E+21   2.0438E+21   2.1398E+21   2.2358E+21   2.3188E+21   2.4083E+21   2.4490E+21   2.5790E+21
    8.3985E-02   1.0685E+20   1.5057E+20   2.2405E+20   3.4311E+20   4.3590E+20   5.2046E+20   6.3967E+20   8.2574E+20   9.9906E+20   1.3107E+21   1.5825E+21   1.8163E+21   2.0387E+21   2.2254E+21   2.3303E+21   2.4358E+21   2.5258E+21   2.6219E+21   2.6624E+21   2.8023E+21
    8.7956E-02   1.1649E+20   1.6449E+20   2.4491E+20   3.7430E+20   4.7454E+20   5.6562E+20   6.9386E+20   8.9416E+20   1.0812E+21   1.4193E+21   1.7161E+21   1.9728E+21   2.2177E+21   2.4227E+21   2.5372E+21   2.6531E+21   2.7507E+21   2.8537E+21   2.8935E+21   3.0439E+21
    9.2116E-02   1.2697E+20   1.7966E+20   2.6770E+20   4.0837E+20   5.1670E+20   6.1485E+20   7.5284E+20   9.6847E+20   1.1703E+21   1.5369E+21   1.8608E+21   2.1424E+21   2.4119E+21   2.6371E+21   2.7620E+21   2.8891E+21   2.9949E+21   3.1052E+21   3.1435E+21   3.3051E+21
    9.6472E-02   1.3835E+20   1.9620E+20   2.9259E+20   4.4559E+20   5.6271E+20   6.6852E+20   8.1704E+20   1.0492E+21   1.2669E+21   1.6643E+21   2.0175E+21   2.3263E+21   2.6226E+21   2.8699E+21   3.0060E+21   3.1454E+21   3.2602E+21   3.3779E+21   3.4140E+21   3.5875E+21
    1.0103E-01   1.5070E+20   2.1421E+20   3.1976E+20   4.8624E+20   6.1292E+20   7.2703E+20   8.8695E+20   1.1369E+21   1.3718E+21   1.8023E+21   2.1872E+21   2.5256E+21   2.8512E+21   3.1227E+21   3.2710E+21   3.4236E+21   3.5481E+21   3.6735E+21   3.7064E+21   3.8924E+21
    1.0581E-01   1.6410E+20   2.3383E+20   3.4942E+20   5.3063E+20   6.6772E+20   7.9083E+20   9.6307E+20   1.2322E+21   1.4855E+21   1.9518E+21   2.3711E+21   2.7417E+21   3.0991E+21   3.3972E+21   3.5585E+21   3.7254E+21   3.8605E+21   3.9938E+21   4.0224E+21   4.2217E+21
    1.1082E-01   1.7864E+20   2.5518E+20   3.8180E+20   5.7910E+20   7.2752E+20   8.6040E+20   1.0460E+21   1.3359E+21   1.6091E+21   2.1139E+21   2.5703E+21   2.9759E+21   3.3678E+21   3.6950E+21   3.8705E+21   4.0529E+21   4.1993E+21   4.3408E+21   4.3637E+21   4.5771E+21
    1.1606E-01   1.9439E+20   2.7841E+20   4.1713E+20   6.3203E+20   7.9278E+20   9.3628E+20   1.1363E+21   1.4486E+21   1.7432E+21   2.2895E+21   2.7861E+21   3.2297E+21   3.6592E+21   4.0181E+21   4.2090E+21   4.4082E+21   4.5668E+21   4.7166E+21   4.7322E+21   4.9604E+21
    1.2154E-01   2.1145E+20   3.0368E+20   4.5567E+20   6.8981E+20   8.6401E+20   1.0190E+21   1.2347E+21   1.5712E+21   1.8889E+21   2.4800E+21   3.0199E+21   3.5049E+21   3.9749E+21   4.3686E+21   4.5762E+21   4.7933E+21   4.9651E+21   5.1232E+21   5.1297E+21   5.3736E+21
    1.2729E-01   2.2993E+20   3.3116E+20   4.9771E+20   7.5290E+20   9.4173E+20   1.1093E+21   1.3419E+21   1.7045E+21   2.0471E+21   2.6865E+21   3.2733E+21   3.8030E+21   4.3171E+21   4.7486E+21   4.9743E+21   5.2108E+21   5.3968E+21   5.5632E+21   5.5584E+21   5.8187E+21
    1.3331E-01   2.4991E+20   3.6102E+20   5.4354E+20   8.2176E+20   1.0265E+21   1.2077E+21   1.4587E+21   1.8496E+21   2.2190E+21   2.9105E+21   3.5479E+21   4.1261E+21   4.6879E+21   5.1605E+21   5.4060E+21   5.6632E+21   5.8643E+21   6.0389E+21   6.0204E+21   6.2981E+21
    1.3962E-01   2.7151E+20   3.9345E+20   5.9349E+20   8.9691E+20   1.1191E+21   1.3150E+21   1.5860E+21   2.0074E+21   2.4058E+21   3.1534E+21   3.8455E+21   4.4763E+21   5.0895E+21   5.6068E+21   5.8739E+21   6.1532E+21   6.3705E+21   6.5531E+21   6.5182E+21   6.8140E+21
    1.4622E-01   2.9486E+20   4.2867E+20   6.4793E+20   9.7892E+20   1.2201E+21   1.4320E+21   1.7247E+21   2.1792E+21   2.6089E+21   3.4170E+21   4.1681E+21   4.8557E+21   5.5246E+21   6.0904E+21   6.3809E+21   6.6838E+21   6.9184E+21   7.1087E+21   7.0541E+21   7.3688E+21
    1.5313E-01   3.2006E+20   4.6688E+20   7.0722E+20   1.0684E+21   1.3302E+21   1.5597E+21   1.8758E+21   2.3661E+21   2.8296E+21   3.7031E+21   4.5178E+21   5.2669E+21   5.9958E+21   6.6142E+21   6.9302E+21   7.2583E+21   7.5112E+21   7.7087E+21   7.6307E+21   7.9652E+21
    1.6038E-01   3.4724E+20   5.0831E+20   7.7177E+20   1.1660E+21   1.4504E+21   1.6989E+21   2.0405E+21   2.5696E+21   3.0696E+21   4.0136E+21   4.8969E+21   5.7125E+21   6.5061E+21   7.1814E+21   7.5252E+21   7.8799E+21   8.1522E+21   8.3563E+21   8.2509E+21   8.6058E+21
    1.6796E-01   3.7654E+20   5.5322E+20   8.4204E+20   1.2724E+21   1.5814E+21   1.8507E+21   2.2201E+21   2.7911E+21   3.3306E+21   4.3505E+21   5.3079E+21   6.1953E+21   7.0587E+21   7.7955E+21   8.1694E+21   8.5523E+21   8.8451E+21   9.0550E+21   8.9175E+21   9.2936E+21
    1.7590E-01   4.0812E+20   6.0189E+20   9.1851E+20   1.3885E+21   1.7244E+21   2.0162E+21   2.4157E+21   3.0322E+21   3.6144E+21   4.7164E+21   5.7535E+21   6.7184E+21   7.6570E+21   8.4601E+21   8.8667E+21   9.2794E+21   9.5938E+21   9.8083E+21   9.6335E+21   1.0031E+22
    1.8422E-01   4.4210E+20   6.5457E+20   1.0017E+21   1.5150E+21   1.8803E+21   2.1966E+21   2.6289E+21   3.2947E+21   3.9230E+21   5.1135E+21   6.2368E+21   7.2852E+21   8.3048E+21   9.1792E+21   9.6213E+21   1.0065E+22   1.0402E+22   1.0620E+22   1.0402E+22   1.0823E+22
    1.9293E-01   4.7861E+20   7.1155E+20   1.0921E+21   1.6529E+21   2.0502E+21   2.3933E+21   2.8612E+21   3.5805E+21   4.2587E+21   5.5448E+21   6.7608E+21   7.8994E+21   9.0060E+21   9.9572E+21   1.0438E+22   1.0914E+22   1.1275E+22   1.1495E+22   1.1227E+22   1.1670E+22
    2.0206E-01   5.1783E+20   7.7314E+20   1.1903E+21   1.8031E+21   2.2354E+21   2.6077E+21   3.1144E+21   3.8916E+21   4.6238E+21   6.0131E+21   7.3292E+21   8.5649E+21   9.7650E+21   1.0799E+22   1.1320E+22   1.1832E+22   1.2217E+22   1.2436E+22   1.2111E+22   1.2577E+22
    2.1161E-01   5.5995E+20   8.3972E+20   1.2970E+21   1.9668E+21   2.4373E+21   2.8414E+21   3.3902E+21   4.2304E+21   5.0210E+21   6.5216E+21   7.9455E+21   9.2859E+21   1.0586E+22   1.1708E+22   1.2275E+22   1.2822E+22   1.3232E+22   1.3449E+22   1.3059E+22   1.3548E+22
    2.2162E-01   6.0514E+20   9.1163E+20   1.4129E+21   2.1450E+21   2.6572E+21   3.0961E+21   3.6907E+21   4.5991E+21   5.4529E+21   7.0738E+21   8.6139E+21   1.0067E+22   1.1475E+22   1.2692E+22   1.3306E+22   1.3890E+22   1.4327E+22   1.4538E+22   1.4073E+22   1.4586E+22
    2.3210E-01   6.5352E+20   9.8919E+20   1.5386E+21   2.3390E+21   2.8969E+21   3.3735E+21   4.0180E+21   5.0006E+21   5.9228E+21   7.6736E+21   9.3388E+21   1.0913E+22   1.2437E+22   1.3755E+22   1.4419E+22   1.5042E+22   1.5506E+22   1.5708E+22   1.5159E+22   1.5695E+22
    2.4307E-01   7.0527E+20   1.0728E+21   1.6749E+21   2.5501E+21   3.1578E+21   3.6757E+21   4.3745E+21   5.4375E+21   6.4339E+21   8.3249E+21   1.0125E+22   1.1830E+22   1.3478E+22   1.4903E+22   1.5622E+22   1.6284E+22   1.6775E+22   1.6965E+22   1.6320E+22   1.6878E+22
    2.5457E-01   7.6054E+20   1.1628E+21   1.8227E+21   2.7797E+21   3.4419E+21   4.0047E+21   4.7627E+21   5.9131E+21   6.9898E+21   9.0321E+21   1.0977E+22   1.2822E+22   1.4603E+22   1.6144E+22   1.6919E+22   1.7622E+22   1.8140E+22   1.8314E+22   1.7560E+22   1.8140E+22
    2.6661E-01   8.1951E+20   1.2597E+21   1.9827E+21   3.0293E+21   3.7510E+21   4.3630E+21   5.1854E+21   6.4306E+21   7.5944E+21   9.8001E+21   1.1902E+22   1.3897E+22   1.5820E+22   1.7483E+22   1.8319E+22   1.9064E+22   1.9609E+22   1.9760E+22   1.8884E+22   1.9485E+22
    2.7922E-01   8.8246E+20   1.3639E+21   2.1560E+21   3.3007E+21   4.0874E+21   4.7530E+21   5.6455E+21   6.9937E+21   8.2517E+21   1.0634E+22   1.2904E+22   1.5061E+22   1.7136E+22   1.8929E+22   1.9828E+22   2.0615E+22   2.1187E+22   2.1310E+22   2.0296E+22   2.0917E+22
    2.9242E-01   9.4954E+20   1.4759E+21   2.3435E+21   3.5957E+21   4.4534E+21   5.1774E+21   6.1463E+21   7.6063E+21   8.9664E+21   1.1539E+22   1.3990E+22   1.6321E+22   1.8559E+22   2.0488E+22   2.1455E+22   2.2285E+22   2.2881E+22   2.2970E+22   2.1802E+22   2.2440E+22
    3.0625E-01   1.0208E+21   1.5961E+21   2.5463E+21   3.9159E+21   4.8513E+21   5.6391E+21   6.6911E+21   8.2726E+21   9.7433E+21   1.2522E+22   1.5168E+22   1.7685E+22   2.0096E+22   2.2171E+22   2.3207E+22   2.4080E+22   2.4700E+22   2.4746E+22   2.3405E+22   2.4059E+22
    3.2073E-01   1.0965E+21   1.7249E+21   2.7653E+21   4.2635E+21   5.2837E+21   6.1411E+21   7.2837E+21   8.9972E+21   1.0588E+22   1.3589E+22   1.6444E+22   1.9161E+22   2.1756E+22   2.3985E+22   2.5093E+22   2.6008E+22   2.6651E+22   2.6645E+22   2.5111E+22   2.5778E+22
    3.3590E-01   1.1767E+21   1.8629E+21   3.0017E+21   4.6405E+21   5.7535E+21   6.6868E+21   7.9280E+21   9.7848E+21   1.1505E+22   1.4746E+22   1.7827E+22   2.0757E+22   2.3549E+22   2.5940E+22   2.7122E+22   2.8080E+22   2.8741E+22   2.8673E+22   2.6925E+22   2.7601E+22
    3.5178E-01   1.2615E+21   2.0104E+21   3.2566E+21   5.0492E+21   6.2635E+21   7.2797E+21   8.6282E+21   1.0641E+22   1.2502E+22   1.6001E+22   1.9325E+22   2.2483E+22   2.5484E+22   2.8045E+22   2.9304E+22   3.0304E+22   3.0980E+22   3.0839E+22   2.8851E+22   2.9534E+22
    3.6842E-01   1.3511E+21   2.1679E+21   3.5314E+21   5.4920E+21   6.8169E+21   7.9235E+21   9.3890E+21   1.1571E+22   1.3584E+22   1.7363E+22   2.0946E+22   2.4349E+22   2.7572E+22   3.0312E+22   3.1649E+22   3.2688E+22   3.3376E+22   3.3149E+22   3.0895E+22   3.1580E+22
    3.8584E-01   1.4455E+21   2.3360E+21   3.8272E+21   5.9715E+21   7.4173E+21   8.6224E+21   1.0215E+22   1.2581E+22   1.4759E+22   1.8839E+22   2.2702E+22   2.6366E+22   2.9824E+22   3.2750E+22   3.4167E+22   3.5244E+22   3.5938E+22   3.5611E+22   3.3062E+22   3.3743E+22
    4.0409E-01   1.5451E+21   2.5153E+21   4.1457E+21   6.4905E+21   8.0682E+21   9.3808E+21   1.1112E+22   1.3677E+22   1.6033E+22   2.0439E+22   2.4601E+22   2.8544E+22   3.2251E+22   3.5372E+22   3.6869E+22   3.7981E+22   3.8675E+22   3.8231E+22   3.5358E+22   3.6029E+22
    4.2320E-01   1.6500E+21   2.7063E+21   4.4882E+21   7.0520E+21   8.7737E+21   1.0203E+22   1.2085E+22   1.4866E+22   1.7416E+22   2.2172E+22   2.6656E+22   3.0895E+22   3.4866E+22   3.8190E+22   3.9766E+22   4.0909E+22   4.1597E+22   4.1019E+22   3.7786E+22   3.8442E+22
    4.4321E-01   1.7600E+21   2.9092E+21   4.8560E+21   7.6587E+21   9.5374E+21   1.1095E+22   1.3141E+22   1.6156E+22   1.8915E+22   2.4048E+22   2.8877E+22   3.3432E+22   3.7681E+22   4.1215E+22   4.2870E+22   4.4039E+22   4.4712E+22   4.3981E+22   4.0353E+22   4.0985E+22
    4.6417E-01   1.8751E+21   3.1245E+21   5.2503E+21   8.3136E+21   1.0364E+22   1.2060E+22   1.4284E+22   1.7555E+22   2.0539E+22   2.6079E+22   3.1277E+22   3.6168E+22   4.0709E+22   4.4460E+22   4.6193E+22   4.7383E+22   4.8031E+22   4.7125E+22   4.3063E+22   4.3663E+22
    4.8612E-01   1.9951E+21   3.3524E+21   5.6727E+21   9.0201E+21   1.1257E+22   1.3105E+22   1.5523E+22   1.9069E+22   2.2298E+22   2.8275E+22   3.3868E+22   3.9116E+22   4.3964E+22   4.7939E+22   4.9747E+22   5.0951E+22   5.1564E+22   5.0459E+22   4.5921E+22   4.6480E+22
    5.0911E-01   2.1202E+21   3.5932E+21   6.1245E+21   9.7813E+21   1.2222E+22   1.4234E+22   1.6863E+22   2.0708E+22   2.4201E+22   3.0649E+22   3.6664E+22   4.2291E+22   4.7460E+22   5.1665E+22   5.3545E+22   5.4756E+22   5.5320E+22   5.3991E+22   4.8932E+22   4.9439E+22
    5.3318E-01   2.2500E+21   3.8473E+21   6.6071E+21   1.0601E+22   1.3263E+22   1.5455E+22   1.8312E+22   2.2481E+22   2.6259E+22   3.3213E+22   3.9680E+22   4.5707E+22   5.1213E+22   5.5652E+22   5.7600E+22   5.8807E+22   5.9310E+22   5.7728E+22   5.2101E+22   5.2546E+22
    5.5840E-01   2.3844E+21   4.1149E+21   7.1219E+21   1.1482E+22   1.4385E+22   1.6772E+22   1.9877E+22   2.4397E+22   2.8483E+22   3.5981E+22   4.2928E+22   4.9379E+22   5.5237E+22   5.9914E+22   6.1924E+22   6.3117E+22   6.3543E+22   6.1679E+22   5.5432E+22   5.5802E+22
    5.8480E-01   2.5232E+21   4.3959E+21   7.6702E+21   1.2428E+22   1.5594E+22   1.8192E+22   2.1567E+22   2.6466E+22   3.0883E+22   3.8965E+22   4.6425E+22   5.3324E+22   5.9547E+22   6.4466E+22   6.6531E+22   6.7697E+22   6.8030E+22   6.5849E+22   5.8931E+22   5.9212E+22
    6.1246E-01   2.6659E+21   4.6904E+21   8.2530E+21   1.3444E+22   1.6895E+22   1.9723E+22   2.3389E+22   2.8698E+22   3.3473E+22   4.2180E+22   5.0186E+22   5.7556E+22   6.4159E+22   6.9320E+22   7.1434E+22   7.2559E+22   7.2779E+22   7.0248E+22   6.2601E+22   6.2781E+22
    6.4142E-01   2.8123E+21   4.9984E+21   8.8717E+21   1.4531E+22   1.8292E+22   2.1369E+22   2.5351E+22   3.1104E+22   3.6262E+22   4.5640E+22   5.4226E+22   6.2093E+22   6.9088E+22   7.4491E+22   7.6645E+22   7.7713E+22   7.7800E+22   7.4881E+22   6.6448E+22   6.6511E+22
    6.7175E-01   2.9623E+21   5.3200E+21   9.5275E+21   1.5695E+22   1.9792E+22   2.3139E+22   2.7462E+22   3.3693E+22   3.9265E+22   4.9360E+22   5.8561E+22   6.6949E+22   7.4351E+22   7.9994E+22   8.2177E+22   8.3172E+22   8.3102E+22   7.9756E+22   7.0477E+22   7.0408E+22
    7.0352E-01   3.1154E+21   5.6551E+21   1.0222E+22   1.6939E+22   2.1399E+22   2.5039E+22   2.9732E+22   3.6477E+22   4.2494E+22   5.3355E+22   6.3208E+22   7.2142E+22   7.9961E+22   8.5841E+22   8.8043E+22   8.8945E+22   8.8695E+22   8.4879E+22   7.4692E+22   7.4475E+22
    7.3679E-01   3.2705E+21   6.0026E+21   1.0954E+22   1.8265E+22   2.3120E+22   2.7075E+22   3.2166E+22   3.9467E+22   4.5960E+22   5.7639E+22   6.8181E+22   7.7686E+22   8.5934E+22   9.2046E+22   9.4255E+22   9.5043E+22   9.4586E+22   9.0257E+22   7.9100E+22   7.8718E+22
    7.7163E-01   3.4268E+21   6.3617E+21   1.1725E+22   1.9677E+22   2.4957E+22   2.9253E+22   3.4775E+22   4.2672E+22   4.9676E+22   6.2226E+22   7.3497E+22   8.3598E+22   9.2285E+22   9.8621E+22   1.0082E+23   1.0148E+23   1.0078E+23   9.5897E+22   8.3705E+22   8.3142E+22
    8.0812E-01   3.5835E+21   6.7316E+21   1.2534E+22   2.1176E+22   2.6916E+22   3.1581E+22   3.7566E+22   4.6103E+22   5.3654E+22   6.7131E+22   7.9170E+22   8.9893E+22   9.9028E+22   1.0558E+23   1.0776E+23   1.0825E+23   1.0729E+23   1.0180E+23   8.8516E+22   8.7754E+22
    8.4634E-01   3.7397E+21   7.1109E+21   1.3381E+22   2.2766E+22   2.9000E+22   3.4062E+22   4.0545E+22   4.9770E+22   5.7906E+22   7.2368E+22   8.5215E+22   9.6583E+22   1.0618E+23   1.1293E+23   1.1507E+23   1.1538E+23   1.1413E+23   1.0799E+23   9.3538E+22   9.2561E+22
    8.8636E-01   3.8942E+21   7.4983E+21   1.4265E+22   2.4446E+22   3.1214E+22   3.6702E+22   4.3721E+22   5.3682E+22   6.2441E+22   7.7948E+22   9.1646E+22   1.0368E+23   1.1374E+23   1.2069E+23   1.2278E+23   1.2287E+23   1.2129E+23   1.1445E+23   9.8781E+22   9.7572E+22
    9.2828E-01   4.0459E+21   7.8922E+21   1.5185E+22   2.6219E+22   3.3559E+22   3.9506E+22   4.7099E+22   5.7848E+22   6.7271E+22   8.3885E+22   9.8474E+22   1.1121E+23   1.2173E+23   1.2885E+23   1.3087E+23   1.3073E+23   1.2878E+23   1.2120E+23   1.0425E+23   1.0280E+23
    9.7218E-01   4.1944E+21   8.2917E+21   1.6141E+22   2.8086E+22   3.6040E+22   4.2478E+22   5.0686E+22   6.2275E+22   7.2405E+22   9.0188E+22   1.0571E+23   1.1916E+23   1.3016E+23   1.3744E+23   1.3937E+23   1.3896E+23   1.3661E+23   1.2825E+23   1.0997E+23   1.0824E+23
    1.0182E+00   4.3375E+21   8.6933E+21   1.7128E+22   3.0045E+22   3.8655E+22   4.5619E+22   5.4483E+22   6.6969E+22   7.7849E+22   9.6867E+22   1.1336E+23   1.2756E+23   1.3903E+23   1.4646E+23   1.4828E+23   1.4758E+23   1.4479E+23   1.3560E+23   1.1593E+23   1.1393E+23
    1.0663E+00   4.4735E+21   9.0944E+21   1.8143E+22   3.2093E+22   4.1403E+22   4.8929E+22   5.8494E+22   7.1933E+22   8.3610E+22   1.0393E+23   1.2144E+23   1.3640E+23   1.4836E+23   1.5591E+23   1.5760E+23   1.5658E+23   1.5333E+23   1.4326E+23   1.2217E+23   1.1986E+23
    1.1167E+00   4.6010E+21   9.4919E+21   1.9182E+22   3.4227E+22   4.4284E+22   5.2408E+22   6.2719E+22   7.7171E+22   8.9689E+22   1.1138E+23   1.2995E+23   1.4570E+23   1.5814E+23   1.6579E+23   1.6734E+23   1.6597E+23   1.6222E+23   1.5125E+23   1.2868E+23   1.2607E+23
    1.1695E+00   4.7182E+21   9.8827E+21   2.0240E+22   3.6443E+22   4.7293E+22   5.6052E+22   6.7156E+22   8.2682E+22   9.6090E+22   1.1921E+23   1.3890E+23   1.5545E+23   1.6837E+23   1.7612E+23   1.7750E+23   1.7576E+23   1.7148E+23   1.5958E+23   1.3550E+23   1.3256E+23
    1.2248E+00   4.8235E+21   1.0263E+22   2.1313E+22   3.8735E+22   5.0425E+22   5.9859E+22   7.1802E+22   8.8464E+22   1.0281E+23   1.2744E+23   1.4827E+23   1.6566E+23   1.7907E+23   1.8688E+23   1.8809E+23   1.8596E+23   1.8112E+23   1.6825E+23   1.4265E+23   1.3936E+23
    1.2828E+00   4.9151E+21   1.0629E+22   2.2392E+22   4.1094E+22   5.3672E+22   6.3819E+22   7.6652E+22   9.4513E+22   1.0985E+23   1.3605E+23   1.5808E+23   1.7632E+23   1.9022E+23   1.9809E+23   1.9910E+23   1.9657E+23   1.9114E+23   1.7729E+23   1.5013E+23   1.4649E+23
    1.3434E+00   4.9913E+21   1.0976E+22   2.3470E+22   4.3512E+22   5.7025E+22   6.7925E+22   8.1695E+22   1.0082E+23   1.1719E+23   1.4505E+23   1.6831E+23   1.8743E+23   2.0183E+23   2.0975E+23   2.1055E+23   2.0759E+23   2.0157E+23   1.8671E+23   1.5800E+23   1.5399E+23
    1.4070E+00   5.0504E+21   1.1301E+22   2.4540E+22   4.5977E+22   6.0472E+22   7.2164E+22   8.6921E+22   1.0737E+23   1.2483E+23   1.5441E+23   1.7896E+23   1.9898E+23   2.1389E+23   2.2184E+23   2.2243E+23   2.1904E+23   2.1240E+23   1.9654E+23   1.6626E+23   1.6187E+23
    1.4735E+00   5.0917E+21   1.1599E+22   2.5593E+22   4.8478E+22   6.4000E+22   7.6523E+22   9.2317E+22   1.1416E+23   1.3276E+23   1.6414E+23   1.9001E+23   2.1097E+23   2.2639E+23   2.3438E+23   2.3475E+23   2.3092E+23   2.2365E+23   2.0679E+23   1.7496E+23   1.7018E+23
    1.5432E+00   5.1129E+21   1.1864E+22   2.6617E+22   5.0997E+22   6.7592E+22   8.0984E+22   9.7863E+22   1.2117E+23   1.4095E+23   1.7420E+23   2.0145E+23   2.2337E+23   2.3933E+23   2.4736E+23   2.4752E+23   2.4325E+23   2.3536E+23   2.1750E+23   1.8413E+23   1.7895E+23
    1.6162E+00   5.1124E+21   1.2093E+22   2.7603E+22   5.3518E+22   7.1226E+22   8.5526E+22   1.0354E+23   1.2837E+23   1.4939E+23   1.8459E+23   2.1327E+23   2.3619E+23   2.5270E+23   2.6078E+23   2.6073E+23   2.5604E+23   2.4752E+23   2.2870E+23   1.9381E+23   1.8822E+23
    1.6926E+00   5.0893E+21   1.2280E+22   2.8536E+22   5.6021E+22   7.4883E+22   9.0126E+22   1.0932E+23   1.3574E+23   1.5806E+23   1.9528E+23   2.2545E+23   2.4940E+23   2.6650E+23   2.7465E+23   2.7441E+23   2.6931E+23   2.6018E+23   2.4041E+23   2.0404E+23   1.9804E+23
    1.7726E+00   5.0426E+21   1.2420E+22   2.9407E+22   5.8486E+22   7.8538E+22   9.4759E+22   1.1518E+23   1.4326E+23   1.6692E+23   2.0625E+23   2.3795E+23   2.6299E+23   2.8071E+23   2.8897E+23   2.8856E+23   2.8308E+23   2.7336E+23   2.5268E+23   2.1488E+23   2.0844E+23
    1.8564E+00   4.9719E+21   1.2510E+22   3.0202E+22   6.0892E+22   8.2165E+22   9.9396E+22   1.2109E+23   1.5088E+23   1.7595E+23   2.1746E+23   2.5078E+23   2.7694E+23   2.9533E+23   3.0375E+23   3.0319E+23   2.9737E+23   2.8709E+23   2.6555E+23   2.2635E+23   2.1949E+23
    1.9442E+00   4.8770E+21   1.2547E+22   3.0910E+22   6.3214E+22   8.5737E+22   1.0401E+23   1.2702E+23   1.5859E+23   1.8511E+23   2.2890E+23   2.6389E+23   2.9124E+23   3.1035E+23   3.1900E+23   3.1833E+23   3.1221E+23   3.0140E+23   2.7905E+23   2.3853E+23   2.3122E+23
    2.0362E+00   4.7583E+21   1.2526E+22   3.1519E+22   6.5430E+22   8.9224E+22   1.0856E+23   1.3293E+23   1.6635E+23   1.9437E+23   2.4053E+23   2.7726E+23   3.0588E+23   3.2578E+23   3.3473E+23   3.3399E+23   3.2761E+23   3.1633E+23   2.9324E+23   2.5146E+23   2.4371E+23
    2.1325E+00   4.6165E+21   1.2447E+22   3.2016E+22   6.7516E+22   9.2598E+22   1.1303E+23   1.3879E+23   1.7411E+23   2.0370E+23   2.5232E+23   2.9088E+23   3.2084E+23   3.4162E+23   3.5096E+23   3.5020E+23   3.4363E+23   3.3193E+23   3.0816E+23   2.6520E+23   2.5700E+23
    2.2333E+00   4.4527E+21   1.2307E+22   3.2393E+22   6.9447E+22   9.5827E+22   1.1737E+23   1.4456E+23   1.8185E+23   2.1306E+23   2.6423E+23   3.0473E+23   3.3611E+23   3.5786E+23   3.6769E+23   3.6699E+23   3.6029E+23   3.4822E+23   3.2386E+23   2.7981E+23   2.7115E+23
    2.3389E+00   4.2686E+21   1.2106E+22   3.2640E+22   7.1200E+22   9.8881E+22   1.2155E+23   1.5021E+23   1.8952E+23   2.2240E+23   2.7625E+23   3.1877E+23   3.5168E+23   3.7451E+23   3.8496E+23   3.8437E+23   3.7762E+23   3.6526E+23   3.4039E+23   2.9534E+23   2.8623E+23
    2.4495E+00   4.0662E+21   1.1845E+22   3.2749E+22   7.2754E+22   1.0173E+23   1.2554E+23   1.5569E+23   1.9709E+23   2.3170E+23   2.8833E+23   3.3298E+23   3.6755E+23   3.9158E+23   4.0278E+23   4.0237E+23   3.9566E+23   3.8308E+23   3.5780E+23   3.1185E+23   3.0228E+23
    2.5654E+00   3.8482E+21   1.1527E+22   3.2716E+22   7.4089E+22   1.0435E+23   1.2931E+23   1.6097E+23   2.0451E+23   2.4092E+23   3.0046E+23   3.4736E+23   3.8369E+23   4.0906E+23   4.2116E+23   4.2103E+23   4.1444E+23   4.0173E+23   3.7614E+23   3.2940E+23   3.1938E+23
    2.6867E+00   3.6172E+21   1.1154E+22   3.2536E+22   7.5184E+22   1.0671E+23   1.3281E+23   1.6602E+23   2.1175E+23   2.5002E+23   3.1259E+23   3.6188E+23   4.0012E+23   4.2697E+23   4.4013E+23   4.4037E+23   4.3400E+23   4.2125E+23   3.9545E+23   3.4803E+23   3.3758E+23
    2.8137E+00   3.3759E+21   1.0728E+22   3.2206E+22   7.6022E+22   1.0878E+23   1.3603E+23   1.7079E+23   2.1877E+23   2.5896E+23   3.2469E+23   3.7651E+23   4.1681E+23   4.4531E+23   4.5971E+23   4.6040E+23   4.5436E+23   4.4166E+23   4.1578E+23   3.6781E+23   3.5692E+23
    2.9468E+00   3.1276E+21   1.0256E+22   3.1727E+22   7.6589E+22   1.1054E+23   1.3893E+23   1.7526E+23   2.2553E+23   2.6771E+23   3.3675E+23   3.9123E+23   4.3375E+23   4.6407E+23   4.7989E+23   4.8115E+23   4.7555E+23   4.6300E+23   4.3715E+23   3.8876E+23   3.7747E+23
    3.0862E+00   2.8756E+21   9.7435E+21   3.1102E+22   7.6872E+22   1.1197E+23   1.4148E+23   1.7939E+23   2.3200E+23   2.7622E+23   3.4871E+23   4.0603E+23   4.5092E+23   4.8325E+23   5.0069E+23   5.0262E+23   4.9757E+23   4.8528E+23   4.5959E+23   4.1092E+23   3.9924E+23
    3.2321E+00   2.6230E+21   9.1959E+21   3.0334E+22   7.6863E+22   1.1304E+23   1.4366E+23   1.8314E+23   2.3812E+23   2.8445E+23   3.6055E+23   4.2085E+23   4.6830E+23   5.0282E+23   5.2209E+23   5.2481E+23   5.2043E+23   5.0851E+23   4.8310E+23   4.3432E+23   4.2229E+23
    3.3849E+00   2.3731E+21   8.6207E+21   2.9432E+22   7.6554E+22   1.1375E+23   1.4544E+23   1.8648E+23   2.4387E+23   2.9236E+23   3.7220E+23   4.3567E+23   4.8585E+23   5.2275E+23   5.4407E+23   5.4769E+23   5.4411E+23   5.3268E+23   5.0770E+23   4.5896E+23   4.4662E+23
    3.5450E+00   2.1290E+21   8.0252E+21   2.8402E+22   7.5941E+22   1.1407E+23   1.4678E+23   1.8937E+23   2.4919E+23   2.9990E+23   3.8362E+23   4.5041E+23   5.0352E+23   5.4301E+23   5.6659E+23   5.7123E+23   5.6857E+23   5.5777E+23   5.3335E+23   4.8483E+23   4.7224E+23
    3.7127E+00   1.8932E+21   7.4168E+21   2.7256E+22   7.5020E+22   1.1399E+23   1.4768E+23   1.9177E+23   2.5403E+23   3.0699E+23   3.9474E+23   4.6502E+23   5.2124E+23   5.6351E+23   5.8959E+23   5.9538E+23   5.9378E+23   5.8372E+23   5.6002E+23   5.1191E+23   4.9913E+23
    3.8882E+00   1.6682E+21   6.8031E+21   2.6005E+22   7.3790E+22   1.1348E+23   1.4809E+23   1.9364E+23   2.5832E+23   3.1357E+23   4.0547E+23   4.7940E+23   5.3891E+23   5.8418E+23   6.1299E+23   6.2005E+23   6.1964E+23   6.1047E+23   5.8765E+23   5.4016E+23   5.2727E+23
    4.0721E+00   1.4560E+21   6.1913E+21   2.4661E+22   7.2252E+22   1.1254E+23   1.4798E+23   1.9494E+23   2.6200E+23   3.1956E+23   4.1571E+23   4.9344E+23   5.5642E+23   6.0490E+23   6.3666E+23   6.4513E+23   6.4606E+23   6.3792E+23   6.1614E+23   5.6949E+23   5.5659E+23
    4.2647E+00   1.2581E+21   5.5881E+21   2.3238E+22   7.0408E+22   1.1115E+23   1.4733E+23   1.9560E+23   2.6499E+23   3.2485E+23   4.2533E+23   5.0701E+23   5.7364E+23   6.2553E+23   6.6048E+23   6.7049E+23   6.7290E+23   6.6594E+23   6.4537E+23   5.9980E+23   5.8701E+23
    4.4664E+00   1.0757E+21   4.9999E+21   2.1749E+22   6.8261E+22   1.0930E+23   1.4611E+23   1.9558E+23   2.6721E+23   3.2935E+23   4.3421E+23   5.1995E+23   5.9040E+23   6.4590E+23   6.8426E+23   6.9594E+23   6.9997E+23   6.9436E+23   6.7519E+23   6.3096E+23   6.1842E+23
    4.6776E+00   9.0950E+20   4.4325E+21   2.0209E+22   6.5819E+22   1.0697E+23   1.4427E+23   1.9481E+23   2.6855E+23   3.3292E+23   4.4217E+23   5.3208E+23   6.0649E+23   6.6579E+23   7.0780E+23   7.2129E+23   7.2709E+23   7.2299E+23   7.0541E+23   6.6281E+23   6.5066E+23
    4.8988E+00   7.5994E+20   3.8910E+21   1.8634E+22   6.3089E+22   1.0415E+23   1.4180E+23   1.9324E+23   2.6893E+23   3.3544E+23   4.4905E+23   5.4319E+23   6.2169E+23   6.8496E+23   7.3085E+23   7.4629E+23   7.5400E+23   7.5160E+23   7.3580E+23   6.9513E+23   6.8357E+23
    5.1304E+00   6.2697E+20   3.3798E+21   1.7040E+22   6.0087E+22   1.0084E+23   1.3867E+23   1.9082E+23   2.6824E+23   3.3677E+23   4.5465E+23   5.5305E+23   6.3575E+23   7.0315E+23   7.5313E+23   7.7064E+23   7.8042E+23   7.7989E+23   7.6610E+23   7.2767E+23   7.1691E+23
    5.3730E+00   5.1027E+20   2.9027E+21   1.5443E+22   5.6830E+22   9.7041E+22   1.3485E+23   1.8749E+23   2.6639E+23   3.3677E+23   4.5876E+23   5.6141E+23   6.4837E+23   7.2005E+23   7.7431E+23   7.9403E+23   8.0602E+23   8.0756E+23   7.9598E+23   7.6016E+23   7.5042E+23
    5.6271E+00   4.0925E+20   2.4626E+21   1.3861E+22   5.3345E+22   9.2768E+22   1.3035E+23   1.8321E+23   2.6328E+23   3.3531E+23   4.6117E+23   5.6799E+23   6.5925E+23   7.3532E+23   7.9405E+23   8.1610E+23   8.3043E+23   8.3426E+23   8.2511E+23   7.9226E+23   7.8380E+23
    5.8932E+00   3.2307E+20   2.0619E+21   1.2311E+22   4.9663E+22   8.8042E+22   1.2516E+23   1.7796E+23   2.5883E+23   3.3225E+23   4.6168E+23   5.7254E+23   6.6808E+23   7.4860E+23   8.1196E+23   8.3645E+23   8.5327E+23   8.5958E+23   8.5310E+23   8.2359E+23   8.1671E+23
    6.1719E+00   2.5071E+20   1.7018E+21   1.0810E+22   4.5823E+22   8.2900E+22   1.1932E+23   1.7173E+23   2.5298E+23   3.2748E+23   4.6009E+23   5.7477E+23   6.7451E+23   7.5951E+23   8.2762E+23   8.5466E+23   8.7410E+23   8.8309E+23   8.7951E+23   8.5376E+23   8.4875E+23
    6.4638E+00   1.9098E+20   1.3831E+21   9.3763E+21   4.1871E+22   7.7392E+22   1.1285E+23   1.6455E+23   2.4571E+23   3.2093E+23   4.5621E+23   5.7443E+23   6.7822E+23   7.6767E+23   8.4062E+23   8.7030E+23   8.9247E+23   9.0435E+23   9.0390E+23   8.8231E+23   8.7951E+23
    6.7695E+00   1.4260E+20   1.1056E+21   8.0254E+21   3.7861E+22   7.1582E+22   1.0583E+23   1.5645E+23   2.3701E+23   3.1253E+23   4.4988E+23   5.7127E+23   6.7889E+23   7.7271E+23   8.5052E+23   8.8291E+23   9.0790E+23   9.2287E+23   9.2577E+23   9.0876E+23   9.0851E+23
    7.0896E+00   1.0420E+20   8.6797E+20   6.7716E+21   3.3850E+22   6.5547E+22   9.8341E+22   1.4750E+23   2.2692E+23   3.0228E+23   4.4100E+23   5.6507E+23   6.7623E+23   7.7425E+23   8.5689E+23   8.9203E+23   9.1993E+23   9.3817E+23   9.4464E+23   9.3261E+23   9.3527E+23
    7.4249E+00   7.4387E+19   6.6842E+20   5.6266E+21   2.9898E+22   5.9377E+22   9.0476E+22   1.3782E+23   2.1551E+23   2.9021E+23   4.2950E+23   5.5569E+23   6.6998E+23   7.7196E+23   8.5933E+23   8.9724E+23   9.2808E+23   9.4976E+23   9.6000E+23   9.5335E+23   9.5927E+23
    7.7760E+00   5.1795E+19   5.0423E+20   4.5990E+21   2.6066E+22   5.3168E+22   8.2357E+22   1.2752E+23   2.0290E+23   2.7640E+23   4.1538E+23   5.4302E+23   6.5995E+23   7.6555E+23   8.5747E+23   8.9811E+23   9.3192E+23   9.5717E+23   9.7134E+23   9.7044E+23   9.8000E+23
    8.1437E+00   3.5111E+19   3.7206E+20   3.6936E+21   2.2410E+22   4.7023E+22   7.4116E+22   1.1677E+23   1.8926E+23   2.6100E+23   3.9871E+23   5.2702E+23   6.4600E+23   7.5478E+23   8.5099E+23   8.9429E+23   9.3103E+23   9.5996E+23   9.7821E+23   9.8338E+23   9.9690E+23
    8.5288E+00   2.3130E+19   2.6814E+20   2.9116E+21   1.8983E+22   4.1042E+22   6.5892E+22   1.0575E+23   1.7478E+23   2.4420E+23   3.7960E+23   5.0774E+23   6.2808E+23   7.3952E+23   8.3963E+23   8.8548E+23   9.2507E+23   9.5773E+23   9.8014E+23   9.9168E+23   1.0095E+24
    8.9322E+00   1.4779E+19   1.8846E+20   2.2499E+21   1.5829E+22   3.5322E+22   5.7825E+22   9.4629E+22   1.5969E+23   2.2625E+23   3.5829E+23   4.8532E+23   6.0624E+23   7.1970E+23   8.2324E+23   8.7145E+23   9.1378E+23   9.5015E+23   9.7678E+23   9.9488E+23   1.0173E+24
    9.3546E+00   9.1416E+18   1.2898E+20   1.7024E+21   1.2980E+22   2.9949E+22   5.0051E+22   8.3619E+22   1.4426E+23   2.0743E+23   3.3504E+23   4.5999E+23   5.8061E+23   6.9536E+23   8.0174E+23   8.5209E+23   8.9696E+23   9.3699E+23   9.6781E+23   9.9259E+23   1.0198E+24
    9.7969E+00   5.4625E+18   8.5817E+19   1.2597E+21   1.0457E+22   2.4996E+22   4.2694E+22   7.2906E+22   1.2875E+23   1.8806E+23   3.1020E+23   4.3206E+23   5.5146E+23   6.6667E+23   7.7520E+23   8.2739E+23   8.7456E+23   9.1810E+23   9.5302E+23   9.8451E+23   1.0166E+24
    1.0260E+01   3.1466E+18   5.5418E+19   9.1035E+20   8.2676E+21   2.0515E+22   3.5859E+22   6.2669E+22   1.1345E+23   1.6849E+23   2.8420E+23   4.0194E+23   5.1914E+23   6.3390E+23   7.4379E+23   7.9746E+23   8.4662E+23   8.9345E+23   9.3230E+23   9.7041E+23   1.0076E+24
    1.0745E+01   1.7435E+18   3.4674E+19   6.4173E+20   6.4088E+21   1.6543E+22   2.9630E+22   5.3067E+22   9.8616E+22   1.4906E+23   2.5747E+23   3.7011E+23   4.8412E+23   5.9747E+23   7.0782E+23   7.6256E+23   8.1335E+23   8.6316E+23   9.0568E+23   9.5020E+23   9.9234E+23
    1.1254E+01   9.2706E+17   2.0982E+19   4.4065E+20   4.8654E+21   1.3094E+22   2.4064E+22   4.4228E+22   8.4501E+22   1.3013E+23   2.3050E+23   3.3712E+23   4.4694E+23   5.5790E+23   6.6775E+23   7.2309E+23   7.7506E+23   8.2746E+23   8.7331E+23   9.2389E+23   9.7091E+23
    1.1786E+01   4.7190E+17   1.2257E+19   2.9431E+20   3.6135E+21   1.0162E+22   1.9191E+22   3.6249E+22   7.1316E+22   1.1202E+23   2.0378E+23   3.0356E+23   4.0823E+23   5.1579E+23   6.2413E+23   6.7957E+23   7.3225E+23   7.8675E+23   8.3549E+23   8.9164E+23   9.4331E+23
    1.2343E+01   2.2936E+17   6.8987E+18   1.9093E+20   2.6223E+21   7.7255E+21   1.5014E+22   2.9190E+22   5.9233E+22   9.5005E+22   1.7777E+23   2.7002E+23   3.6869E+23   4.7187E+23   5.7766E+23   6.3264E+23   6.8550E+23   7.4155E+23   7.9268E+23   8.5377E+23   9.0971E+23
    1.2927E+01   1.0615E+17   3.7331E+18   1.2011E+20   1.8572E+21   5.7467E+21   1.1512E+22   2.3073E+22   4.8375E+22   7.9319E+22   1.5291E+23   2.3711E+23   3.2902E+23   4.2689E+23   5.2912E+23   5.8308E+23   6.3556E+23   6.9254E+23   7.4546E+23   8.1073E+23   8.7046E+23
    1.3538E+01   4.6637E+16   1.9380E+18   7.3157E+19   1.2822E+21   4.1780E+21   8.6409E+21   1.7884E+22   3.8811E+22   6.5136E+22   1.2960E+23   2.0539E+23   2.8992E+23   3.8168E+23   4.7934E+23   5.3173E+23   5.8326E+23   6.4049E+23   6.9455E+23   7.6312E+23   8.2603E+23
    1.4178E+01   1.9393E+16   9.6293E+17   4.3067E+19   8.6165E+20   2.9652E+21   6.3428E+21   1.3580E+22   3.0561E+22   5.2566E+22   1.0813E+23   1.7537E+23   2.5208E+23   3.3702E+23   4.2922E+23   4.7949E+23   5.2951E+23   5.8628E+23   6.4077E+23   7.1167E+23   7.7706E+23
    1.4849E+01   7.6055E+15   4.5680E+17   2.4461E+19   5.6290E+20   2.0520E+21   4.5479E+21   1.0091E+22   2.3596E+22   4.1651E+22   8.8742E+22   1.4749E+23   2.1611E+23   2.9370E+23   3.7965E+23   4.2729E+23   4.7525E+23   5.3086E+23   5.8505E+23   6.5722E+23   7.2428E+23
    1.5551E+01   2.8029E+15   2.0635E+17   1.3379E+19   3.5697E+20   1.3828E+21   3.1816E+21   7.3296E+21   1.7845E+22   3.2373E+22   7.1578E+22   1.2207E+23   1.8253E+23   2.5241E+23   3.3147E+23   3.7605E+23   4.2144E+23   4.7518E+23   5.2835E+23   6.0071E+23   6.6857E+23
    1.6286E+01   9.6686E+14   8.8507E+16   7.0323E+18   2.1941E+20   9.0616E+20   2.1688E+21   5.1984E+21   1.3206E+22   2.4656E+22   5.6689E+22   9.9345E+22   1.5178E+23   2.1378E+23   2.8548E+23   3.2661E+23   3.6900E+23   4.2023E+23   4.7166E+23   5.4312E+23   6.1086E+23
    1.7057E+01   3.1085E+14   3.5937E+16   3.5448E+18   1.3050E+20   5.7667E+20   1.4388E+21   3.5955E+21   9.5524E+21   1.8383E+22   4.4043E+22   7.9433E+22   1.2414E+23   1.7829E+23   2.4234E+23   2.7976E+23   3.1879E+23   3.6693E+23   4.1597E+23   4.8547E+23   5.5216E+23
    1.7863E+01   9.2719E+13   1.3769E+16   1.7097E+18   7.4989E+19   3.5586E+20   9.2765E+20   2.4223E+21   6.7459E+21   1.3403E+22   3.3534E+22   6.2339E+22   9.9785E+22   1.4629E+23   2.0262E+23   2.3614E+23   2.7155E+23   3.1611E+23   3.6218E+23   4.2874E+23   4.9347E+23
    1.8708E+01   2.5535E+13   4.9605E+15   7.8714E+17   4.1556E+19   2.1262E+20   5.8043E+20   1.5874E+21   4.6457E+21   9.5450E+21   2.4997E+22   4.7975E+22   7.8757E+22   1.1800E+23   1.6673E+23   1.9628E+23   2.2790E+23   2.6851E+23   3.1113E+23   3.7388E+23   4.3580E+23
    1.9593E+01   6.4604E+12   1.6743E+15   3.4505E+17   2.2168E+19   1.2279E+20   3.5193E+20   1.0105E+21   3.1159E+21   6.6320E+21   1.8223E+22   3.6168E+22   6.0978E+22   9.3486E+22   1.3490E+23   1.6052E+23   1.8830E+23   2.2470E+23   2.6350E+23   3.2171E+23   3.8007E+23
    2.0519E+01   1.4939E+12   5.2738E+14   1.4363E+17   1.1361E+19   6.8433E+19   2.0645E+20   6.2404E+20   2.0328E+21   4.4903E+21   1.2977E+22   2.6684E+22   4.6269E+22   7.2676E+22   1.0723E+23   1.2905E+23   1.5304E+23   1.8512E+23   2.1986E+23   2.7297E+23   3.2713E+23
    2.1490E+01   3.1418E+11   1.5439E+14   5.6609E+16   5.5823E+18   3.6738E+19   1.1699E+20   3.7326E+20   1.2882E+21   2.9588E+21   9.0177E+21   1.9245E+22   3.4370E+22   5.5386E+22   8.3668E+22   1.0191E+23   1.2225E+23   1.5002E+23   1.8060E+23   2.2823E+23   2.7770E+23
    2.2506E+01   5.9825E+10   4.1830E+13   2.1064E+16   2.6242E+18   1.8963E+19   6.3928E+19   2.1590E+20   7.9184E+20   1.8950E+21   6.1068E+21   1.3552E+22   2.4969E+22   4.1335E+22   6.4015E+22   7.8965E+22   9.5895E+22   1.1949E+23   1.4592E+23   1.8789E+23   2.3233E+23
    2.3570E+01   1.0279E+10   1.0445E+13   7.3765E+15   1.1776E+18   9.3926E+18   3.3626E+19   1.2058E+20   4.7144E+20   1.1779E+21   4.0254E+21   9.3078E+21   1.7719E+22   3.0179E+22   4.7980E+22   5.9985E+22   7.3795E+22   9.3452E+22   1.1587E+23   1.5218E+23   1.9142E+23
    2.4685E+01   1.5901E+09   2.3939E+12   2.4232E+15   5.0325E+17   4.4554E+18   1.6994E+19   6.4910E+19   2.7144E+20   7.0967E+20   2.5792E+21   6.2269E+21   1.2269E+22   2.1531E+22   3.5191E+22   4.4626E+22   5.5657E+22   7.1702E+22   9.0343E+22   1.2117E+23   1.5520E+23
    2.5852E+01   2.2132E+08   5.0170E+11   7.4430E+14   2.0432E+17   2.0196E+18   8.2362E+18   3.3620E+19   1.5090E+20   4.1376E+20   1.6042E+21   4.0525E+21   8.2783E+21   1.4992E+22   2.5230E+22   3.2478E+22   4.1098E+22   5.3917E+22   6.9105E+22   9.4762E+22   1.2373E+23
    2.7075E+01   2.7720E+07   9.5854E+10   2.1304E+14   7.8603E+16   8.7298E+17   3.8201E+18   1.6724E+19   8.0859E+19   2.3309E+20   9.6721E+20   2.5623E+21   5.4364E+21   1.0177E+22   1.7661E+22   2.3097E+22   2.9679E+22   3.9694E+22   5.1804E+22   7.2721E+22   9.6907E+22
    2.8355E+01   3.1300E+06   1.6658E+10   5.6641E+13   2.8582E+16   3.5899E+17   1.6922E+18   7.9749E+18   4.1694E+19   1.2668E+20   5.6442E+20   1.5716E+21   3.4699E+21   6.7253E+21   1.2055E+22   1.6032E+22   2.0937E+22   2.8579E+22   3.8021E+22   5.4709E+22   7.4499E+22
    2.9696E+01   3.1859E+05   2.6293E+09   1.3945E+13   9.7970E+15   1.4013E+17   7.1436E+17   3.6382E+18   2.0651E+19   6.6299E+19   3.1830E+20   9.3383E+20   2.1496E+21   4.3211E+21   8.0142E+21   1.0847E+22   1.4411E+22   2.0099E+22   2.7290E+22   4.0308E+22   5.6162E+22
    3.1100E+01   2.5918E+04   3.7664E+08   3.1707E+12   3.1574E+15   5.1793E+16   2.8677E+17   1.5848E+18   9.8069E+18   3.3360E+19   1.7319E+20   5.3667E+20   1.2905E+21   2.6954E+21   5.1814E+21   7.1447E+21   9.6653E+21   1.3792E+22   1.9134E+22   2.9053E+22   4.1476E+22
    3.2571E+01   8.4993E+02   4.8948E+07   6.6423E+11   9.5425E+14   1.8085E+16   1.0923E+17   6.5775E+17   4.4568E+18   1.6109E+19   9.0774E+19   2.9784E+20   7.4971E+20   1.6299E+21   3.2533E+21   4.5747E+21   6.3080E+21   9.2208E+21   1.3088E+22   2.0463E+22   2.9975E+22
    3.4111E+01   6.9035E+02   5.7839E+06   1.2797E+11   2.6981E+14   5.9520E+15   3.9389E+16   2.5959E+17   1.9346E+18   7.4516E+18   4.5749E+19   1.5936E+20   4.2075E+20   9.5393E+20   1.9807E+21   2.8432E+21   4.0004E+21   5.9987E+21   8.7232E+21   1.4067E+22   2.1176E+22
    3.5724E+01   2.7082E+02   6.1913E+05   2.2639E+10   7.1203E+13   1.8421E+15   1.3419E+16   9.7216E+16   8.0053E+17   3.2958E+18   2.2132E+19   8.2057E+19   2.2773E+20   5.3947E+20   1.1675E+21   1.7126E+21   2.4614E+21   3.7917E+21   5.6572E+21   9.4263E+21   1.4607E+22
    3.7414E+01   2.1647E+03   5.3348E+04   3.6734E+09   1.7503E+13   5.3497E+14   4.3094E+15   3.4477E+16   3.1518E+17   1.3912E+18   1.0259E+19   4.0594E+19   1.1867E+20   2.9428E+20   6.6507E+20   9.9806E+20   1.4670E+21   2.3250E+21   3.5646E+21   6.1487E+21   9.8247E+21
    3.9183E+01   4.4088E+02   5.0454E+03   5.4636E+08   4.0004E+12   1.4550E+14   1.3021E+15   1.1556E+16   1.1784E+17   5.5937E+17   4.5478E+18   1.9257E+19   5.9425E+19   1.5456E+20   3.6550E+20   5.6176E+20   8.4543E+20   1.3808E+21   2.1788E+21   3.8987E+21   6.4355E+21
    4.1036E+01   7.1202E+02   9.5585E+02   7.4385E+07   8.4867E+11   3.6996E+13   3.6944E+14   3.6540E+15   4.1761E+16   2.1385E+17   1.9246E+18   8.7444E+18   2.8542E+19   7.8009E+19   1.9341E+20   3.0480E+20   4.7026E+20   7.9280E+20   1.2898E+21   2.3992E+21   4.0994E+21
    4.2976E+01   0.0000E+00   1.6377E+05   9.0756E+06   1.6686E+11   8.7788E+12   9.8264E+13   1.0880E+15   1.4003E+16   7.7595E+16   7.7614E+17   3.7934E+18   1.3124E+19   3.7760E+19   9.8346E+19   1.5911E+20   2.5197E+20   4.3924E+20   7.3808E+20   1.4306E+21   2.5357E+21
    4.5009E+01   0.0000E+00   1.4187E+04   8.8536E+05   3.0365E+10   1.9410E+12   2.4462E+13   3.0456E+14   4.4349E+15   2.6676E+16   2.9770E+17   1.5692E+18   5.7649E+18   1.7492E+19   4.7952E+19   7.9732E+19   1.2978E+20   2.3436E+20   4.0754E+20   8.2516E+20   1.5205E+21
    4.7137E+01   0.0000E+00   1.8599E+04   9.3184E+04   5.1054E+09   3.9929E+11   5.6906E+12   8.0026E+13   1.3246E+15   8.6743E+15   1.0842E+17   6.1778E+17   2.4145E+18   7.7385E+18   2.2369E+19   3.8270E+19   6.4109E+19   1.2015E+20   2.1668E+20   4.5948E+20   8.8238E+20
    4.9366E+01   0.0000E+00   1.8346E+03   3.2867E+04   7.8694E+08   7.6305E+10   1.2352E+12   1.9708E+13   3.7255E+14   2.6640E+15   3.7429E+16   2.3106E+17   9.6219E+17   3.2620E+18   9.9590E+18   1.7551E+19   3.0300E+19   5.9052E+19   1.1068E+20   2.4652E+20   4.9465E+20
    5.1701E+01   0.0000E+00   0.0000E+00   5.2895E+06   1.0757E+08   1.3506E+10   2.4978E+11   4.5421E+12   9.8521E+13   7.7157E+14   1.2229E+16   8.1953E+16   3.6411E+17   1.3072E+18   4.2214E+18   7.6715E+18   1.3666E+19   2.7751E+19   5.4182E+19   1.2715E+20   2.6734E+20
    5.4146E+01   0.0000E+00   0.0000E+00   9.6839E+05   1.0805E+07   2.1881E+09   4.6927E+10   9.7819E+11   2.4463E+13   2.1045E+14   3.7757E+15   2.7519E+16   1.3058E+17   4.9682E+17   1.6991E+18   3.1869E+18   5.8656E+18   1.2436E+19   2.5355E+19   6.2900E+19   1.3899E+20
    5.6706E+01   0.0000E+00   0.0000E+00   3.4848E+05   2.2055E+06   3.1399E+08   8.1143E+09   1.9639E+11   5.6951E+12   5.3984E+13   1.1002E+15   8.7346E+15   4.4298E+16   1.7868E+17   6.4758E+17   1.2546E+18   2.3886E+18   5.2984E+18   1.1310E+19   2.9766E+19   6.9357E+19
    5.9388E+01   0.0000E+00   0.0000E+00   8.4730E+03   1.3145E+06   3.6375E+07   1.2571E+09   3.6504E+10   1.2408E+12   1.3005E+13   3.0212E+14   2.6169E+15   1.4191E+16   6.0677E+16   2.3308E+17   4.6664E+17   9.1992E+17   2.1391E+18   4.7938E+18   1.3437E+19   3.3133E+19
    6.2197E+01   0.0000E+00   0.0000E+00   5.3409E+02   1.2753E+08   8.8352E+06   1.6406E+08   6.1606E+09   2.5196E+11   2.9369E+12   7.8095E+13   7.3913E+14   4.2862E+15   1.9413E+16   7.8994E+16   1.6345E+17   3.3390E+17   8.1541E+17   1.9241E+18   5.7686E+18   1.5111E+19
    6.5138E+01   0.0000E+00   0.0000E+00   2.7001E+03   3.1331E+07   2.6250E+06   3.3216E+07   9.4582E+08   4.7153E+10   6.1946E+11   1.8974E+13   1.9655E+14   1.2190E+15   5.8411E+15   2.5140E+16   5.3742E+16   1.1381E+17   2.9235E+17   7.2851E+17   2.3471E+18   6.5592E+18
    6.8218E+01   0.0000E+00   0.0000E+00   0.0000E+00   1.0769E+07   4.9979E+08   7.7572E+06   1.5598E+06   7.9610E+09   1.2086E+11   4.3235E+12   4.9152E+13   3.2600E+14   1.6500E+15   7.4929E+15   1.6531E+16   3.6284E+16   9.8157E+16   2.5911E+17   9.0161E+17   2.7009E+18
    7.1444E+01   0.0000E+00   0.0000E+00   0.0000E+00   7.1617E+05   1.2110E+08   8.3921E+05   9.8992E+07   1.1772E+09   2.1423E+10   9.1957E+11   1.1539E+13   8.1902E+13   4.3702E+14   2.0865E+15   4.7419E+15   1.0777E+16   3.0719E+16   8.6161E+16   3.2563E+17   1.0511E+18
    7.4823E+01   0.0000E+00   0.0000E+00   0.0000E+00   9.4423E+04   3.8585E+07   7.3652E+05   2.6180E+07   1.8966E+08   3.4387E+09   1.8069E+11   2.5348E+12   1.9304E+13   1.0841E+14   5.4173E+14   1.2646E+15   2.9702E+15   8.9146E+15   2.6646E+16   1.1005E+17   3.8496E+17
    7.8361E+01   0.0000E+00   0.0000E+00   0.0000E+00   1.1598E+04   1.0681E+06   1.2279E+08   3.2208E+09   1.1779E+08   7.3820E+08   3.2413E+10   5.1761E+11   4.2584E+12   2.5167E+13   1.3096E+14   3.1276E+14   7.5660E+14   2.3855E+15   7.6180E+15   3.4616E+16   1.3208E+17
    8.2067E+01   0.0000E+00   0.0000E+00   0.0000E+00   0.0000E+00   8.3353E+04   9.1195E+06   2.8450E+08   2.5159E+07   2.0558E+08   5.1828E+09   9.7394E+10   8.7535E+11   5.4595E+12   2.9449E+13   7.1600E+13   1.7751E+14   5.8514E+14   1.9999E+15   1.0072E+16   4.2224E+16
    8.5948E+01   0.0000E+00   0.0000E+00   0.0000E+00   0.0000E+00   6.3214E+04   1.0148E+06   6.9352E+07   4.3761E+09   6.6345E+10   1.7759E+09   1.7209E+10   1.6680E+11   1.1041E+12   6.1582E+12   1.5160E+13   3.8260E+13   1.3075E+14   4.7844E+14   2.6916E+15   1.2501E+16
    9.0012E+01   0.0000E+00   0.0000E+00   0.0000E+00   0.0000E+00   0.0000E+00   8.8512E+05   1.8844E+05   7.6594E+08   1.0758E+10   4.2910E+08   3.8080E+09   3.0035E+10   2.0770E+11   1.1969E+12   2.9692E+12   7.5671E+12   2.6454E+13   1.0340E+14   6.5528E+14   3.4033E+15
    9.4269E+01   0.0000E+00   0.0000E+00   0.0000E+00   0.0000E+00   0.0000E+00   0.0000E+00   7.4235E+05   1.2652E+08   4.3644E+09   1.2462E+11   7.5241E+08   6.1467E+09   3.7001E+10   2.1641E+11   5.3842E+11   1.3743E+12   4.8217E+12   1.9995E+13   1.4392E+14   8.4490E+14
    9.8727E+01   0.0000E+00   0.0000E+00   0.0000E+00   0.0000E+00   0.0000E+00   0.0000E+00   1.6603E+05   5.5894E+07   6.4260E+08   2.1477E+10   4.4953E+11   6.8302E+08   7.0275E+09   3.6994E+10   9.0794E+10   2.2997E+11   7.8931E+11   3.4245E+12   2.8192E+13   1.8938E+14
    1.0340E+02   0.0000E+00   0.0000E+00   0.0000E+00   0.0000E+00   0.0000E+00   0.0000E+00   1.6903E+04   1.4559E+07   1.1281E+04   7.0673E+09   8.1765E+10   1.2687E+08   6.8063E+08   6.2785E+09   1.4513E+10   3.5805E+10   1.1615E+11   5.1431E+11   4.8579E+12   3.7863E+13
    1.0829E+02   0.0000E+00   0.0000E+00   0.0000E+00   0.0000E+00   0.0000E+00   0.0000E+00   3.0879E+03   0.0000E+00   3.8223E+03   6.9042E+08   1.5689E+10   2.7658E+07   8.3990E+07   1.6006E+13   2.3059E+09   5.0938E+09   1.5438E+10   6.7270E+10   7.2432E+11   6.6507E+12
    1.1341E+02   0.0000E+00   0.0000E+00   0.0000E+00   0.0000E+00   0.0000E+00   0.0000E+00   1.3253E+02   0.0000E+00   1.0506E+06   1.1765E+04   1.8082E+09   2.7742E+10   1.9449E+07   2.7654E+12   1.9166E+08   6.7898E+08   1.7638E+09   7.6895E+09   9.1663E+10   1.0067E+12
    1.1877E+02   0.0000E+00   0.0000E+00   0.0000E+00   0.0000E+00   0.0000E+00   0.0000E+00   7.3915E+01   0.0000E+00   5.0390E+03   6.4288E+03   2.6785E+07   6.1099E+09   1.9711E+06   4.3024E+11   6.1803E+06   2.1751E+08   5.2782E+08   7.8736E+08   9.6443E+09   1.2802E+11
    1.2439E+02   0.0000E+00   0.0000E+00   0.0000E+00   0.0000E+00   0.0000E+00   0.0000E+00   0.0000E+00   0.0000E+00   5.3288E+04   0.0000E+00   2.1082E+07   1.7825E+08   3.0471E+05   6.0889E+10   3.6216E+06   1.5641E+07   8.0940E+06   6.9164E+07   8.3210E+08   1.3206E+10
    1.3027E+02   0.0000E+00   0.0000E+00   0.0000E+00   0.0000E+00   0.0000E+00   0.0000E+00   0.0000E+00   0.0000E+00   8.6354E+03   0.0000E+00   3.7969E+06   5.6227E+06   6.7048E+04   8.0143E+09   6.4111E+05   2.6603E+06   2.8181E+06   5.1334E+06   5.8930E+07   1.0510E+09
    1.3643E+02   0.0000E+00   0.0000E+00   0.0000E+00   0.0000E+00   0.0000E+00   0.0000E+00   0.0000E+00   0.0000E+00   0.0000E+00   0.0000E+00   1.4027E+06   8.8754E+06   9.7843E+07   4.8225E+08   7.2357E+04   1.3823E+10   4.2508E+05   9.9318E+05   3.0202E+06   5.9999E+07
    1.4288E+02   0.0000E+00   0.0000E+00   0.0000E+00   0.0000E+00   0.0000E+00   0.0000E+00   0.0000E+00   0.0000E+00   0.0000E+00   0.0000E+00   0.0000E+00   1.4422E+06   1.2709E+07   1.1645E+08   9.3150E+03   1.3078E+09   3.8085E+04   9.9632E+04   4.2994E+05   2.1968E+06
    1.4964E+02   0.0000E+00   0.0000E+00   0.0000E+00   0.0000E+00   0.0000E+00   0.0000E+00   0.0000E+00   0.0000E+00   0.0000E+00   0.0000E+00   0.0000E+00   1.7995E+05   1.7531E+06   9.7966E+06   7.6657E+02   8.2296E+07   5.0241E+03   1.0349E+04   9.2705E+03   7.9726E+04
    1.5671E+02   0.0000E+00   0.0000E+00   0.0000E+00   0.0000E+00   0.0000E+00   0.0000E+00   0.0000E+00   0.0000E+00   0.0000E+00   0.0000E+00   0.0000E+00   1.7737E+04   2.4032E+05   1.5159E+06   5.6176E+01   6.1460E+07   1.9518E+02   4.0773E+08   1.0033E+10   3.9435E+03
    1.6412E+02   0.0000E+00   0.0000E+00   0.0000E+00   0.0000E+00   0.0000E+00   0.0000E+00   0.0000E+00   0.0000E+00   0.0000E+00   0.0000E+00   0.0000E+00   6.3729E+02   2.3723E+04   1.7752E+05   2.5388E+00   1.1037E+06   2.7283E+01   2.0883E+07   7.1996E+08   2.6688E+02
    1.7188E+02   0.0000E+00   0.0000E+00   0.0000E+00   0.0000E+00   0.0000E+00   0.0000E+00   0.0000E+00   0.0000E+00   0.0000E+00   0.0000E+00   0.0000E+00   2.2819E+02   1.2728E+03   2.2694E+04   2.2108E-01   1.2776E+05   7.4894E-01   1.3146E+06   3.5067E+07   8.8542E+01
    1.8001E+02   0.0000E+00   0.0000E+00   0.0000E+00   0.0000E+00   0.0000E+00   0.0000E+00   0.0000E+00   0.0000E+00   0.0000E+00   0.0000E+00   0.0000E+00   1.6487E+01   2.0510E+02   1.1962E+03   1.0853E-02   1.1368E+04   3.8697E+04   8.9041E+04   1.0166E+06   2.5790E+07
    1.8853E+02   0.0000E+00   0.0000E+00   0.0000E+00   0.0000E+00   0.0000E+00   0.0000E+00   0.0000E+00   0.0000E+00   0.0000E+00   0.0000E+00   0.0000E+00   7.2330E+00   7.1789E+00   1.4592E+02   6.3073E-03   2.5949E+02   2.9913E+03   3.5651E+03   2.2722E+04   5.0461E+05
    1.9744E+02   0.0000E+00   0.0000E+00   0.0000E+00   0.0000E+00   0.0000E+00   0.0000E+00   0.0000E+00   0.0000E+00   0.0000E+00   0.0000E+00   0.0000E+00   0.0000E+00   1.2190E+00   7.6861E+00   4.0129E-02   1.2311E+02   8.5148E+01   3.7387E+02   3.2179E+03   9.6862E+03
    2.0678E+02   0.0000E+00   0.0000E+00   0.0000E+00   0.0000E+00   0.0000E+00   0.0000E+00   0.0000E+00   0.0000E+00   0.0000E+00   0.0000E+00   0.0000E+00   0.0000E+00   4.2987E-01   4.3915E-01   5.5169E-01   2.1290E+00   5.8923E+00   2.9410E+01   1.8408E+02   6.2493E+02
    2.1656E+02   0.0000E+00   0.0000E+00   0.0000E+00   0.0000E+00   0.0000E+00   0.0000E+00   0.0000E+00   0.0000E+00   0.0000E+00   0.0000E+00   0.0000E+00   0.0000E+00   0.0000E+00   7.9897E-02   5.3874E-03   1.4415E-01   2.6336E+00   1.4902E+00   8.9182E+00   1.6622E+01
    2.2680E+02   0.0000E+00   0.0000E+00   0.0000E+00   0.0000E+00   0.0000E+00   0.0000E+00   0.0000E+00   0.0000E+00   0.0000E+00   0.0000E+00   0.0000E+00   0.0000E+00   0.0000E+00   0.0000E+00   0.0000E+00   8.0494E-02   0.0000E+00   1.0610E-01   3.4198E-01   3.2110E+00
    2.3752E+02   0.0000E+00   0.0000E+00   0.0000E+00   0.0000E+00   0.0000E+00   0.0000E+00   0.0000E+00   0.0000E+00   0.0000E+00   0.0000E+00   0.0000E+00   0.0000E+00   0.0000E+00   0.0000E+00   0.0000E+00   1.6195E-04   0.0000E+00   5.7998E-03   8.0536E-03   1.2834E-01
    2.4876E+02   0.0000E+00   0.0000E+00   0.0000E+00   0.0000E+00   0.0000E+00   0.0000E+00   0.0000E+00   0.0000E+00   0.0000E+00   0.0000E+00   0.0000E+00   0.0000E+00   0.0000E+00   0.0000E+00   0.0000E+00   4.1730E-04   0.0000E+00   0.0000E+00   0.0000E+00   2.8697E-02
    2.6052E+02   0.0000E+00   0.0000E+00   0.0000E+00   0.0000E+00   0.0000E+00   0.0000E+00   0.0000E+00   0.0000E+00   0.0000E+00   0.0000E+00   0.0000E+00   0.0000E+00   0.0000E+00   0.0000E+00   0.0000E+00   0.0000E+00   0.0000E+00   0.0000E+00   0.0000E+00   0.0000E+00
    2.7284E+02   0.0000E+00   0.0000E+00   0.0000E+00   0.0000E+00   0.0000E+00   0.0000E+00   0.0000E+00   0.0000E+00   0.0000E+00   0.0000E+00   0.0000E+00   0.0000E+00   0.0000E+00   0.0000E+00   0.0000E+00   0.0000E+00   0.0000E+00   0.0000E+00   0.0000E+00   0.0000E+00
    2.8574E+02   0.0000E+00   0.0000E+00   0.0000E+00   0.0000E+00   0.0000E+00   0.0000E+00   0.0000E+00   0.0000E+00   0.0000E+00   0.0000E+00   0.0000E+00   0.0000E+00   0.0000E+00   0.0000E+00   0.0000E+00   0.0000E+00   0.0000E+00   0.0000E+00   0.0000E+00   0.0000E+00
    2.9925E+02   0.0000E+00   0.0000E+00   0.0000E+00   0.0000E+00   0.0000E+00   0.0000E+00   0.0000E+00   0.0000E+00   0.0000E+00   0.0000E+00   0.0000E+00   0.0000E+00   0.0000E+00   0.0000E+00   0.0000E+00   0.0000E+00   0.0000E+00   0.0000E+00   0.0000E+00   0.0000E+00
    3.1341E+02   0.0000E+00   0.0000E+00   0.0000E+00   0.0000E+00   0.0000E+00   0.0000E+00   0.0000E+00   0.0000E+00   0.0000E+00   0.0000E+00   0.0000E+00   0.0000E+00   0.0000E+00   0.0000E+00   0.0000E+00   0.0000E+00   0.0000E+00   0.0000E+00   0.0000E+00   0.0000E+00
    3.2823E+02   0.0000E+00   0.0000E+00   0.0000E+00   0.0000E+00   0.0000E+00   0.0000E+00   0.0000E+00   0.0000E+00   0.0000E+00   0.0000E+00   0.0000E+00   0.0000E+00   0.0000E+00   0.0000E+00   0.0000E+00   0.0000E+00   0.0000E+00   0.0000E+00   0.0000E+00   0.0000E+00
    3.4375E+02   0.0000E+00   0.0000E+00   0.0000E+00   0.0000E+00   0.0000E+00   0.0000E+00   0.0000E+00   0.0000E+00   0.0000E+00   0.0000E+00   0.0000E+00   0.0000E+00   0.0000E+00   0.0000E+00   0.0000E+00   0.0000E+00   0.0000E+00   0.0000E+00   0.0000E+00   0.0000E+00
    3.6000E+02   0.0000E+00   0.0000E+00   0.0000E+00   0.0000E+00   0.0000E+00   0.0000E+00   0.0000E+00   0.0000E+00   0.0000E+00   0.0000E+00   0.0000E+00   0.0000E+00   0.0000E+00   0.0000E+00   0.0000E+00   0.0000E+00   0.0000E+00   0.0000E+00   0.0000E+00   0.0000E+00
    3.7703E+02   0.0000E+00   0.0000E+00   0.0000E+00   0.0000E+00   0.0000E+00   0.0000E+00   0.0000E+00   0.0000E+00   0.0000E+00   0.0000E+00   0.0000E+00   0.0000E+00   0.0000E+00   0.0000E+00   0.0000E+00   0.0000E+00   0.0000E+00   0.0000E+00   0.0000E+00   0.0000E+00
    3.9486E+02   0.0000E+00   0.0000E+00   0.0000E+00   0.0000E+00   0.0000E+00   0.0000E+00   0.0000E+00   0.0000E+00   0.0000E+00   0.0000E+00   0.0000E+00   0.0000E+00   0.0000E+00   0.0000E+00   0.0000E+00   0.0000E+00   0.0000E+00   0.0000E+00   0.0000E+00   0.0000E+00
    4.1353E+02   0.0000E+00   0.0000E+00   0.0000E+00   0.0000E+00   0.0000E+00   0.0000E+00   0.0000E+00   0.0000E+00   0.0000E+00   0.0000E+00   0.0000E+00   0.0000E+00   0.0000E+00   0.0000E+00   0.0000E+00   0.0000E+00   0.0000E+00   0.0000E+00   0.0000E+00   0.0000E+00
