    1.2535E-03   5.8106E+16   7.9058E+16   1.3430E+17   2.1188E+17   2.4953E+17   2.7517E+17   3.0431E+17   3.4267E+17   3.7217E+17   4.1916E+17   4.5791E+17   4.9128E+17   5.2474E+17   5.5936E+17   5.7805E+17   5.9865E+17   6.1799E+17   6.4651E+17   6.8605E+17   7.1652E+17
    1.3127E-03   6.3516E+16   8.6186E+16   1.4572E+17   2.3114E+17   2.7272E+17   3.0102E+17   3.3316E+17   3.7543E+17   4.0791E+17   4.5955E+17   5.0210E+17   5.3881E+17   5.7549E+17   6.1351E+17   6.3390E+17   6.5637E+17   6.7754E+17   7.0905E+17   7.5245E+17   7.8565E+17
    1.3748E-03   6.9430E+16   9.3971E+16   1.5809E+17   2.5210E+17   2.9801E+17   3.2927E+17   3.6471E+17   4.1130E+17   4.4707E+17   5.0383E+17   5.5054E+17   5.9092E+17   6.3113E+17   6.7288E+17   6.9511E+17   7.1963E+17   7.4283E+17   7.7763E+17   8.2524E+17   8.6144E+17
    1.4398E-03   7.5898E+16   1.0248E+17   1.7149E+17   2.7493E+17   3.2559E+17   3.6012E+17   3.9922E+17   4.5056E+17   4.8996E+17   5.5239E+17   6.0364E+17   6.4805E+17   6.9212E+17   7.3795E+17   7.6220E+17   7.8896E+17   8.1442E+17   8.5283E+17   9.0505E+17   9.4453E+17
    1.5079E-03   8.2969E+16   1.1176E+17   1.8601E+17   2.9977E+17   3.5567E+17   3.9381E+17   4.3695E+17   4.9354E+17   5.3695E+17   6.0563E+17   6.6186E+17   7.1069E+17   7.5899E+17   8.0930E+17   8.3575E+17   8.6497E+17   8.9295E+17   9.3532E+17   9.9259E+17   1.0357E+18
    1.5792E-03   9.0740E+16   1.2201E+17   2.0199E+17   3.2695E+17   3.8855E+17   4.3066E+17   4.7824E+17   5.4057E+17   5.8838E+17   6.6396E+17   7.2560E+17   7.7926E+17   8.3219E+17   8.8737E+17   9.1624E+17   9.4817E+17   9.7894E+17   1.0256E+18   1.0883E+18   1.1354E+18
    1.6539E-03   9.9194E+16   1.3310E+17   2.1905E+17   3.5638E+17   4.2428E+17   4.7082E+17   5.2334E+17   5.9205E+17   6.4473E+17   7.2796E+17   7.9553E+17   8.5453E+17   9.1254E+17   9.7309E+17   1.0046E+18   1.0395E+18   1.0734E+18   1.1247E+18   1.1935E+18   1.2449E+18
    1.7321E-03   1.0844E+17   1.4521E+17   2.3755E+17   3.8838E+17   4.6323E+17   5.1465E+17   5.7263E+17   6.4838E+17   7.0643E+17   7.9813E+17   8.7216E+17   9.3703E+17   1.0006E+18   1.0670E+18   1.1014E+18   1.1396E+18   1.1769E+18   1.2334E+18   1.3087E+18   1.3649E+18
    1.8140E-03   1.1855E+17   1.5843E+17   2.5762E+17   4.2320E+17   5.0567E+17   5.6247E+17   6.2650E+17   7.1003E+17   7.7400E+17   8.7505E+17   9.5613E+17   1.0274E+18   1.0972E+18   1.1700E+18   1.2075E+18   1.2493E+18   1.2905E+18   1.3525E+18   1.4350E+18   1.4964E+18
    1.8998E-03   1.2960E+17   1.7288E+17   2.7938E+17   4.6106E+17   5.5190E+17   6.1465E+17   6.8536E+17   7.7748E+17   8.4797E+17   9.5938E+17   1.0482E+18   1.1265E+18   1.2030E+18   1.2829E+18   1.3238E+18   1.3695E+18   1.4150E+18   1.4831E+18   1.5734E+18   1.6406E+18
    1.9897E-03   1.4168E+17   1.8866E+17   3.0300E+17   5.0223E+17   6.0227E+17   6.7156E+17   7.4966E+17   8.5128E+17   9.2896E+17   1.0518E+18   1.1490E+18   1.2351E+18   1.3190E+18   1.4066E+18   1.4513E+18   1.5013E+18   1.5516E+18   1.6262E+18   1.7250E+18   1.7986E+18
    2.0838E-03   1.5489E+17   2.0590E+17   3.2864E+17   5.4700E+17   6.5713E+17   7.3364E+17   8.1989E+17   9.3203E+17   1.0176E+18   1.1531E+18   1.2595E+18   1.3542E+18   1.4461E+18   1.5422E+18   1.5911E+18   1.6459E+18   1.7014E+18   1.7831E+18   1.8913E+18   1.9719E+18
    2.1823E-03   1.6935E+17   2.2476E+17   3.5652E+17   5.9570E+17   7.1689E+17   8.0136E+17   8.9660E+17   1.0204E+18   1.1147E+18   1.2642E+18   1.3805E+18   1.4846E+18   1.5855E+18   1.6908E+18   1.7442E+18   1.8043E+18   1.8657E+18   1.9549E+18   2.0734E+18   2.1616E+18
    2.2855E-03   1.8514E+17   2.4533E+17   3.8674E+17   6.4860E+17   7.8194E+17   8.7518E+17   9.8036E+17   1.1170E+18   1.2209E+18   1.3858E+18   1.5131E+18   1.6275E+18   1.7382E+18   1.8538E+18   1.9122E+18   1.9780E+18   2.0459E+18   2.1434E+18   2.2730E+18   2.3698E+18
    2.3936E-03   2.0241E+17   2.6782E+17   4.1958E+17   7.0608E+17   8.5276E+17   9.5565E+17   1.0718E+18   1.2227E+18   1.3372E+18   1.5192E+18   1.6584E+18   1.7842E+18   1.9057E+18   2.0324E+18   2.0964E+18   2.1685E+18   2.2435E+18   2.3498E+18   2.4917E+18   2.5978E+18
    2.5068E-03   2.2129E+17   2.9238E+17   4.5526E+17   7.6855E+17   9.2986E+17   1.0434E+18   1.1716E+18   1.3383E+18   1.4645E+18   1.6652E+18   1.8176E+18   1.9558E+18   2.0893E+18   2.2281E+18   2.2983E+18   2.3774E+18   2.4601E+18   2.5761E+18   2.7314E+18   2.8478E+18
    2.6253E-03   2.4192E+17   3.1923E+17   4.9404E+17   8.3640E+17   1.0138E+18   1.1390E+18   1.2806E+18   1.4648E+18   1.6037E+18   1.8252E+18   1.9920E+18   2.1439E+18   2.2905E+18   2.4427E+18   2.5197E+18   2.6064E+18   2.6977E+18   2.8241E+18   2.9940E+18   3.1217E+18
    2.7495E-03   2.6448E+17   3.4858E+17   5.3620E+17   9.1009E+17   1.1051E+18   1.2431E+18   1.3995E+18   1.6030E+18   1.7562E+18   2.0004E+18   2.1830E+18   2.3499E+18   2.5111E+18   2.6779E+18   2.7624E+18   2.8574E+18   2.9582E+18   3.0958E+18   3.2817E+18   3.4219E+18
    2.8795E-03   2.8913E+17   3.8067E+17   5.8205E+17   9.9012E+17   1.2045E+18   1.3566E+18   1.5293E+18   1.7542E+18   1.9230E+18   2.1922E+18   2.3923E+18   2.5758E+18   2.7529E+18   2.9357E+18   3.0286E+18   3.1327E+18   3.2438E+18   3.3935E+18   3.5970E+18   3.7508E+18
    3.0157E-03   3.1608E+17   4.1575E+17   6.3192E+17   1.0770E+18   1.3126E+18   1.4802E+18   1.6709E+18   1.9194E+18   2.1055E+18   2.4023E+18   2.6216E+18   2.8232E+18   3.0179E+18   3.2183E+18   3.3205E+18   3.4345E+18   3.5569E+18   3.7197E+18   3.9425E+18   4.1112E+18
    3.1583E-03   3.4554E+17   4.5412E+17   6.8618E+17   1.1713E+18   1.4302E+18   1.6148E+18   1.8254E+18   2.1000E+18   2.3052E+18   2.6322E+18   2.8728E+18   3.0943E+18   3.3084E+18   3.5280E+18   3.6405E+18   3.7654E+18   3.9002E+18   4.0772E+18   4.3210E+18   4.5061E+18
    3.3076E-03   3.7773E+17   4.9607E+17   7.4522E+17   1.2736E+18   1.5581E+18   1.7615E+18   1.9939E+18   2.2974E+18   2.5237E+18   2.8839E+18   3.1480E+18   3.3914E+18   3.6269E+18   3.8677E+18   3.9916E+18   4.1285E+18   4.2767E+18   4.4693E+18   4.7363E+18   4.9392E+18
    3.4641E-03   4.1352E+17   5.4280E+17   8.1265E+17   1.3894E+18   1.7017E+18   1.9251E+18   2.1810E+18   2.5153E+18   2.7643E+18   3.1605E+18   3.4503E+18   3.7176E+18   3.9763E+18   4.2404E+18   4.3766E+18   4.5265E+18   4.6894E+18   4.8992E+18   5.1912E+18   5.4135E+18
    3.6279E-03   4.5201E+17   5.9301E+17   8.8273E+17   1.5101E+18   1.8534E+18   2.0992E+18   2.3817E+18   2.7512E+18   3.0259E+18   3.4621E+18   3.7806E+18   4.0743E+18   4.3589E+18   4.6485E+18   4.7986E+18   4.9628E+18   5.1418E+18   5.3701E+18   5.6898E+18   5.9335E+18
    3.7994E-03   4.9408E+17   6.4793E+17   9.5902E+17   1.6411E+18   2.0183E+18   2.2886E+18   2.6004E+18   3.0087E+18   3.3118E+18   3.7921E+18   4.1422E+18   4.4649E+18   4.7779E+18   5.0956E+18   5.2608E+18   5.4408E+18   5.6373E+18   5.8856E+18   6.2357E+18   6.5025E+18
    3.9791E-03   5.4005E+17   7.0800E+17   1.0421E+18   1.7830E+18   2.1976E+18   2.4948E+18   2.8388E+18   3.2899E+18   3.6245E+18   4.1531E+18   4.5382E+18   4.8928E+18   5.2370E+18   5.5856E+18   5.7675E+18   5.9646E+18   6.1803E+18   6.4506E+18   6.8337E+18   7.1257E+18
    4.1673E-03   5.9028E+17   7.7369E+17   1.1326E+18   1.9367E+18   2.3925E+18   2.7191E+18   3.0986E+18   3.5969E+18   3.9662E+18   4.5480E+18   4.9720E+18   5.3615E+18   5.7400E+18   6.1226E+18   6.3227E+18   6.5388E+18   6.7754E+18   7.0696E+18   7.4890E+18   7.8084E+18
    4.3644E-03   6.4519E+17   8.4554E+17   1.2311E+18   2.1033E+18   2.6044E+18   2.9631E+18   3.3816E+18   3.9320E+18   4.3398E+18   4.9799E+18   5.4471E+18   5.8750E+18   6.2910E+18   6.7112E+18   6.9311E+18   7.1680E+18   7.4275E+18   7.7481E+18   8.2070E+18   8.5561E+18
    4.5707E-03   7.0521E+17   9.2411E+17   1.3385E+18   2.2836E+18   2.8348E+18   3.2285E+18   3.6900E+18   4.2977E+18   4.7481E+18   5.4522E+18   5.9674E+18   6.4374E+18   6.8947E+18   7.3561E+18   7.5978E+18   7.8575E+18   8.1421E+18   8.4916E+18   8.9937E+18   9.3750E+18
    4.7869E-03   7.7080E+17   1.0100E+18   1.4555E+18   2.4790E+18   3.0852E+18   3.5173E+18   4.0257E+18   4.6966E+18   5.1942E+18   5.9688E+18   6.5371E+18   7.0534E+18   7.5561E+18   8.0627E+18   8.3281E+18   8.6131E+18   8.9251E+18   9.3063E+18   9.8556E+18   1.0272E+19
    5.0133E-03   8.4251E+17   1.1040E+18   1.5830E+18   2.6904E+18   3.3573E+18   3.8313E+18   4.3914E+18   5.1318E+18   5.6816E+18   6.5337E+18   7.1610E+18   7.7280E+18   8.2805E+18   8.8370E+18   9.1281E+18   9.4408E+18   9.7829E+18   1.0199E+19   1.0800E+19   1.1254E+19
    5.2503E-03   9.2090E+17   1.2067E+18   1.7221E+18   2.9193E+18   3.6531E+18   4.1728E+18   4.7894E+18   5.6062E+18   6.2139E+18   7.1512E+18   7.8442E+18   8.4668E+18   9.0740E+18   9.6852E+18   1.0004E+19   1.0348E+19   1.0723E+19   1.1177E+19   1.1834E+19   1.2329E+19
    5.4986E-03   1.0066E+18   1.3190E+18   1.8737E+18   3.1671E+18   3.9745E+18   4.5442E+18   5.2226E+18   6.1234E+18   6.7953E+18   7.8264E+18   8.5923E+18   9.2759E+18   9.9431E+18   1.0614E+19   1.0964E+19   1.1341E+19   1.1752E+19   1.2249E+19   1.2967E+19   1.3507E+19
    5.7587E-03   1.1003E+18   1.4417E+18   2.0391E+18   3.4353E+18   4.3237E+18   4.9481E+18   5.6941E+18   6.6871E+18   7.4301E+18   8.5644E+18   9.4113E+18   1.0162E+19   1.0895E+19   1.1632E+19   1.2016E+19   1.2429E+19   1.2880E+19   1.3423E+19   1.4208E+19   1.4796E+19
    6.0310E-03   1.2028E+18   1.5759E+18   2.2195E+18   3.7255E+18   4.7030E+18   5.3872E+18   6.2071E+18   7.3014E+18   8.1232E+18   9.3711E+18   1.0308E+19   1.1132E+19   1.1938E+19   1.2747E+19   1.3167E+19   1.3621E+19   1.4116E+19   1.4710E+19   1.5567E+19   1.6208E+19
    6.3162E-03   1.3152E+18   1.7231E+18   2.4179E+18   4.0437E+18   5.1188E+18   5.8684E+18   6.7688E+18   7.9736E+18   8.8820E+18   1.0255E+19   1.1291E+19   1.2195E+19   1.3080E+19   1.3968E+19   1.4429E+19   1.4927E+19   1.5470E+19   1.6119E+19   1.7055E+19   1.7752E+19
    6.6149E-03   1.4378E+18   1.8834E+18   2.6328E+18   4.3840E+18   5.5665E+18   6.3879E+18   7.3762E+18   8.7027E+18   9.7078E+18   1.1218E+19   1.2365E+19   1.3359E+19   1.4331E+19   1.5304E+19   1.5811E+19   1.6356E+19   1.6952E+19   1.7663E+19   1.8684E+19   1.9443E+19
    6.9277E-03   1.5718E+18   2.0586E+18   2.8674E+18   4.7522E+18   6.0528E+18   6.9527E+18   8.0368E+18   9.4966E+18   1.0609E+19   1.2271E+19   1.3542E+19   1.4632E+19   1.5701E+19   1.6767E+19   1.7323E+19   1.7922E+19   1.8575E+19   1.9353E+19   2.0467E+19   2.1293E+19
    7.2553E-03   1.7183E+18   2.2501E+18   3.1236E+18   5.1509E+18   6.5806E+18   7.5667E+18   8.7553E+18   1.0361E+19   1.1591E+19   1.3421E+19   1.4829E+19   1.6025E+19   1.7200E+19   1.8368E+19   1.8980E+19   1.9636E+19   2.0353E+19   2.1203E+19   2.2418E+19   2.3318E+19
    7.5984E-03   1.8786E+18   2.4595E+18   3.4034E+18   5.5827E+18   7.1536E+18   8.2343E+18   9.5366E+18   1.1302E+19   1.2663E+19   1.4677E+19   1.6237E+19   1.7551E+19   1.8842E+19   2.0121E+19   2.0795E+19   2.1513E+19   2.2299E+19   2.3228E+19   2.4553E+19   2.5532E+19
    7.9577E-03   2.0539E+18   2.6883E+18   3.7090E+18   6.0503E+18   7.7754E+18   8.9600E+18   1.0386E+19   1.2326E+19   1.3831E+19   1.6050E+19   1.7778E+19   1.9220E+19   2.0640E+19   2.2040E+19   2.2782E+19   2.3568E+19   2.4430E+19   2.5446E+19   2.6889E+19   2.7954E+19
    8.3341E-03   2.2455E+18   2.9383E+18   4.0428E+18   6.5568E+18   8.4500E+18   9.7491E+18   1.1310E+19   1.3440E+19   1.5104E+19   1.7548E+19   1.9464E+19   2.1047E+19   2.2609E+19   2.4140E+19   2.4958E+19   2.5818E+19   2.6762E+19   2.7872E+19   2.9444E+19   3.0603E+19
    8.7282E-03   2.4551E+18   3.2116E+18   4.4074E+18   7.1057E+18   9.1817E+18   1.0607E+19   1.2314E+19   1.4651E+19   1.6492E+19   1.9184E+19   2.1308E+19   2.3046E+19   2.4764E+19   2.6437E+19   2.7342E+19   2.8281E+19   2.9316E+19   3.0528E+19   3.2238E+19   3.3500E+19
    9.1409E-03   2.6843E+18   3.5104E+18   4.8057E+18   7.7006E+18   9.9752E+18   1.1539E+19   1.3406E+19   1.5969E+19   1.8003E+19   2.0971E+19   2.3325E+19   2.5233E+19   2.7123E+19   2.8952E+19   2.9952E+19   3.0978E+19   3.2111E+19   3.3435E+19   3.5293E+19   3.6668E+19
    9.5732E-03   2.9349E+18   3.8369E+18   5.2409E+18   8.3456E+18   1.0835E+19   1.2553E+19   1.4593E+19   1.7403E+19   1.9649E+19   2.2921E+19   2.5531E+19   2.7626E+19   2.9705E+19   3.1704E+19   3.2811E+19   3.3930E+19   3.5170E+19   3.6615E+19   3.8634E+19   4.0131E+19
    1.0026E-02   3.2088E+18   4.1938E+18   5.7165E+18   9.0450E+18   1.1768E+19   1.3655E+19   1.5884E+19   1.8961E+19   2.1441E+19   2.5049E+19   2.7942E+19   3.0243E+19   3.2531E+19   3.4715E+19   3.5941E+19   3.7162E+19   3.8518E+19   4.0095E+19   4.2286E+19   4.3917E+19
    1.0500E-02   3.5082E+18   4.5840E+18   6.2360E+18   9.8038E+18   1.2778E+19   1.4852E+19   1.7288E+19   2.0655E+19   2.3391E+19   2.7372E+19   3.0577E+19   3.3106E+19   3.5623E+19   3.8009E+19   3.9367E+19   4.0698E+19   4.2181E+19   4.3902E+19   4.6277E+19   4.8055E+19
    1.0997E-02   3.8356E+18   5.0104E+18   6.8037E+18   1.0627E+19   1.3874E+19   1.6153E+19   1.8814E+19   2.2497E+19   2.5513E+19   2.9906E+19   3.3457E+19   3.6236E+19   3.9007E+19   4.1614E+19   4.3118E+19   4.4568E+19   4.6190E+19   4.8068E+19   5.0639E+19   5.2578E+19
    1.1517E-02   4.1933E+18   5.4765E+18   7.4241E+18   1.1521E+19   1.5060E+19   1.7567E+19   2.0474E+19   2.4499E+19   2.7822E+19   3.2670E+19   3.6604E+19   3.9659E+19   4.2709E+19   4.5558E+19   4.7224E+19   4.8803E+19   5.0576E+19   5.2624E+19   5.5405E+19   5.7520E+19
    1.2061E-02   4.5843E+18   5.9860E+18   8.1019E+18   1.2492E+19   1.6345E+19   1.9103E+19   2.2278E+19   2.6674E+19   3.0334E+19   3.5685E+19   4.0041E+19   4.3401E+19   4.6759E+19   4.9872E+19   5.1717E+19   5.3436E+19   5.5375E+19   5.7607E+19   6.0612E+19   6.2920E+19
    1.2632E-02   5.0116E+18   6.5429E+18   8.8426E+18   1.3546E+19   1.7737E+19   2.0772E+19   2.4240E+19   2.9039E+19   3.3066E+19   3.8971E+19   4.3794E+19   4.7491E+19   5.1189E+19   5.4592E+19   5.6634E+19   5.8505E+19   6.0625E+19   6.3058E+19   6.6301E+19   6.8820E+19
    1.3229E-02   5.4785E+18   7.1514E+18   9.6520E+18   1.4691E+19   1.9245E+19   2.2585E+19   2.6375E+19   3.1610E+19   3.6038E+19   4.2556E+19   4.7894E+19   5.1964E+19   5.6037E+19   5.9758E+19   6.2016E+19   6.4053E+19   6.6372E+19   6.9024E+19   7.2519E+19   7.5268E+19
    1.3855E-02   5.9957E+18   7.8256E+18   1.0551E+19   1.5980E+19   2.0936E+19   2.4604E+19   2.8744E+19   3.4458E+19   3.9320E+19   4.6501E+19   5.2395E+19   5.6871E+19   6.1350E+19   6.5416E+19   6.7907E+19   7.0122E+19   7.2655E+19   7.5542E+19   7.9303E+19   8.2303E+19
    1.4510E-02   6.5537E+18   8.5533E+18   1.1518E+19   1.7338E+19   2.2711E+19   2.6749E+19   3.1275E+19   3.7501E+19   4.2840E+19   5.0765E+19   5.7283E+19   6.2215E+19   6.7149E+19   7.1598E+19   7.4346E+19   7.6758E+19   7.9530E+19   8.2674E+19   8.6720E+19   8.9993E+19
    1.5196E-02   7.1634E+18   9.3483E+18   1.2576E+19   1.8813E+19   2.4634E+19   2.9076E+19   3.4026E+19   4.0809E+19   4.6663E+19   5.5407E+19   6.2612E+19   6.8051E+19   7.3485E+19   7.8354E+19   8.1383E+19   8.4009E+19   8.7042E+19   9.0465E+19   9.4813E+19   9.8384E+19
    1.5914E-02   7.8292E+18   1.0217E+19   1.3731E+19   2.0419E+19   2.6716E+19   3.1603E+19   3.7018E+19   4.4405E+19   5.0819E+19   6.0464E+19   6.8423E+19   7.4425E+19   8.0411E+19   8.5742E+19   8.9074E+19   9.1934E+19   9.5255E+19   9.8979E+19   1.0365E+20   1.0754E+20
    1.6667E-02   8.5565E+18   1.1166E+19   1.4993E+19   2.2165E+19   2.8972E+19   3.4346E+19   4.0272E+19   4.8313E+19   5.5334E+19   6.5970E+19   7.4758E+19   8.1386E+19   8.7979E+19   9.3819E+19   9.7481E+19   1.0060E+20   1.0423E+20   1.0828E+20   1.1329E+20   1.1753E+20
    1.7455E-02   9.3507E+18   1.2202E+19   1.6373E+19   2.4065E+19   3.1416E+19   3.7322E+19   4.3812E+19   5.2563E+19   6.0241E+19   7.1964E+19   8.1663E+19   8.8988E+19   9.6249E+19   1.0265E+20   1.0667E+20   1.1006E+20   1.1404E+20   1.1845E+20   1.2382E+20   1.2843E+20
    1.8281E-02   1.0218E+19   1.3334E+19   1.7880E+19   2.6134E+19   3.4064E+19   4.0550E+19   4.7661E+19   5.7183E+19   6.5572E+19   7.8488E+19   8.9187E+19   9.7287E+19   1.0528E+20   1.1230E+20   1.1670E+20   1.2041E+20   1.2476E+20   1.2956E+20   1.3531E+20   1.4032E+20
    1.9145E-02   1.1165E+19   1.4569E+19   1.9527E+19   2.8386E+19   3.6934E+19   4.4053E+19   5.1848E+19   6.2207E+19   7.1363E+19   8.5586E+19   9.7383E+19   1.0635E+20   1.1515E+20   1.2285E+20   1.2766E+20   1.3171E+20   1.3648E+20   1.4169E+20   1.4784E+20   1.5329E+20
    2.0051E-02   1.2198E+19   1.5919E+19   2.1326E+19   3.0838E+19   4.0044E+19   4.7851E+19   5.6402E+19   6.7670E+19   7.7654E+19   9.3308E+19   1.0631E+20   1.1623E+20   1.2592E+20   1.3438E+20   1.3964E+20   1.4405E+20   1.4927E+20   1.5493E+20   1.6151E+20   1.6742E+20
    2.0999E-02   1.3326E+19   1.7392E+19   2.3291E+19   3.3509E+19   4.3416E+19   5.1970E+19   6.1354E+19   7.3610E+19   8.4487E+19   1.0171E+20   1.1603E+20   1.2703E+20   1.3769E+20   1.4698E+20   1.5271E+20   1.5754E+20   1.6324E+20   1.6939E+20   1.7643E+20   1.8283E+20
    2.1992E-02   1.4557E+19   1.9000E+19   2.5439E+19   3.6418E+19   4.7073E+19   5.6435E+19   6.6740E+19   8.0072E+19   9.1910E+19   1.1084E+20   1.2661E+20   1.3880E+20   1.5053E+20   1.6074E+20   1.6699E+20   1.7226E+20   1.7849E+20   1.8518E+20   1.9268E+20   1.9961E+20
    2.3032E-02   1.5900E+19   2.0756E+19   2.7785E+19   3.9588E+19   5.1040E+19   6.1275E+19   7.2596E+19   8.7099E+19   9.9973E+19   1.2077E+20   1.3813E+20   1.5164E+20   1.6454E+20   1.7577E+20   1.8257E+20   1.8834E+20   1.9514E+20   2.0241E+20   2.1041E+20   2.1789E+20
    2.4121E-02   1.7365E+19   2.2673E+19   3.0348E+19   4.3042E+19   5.5343E+19   6.6523E+19   7.8964E+19   9.4743E+19   1.0873E+20   1.3156E+20   1.5066E+20   1.6565E+20   1.7983E+20   1.9219E+20   1.9959E+20   2.0589E+20   2.1331E+20   2.2121E+20   2.2972E+20   2.3779E+20
    2.5262E-02   1.8963E+19   2.4764E+19   3.3147E+19   4.6807E+19   6.0014E+19   7.2210E+19   8.5887E+19   1.0306E+20   1.1825E+20   1.4329E+20   1.6429E+20   1.8092E+20   1.9651E+20   2.1011E+20   2.1816E+20   2.2505E+20   2.3314E+20   2.4172E+20   2.5076E+20   2.5946E+20
    2.6456E-02   2.0706E+19   2.7048E+19   3.6205E+19   5.0910E+19   6.5085E+19   7.8376E+19   9.3413E+19   1.1210E+20   1.2859E+20   1.5603E+20   1.7913E+20   1.9757E+20   2.1469E+20   2.2968E+20   2.3844E+20   2.4596E+20   2.5476E+20   2.6408E+20   2.7368E+20   2.8304E+20
    2.7707E-02   2.2607E+19   2.9540E+19   3.9545E+19   5.5384E+19   7.0590E+19   8.5058E+19   1.0159E+20   1.2194E+20   1.3982E+20   1.6987E+20   1.9527E+20   2.1571E+20   2.3452E+20   2.5103E+20   2.6056E+20   2.6878E+20   2.7835E+20   2.8846E+20   2.9862E+20   3.0869E+20
    2.9018E-02   2.4679E+19   3.2259E+19   4.3192E+19   6.0261E+19   7.6570E+19   9.2300E+19   1.1049E+20   1.3265E+20   1.5202E+20   1.8491E+20   2.1282E+20   2.3549E+20   2.5614E+20   2.7433E+20   2.8470E+20   2.9369E+20   3.0407E+20   3.1504E+20   3.2577E+20   3.3658E+20
    3.0390E-02   2.6937E+19   3.5227E+19   4.7176E+19   6.5578E+19   8.3067E+19   1.0015E+20   1.2015E+20   1.4430E+20   1.6528E+20   2.0124E+20   2.3190E+20   2.5703E+20   2.7970E+20   2.9975E+20   3.1103E+20   3.2086E+20   3.3212E+20   3.4401E+20   3.5531E+20   3.6691E+20
    3.1827E-02   2.9398E+19   3.8464E+19   5.1527E+19   7.1377E+19   9.0127E+19   1.0866E+20   1.3065E+20   1.5697E+20   1.7969E+20   2.1897E+20   2.5265E+20   2.8048E+20   3.0537E+20   3.2747E+20   3.3975E+20   3.5050E+20   3.6268E+20   3.7557E+20   3.8744E+20   3.9987E+20
    3.3332E-02   3.2079E+19   4.1997E+19   5.6277E+19   7.7701E+19   9.7802E+19   1.1789E+20   1.4206E+20   1.7077E+20   1.9535E+20   2.3822E+20   2.7521E+20   3.0602E+20   3.3334E+20   3.5769E+20   3.7107E+20   3.8283E+20   3.9600E+20   4.0994E+20   4.2237E+20   4.3567E+20
    3.4908E-02   3.5000E+19   4.5851E+19   6.1464E+19   8.4598E+19   1.0615E+20   1.2789E+20   1.5445E+20   1.8578E+20   2.1238E+20   2.5913E+20   2.9973E+20   3.3383E+20   3.6380E+20   3.9063E+20   4.0523E+20   4.1808E+20   4.3229E+20   4.4736E+20   4.6033E+20   4.7456E+20
    3.6559E-02   3.8181E+19   5.0056E+19   6.7127E+19   9.2120E+19   1.1522E+20   1.3874E+20   1.6791E+20   2.0211E+20   2.3089E+20   2.8183E+20   3.2637E+20   3.6408E+20   3.9698E+20   4.2654E+20   4.4245E+20   4.5652E+20   4.7183E+20   4.8810E+20   5.0158E+20   5.1678E+20
    3.8288E-02   4.1645E+19   5.4641E+19   7.3309E+19   1.0032E+20   1.2509E+20   1.5051E+20   1.8253E+20   2.1989E+20   2.5101E+20   3.0648E+20   3.5533E+20   3.9700E+20   4.3310E+20   4.6565E+20   4.8302E+20   4.9842E+20   5.1490E+20   5.3243E+20   5.4638E+20   5.6260E+20
    4.0099E-02   4.5416E+19   5.9643E+19   8.0058E+19   1.0928E+20   1.3583E+20   1.6328E+20   1.9841E+20   2.3924E+20   2.7290E+20   3.3323E+20   3.8679E+20   4.3280E+20   4.7242E+20   5.0826E+20   5.2722E+20   5.4407E+20   5.6179E+20   5.8065E+20   5.9501E+20   6.1230E+20
    4.1995E-02   4.9520E+19   6.5096E+19   8.7424E+19   1.1904E+20   1.4751E+20   1.7713E+20   2.1564E+20   2.6030E+20   2.9670E+20   3.6228E+20   4.2096E+20   4.7172E+20   5.1523E+20   5.5467E+20   5.7535E+20   5.9381E+20   6.1283E+20   6.3309E+20   6.4779E+20   6.6621E+20
    4.3981E-02   5.3986E+19   7.1042E+19   9.5463E+19   1.2969E+20   1.6023E+20   1.9217E+20   2.3436E+20   2.8321E+20   3.2260E+20   3.9382E+20   4.5808E+20   5.1404E+20   5.6181E+20   6.0519E+20   6.2777E+20   6.4797E+20   6.6838E+20   6.9009E+20   7.0505E+20   7.2464E+20
    4.6061E-02   5.8844E+19   7.7524E+19   1.0424E+20   1.4131E+20   1.7407E+20   2.0849E+20   2.5467E+20   3.0815E+20   3.5076E+20   4.2806E+20   4.9840E+20   5.6003E+20   6.1249E+20   6.6019E+20   6.8483E+20   7.0694E+20   7.2881E+20   7.5204E+20   7.6716E+20   7.8795E+20
    4.8239E-02   6.4128E+19   8.4589E+19   1.1381E+20   1.5398E+20   1.8914E+20   2.2621E+20   2.7672E+20   3.3530E+20   3.8141E+20   4.6523E+20   5.4218E+20   6.1000E+20   6.6763E+20   7.2005E+20   7.4693E+20   7.7112E+20   7.9455E+20   8.1934E+20   8.3449E+20   8.5653E+20
    5.0520E-02   6.9872E+19   9.2289E+19   1.2425E+20   1.6781E+20   2.0555E+20   2.4546E+20   3.0066E+20   3.6484E+20   4.1475E+20   5.0559E+20   5.8973E+20   6.6430E+20   7.2761E+20   7.8520E+20   8.1450E+20   8.4096E+20   8.6605E+20   8.9244E+20   9.0747E+20   9.3080E+20
    5.2909E-02   7.6116E+19   1.0068E+20   1.3565E+20   1.8289E+20   2.2343E+20   2.6638E+20   3.2665E+20   3.9701E+20   4.5106E+20   5.4946E+20   6.4140E+20   7.2332E+20   7.9289E+20   8.5612E+20   8.8807E+20   9.1697E+20   9.4381E+20   9.7186E+20   9.8657E+20   1.0112E+21
    5.5411E-02   8.2918E+19   1.0983E+20   1.4811E+20   1.9950E+20   2.4319E+20   2.8949E+20   3.5521E+20   4.3226E+20   4.9082E+20   5.9733E+20   6.9769E+20   7.8752E+20   8.6390E+20   9.3322E+20   9.6801E+20   9.9954E+20   1.0282E+21   1.0579E+21   1.0721E+21   1.0981E+21
    5.8032E-02   9.0281E+19   1.1978E+20   1.6167E+20   2.1746E+20   2.6442E+20   3.1422E+20   3.8587E+20   4.7038E+20   5.3384E+20   6.4908E+20   7.5863E+20   8.5715E+20   9.4109E+20   1.0171E+21   1.0550E+21   1.0894E+21   1.1200E+21   1.1514E+21   1.1648E+21   1.1921E+21
    6.0776E-02   9.8273E+19   1.3061E+20   1.7644E+20   2.3704E+20   2.8754E+20   3.4110E+20   4.1914E+20   5.1184E+20   5.8063E+20   7.0523E+20   8.2474E+20   9.3270E+20   1.0249E+21   1.1082E+21   1.1495E+21   1.1869E+21   1.2196E+21   1.2527E+21   1.2651E+21   1.2936E+21
    6.3650E-02   1.0695E+20   1.4240E+20   1.9254E+20   2.5840E+20   3.1272E+20   3.7031E+20   4.5525E+20   5.5695E+20   6.3154E+20   7.6620E+20   8.9649E+20   1.0147E+21   1.1160E+21   1.2072E+21   1.2521E+21   1.2928E+21   1.3277E+21   1.3626E+21   1.3734E+21   1.4032E+21
    6.6660E-02   1.1635E+20   1.5523E+20   2.1010E+20   2.8169E+20   3.4016E+20   4.0207E+20   4.9444E+20   6.0603E+20   6.8693E+20   8.3242E+20   9.7438E+20   1.1037E+21   1.2149E+21   1.3148E+21   1.3636E+21   1.4078E+21   1.4450E+21   1.4815E+21   1.4905E+21   1.5215E+21
    6.9813E-02   1.2655E+20   1.6919E+20   2.2923E+20   3.0709E+20   3.7005E+20   4.3661E+20   5.3698E+20   6.5943E+20   7.4720E+20   9.0432E+20   1.0589E+21   1.2003E+21   1.3224E+21   1.4316E+21   1.4846E+21   1.5327E+21   1.5722E+21   1.6104E+21   1.6170E+21   1.6490E+21
    7.3114E-02   1.3760E+20   1.8437E+20   2.5007E+20   3.3479E+20   4.0262E+20   4.7418E+20   5.8317E+20   7.1751E+20   8.1278E+20   9.8241E+20   1.1507E+21   1.3051E+21   1.4391E+21   1.5584E+21   1.6160E+21   1.6681E+21   1.7101E+21   1.7500E+21   1.7536E+21   1.7865E+21
    7.6571E-02   1.4957E+20   2.0088E+20   2.7277E+20   3.6498E+20   4.3810E+20   5.1504E+20   6.3331E+20   7.8070E+20   8.8411E+20   1.0672E+21   1.2503E+21   1.4189E+21   1.5659E+21   1.6961E+21   1.7586E+21   1.8151E+21   1.8596E+21   1.9011E+21   1.9010E+21   1.9347E+21
    8.0193E-02   1.6253E+20   2.1882E+20   2.9749E+20   3.9790E+20   4.7676E+20   5.5950E+20   6.8775E+20   8.4942E+20   9.6171E+20   1.1593E+21   1.3584E+21   1.5423E+21   1.7035E+21   1.8455E+21   1.9134E+21   1.9745E+21   2.0215E+21   2.0645E+21   2.0599E+21   2.0942E+21
    8.3985E-02   1.7655E+20   2.3832E+20   3.2441E+20   4.3378E+20   5.1889E+20   6.0787E+20   7.4686E+20   9.2417E+20   1.0461E+21   1.2594E+21   1.4757E+21   1.6762E+21   1.8528E+21   2.0077E+21   2.0812E+21   2.1473E+21   2.1969E+21   2.2413E+21   2.2313E+21   2.2659E+21
    8.7956E-02   1.9172E+20   2.5949E+20   3.5372E+20   4.7290E+20   5.6478E+20   6.6051E+20   8.1106E+20   1.0055E+21   1.1379E+21   1.3681E+21   1.6030E+21   1.8215E+21   2.0149E+21   2.1835E+21   2.2631E+21   2.3346E+21   2.3867E+21   2.4324E+21   2.4159E+21   2.4505E+21
    9.2116E-02   2.0812E+20   2.8249E+20   3.8561E+20   5.1552E+20   6.1479E+20   7.1780E+20   8.8078E+20   1.0939E+21   1.2378E+21   1.4861E+21   1.7411E+21   1.9790E+21   2.1907E+21   2.3742E+21   2.4603E+21   2.5375E+21   2.5922E+21   2.6389E+21   2.6146E+21   2.6489E+21
    9.6472E-02   2.2584E+20   3.0745E+20   4.2031E+20   5.6196E+20   6.6926E+20   7.8014E+20   9.5651E+20   1.1900E+21   1.3463E+21   1.6144E+21   1.8910E+21   2.1499E+21   2.3814E+21   2.5808E+21   2.6739E+21   2.7573E+21   2.8145E+21   2.8619E+21   2.8285E+21   2.8621E+21
    1.0103E-01   2.4498E+20   3.3453E+20   4.5805E+20   6.1256E+20   7.2861E+20   8.4800E+20   1.0388E+21   1.2945E+21   1.4644E+21   1.7537E+21   2.0536E+21   2.3352E+21   2.5883E+21   2.8048E+21   2.9053E+21   2.9953E+21   3.0550E+21   3.1026E+21   3.0585E+21   3.0909E+21
    1.0581E-01   2.6564E+20   3.6390E+20   4.9909E+20   6.6767E+20   7.9325E+20   9.2185E+20   1.1282E+21   1.4081E+21   1.5928E+21   1.9051E+21   2.2301E+21   2.5361E+21   2.8125E+21   3.0474E+21   3.1558E+21   3.2528E+21   3.3149E+21   3.3623E+21   3.3056E+21   3.3364E+21
    1.1082E-01   2.8792E+20   3.9573E+20   5.4371E+20   7.2769E+20   8.6365E+20   1.0022E+21   1.2253E+21   1.5316E+21   1.7324E+21   2.0695E+21   2.4216E+21   2.7539E+21   3.0557E+21   3.3102E+21   3.4270E+21   3.5314E+21   3.5957E+21   3.6423E+21   3.5711E+21   3.5997E+21
    1.1606E-01   3.1195E+20   4.3023E+20   5.9219E+20   7.9304E+20   9.4033E+20   1.0897E+21   1.3308E+21   1.6658E+21   1.8842E+21   2.2481E+21   2.6293E+21   2.9900E+21   3.3191E+21   3.5947E+21   3.7204E+21   3.8327E+21   3.8991E+21   3.9441E+21   3.8561E+21   3.8817E+21
    1.2154E-01   3.3784E+20   4.6758E+20   6.4486E+20   8.6419E+20   1.0238E+21   1.1850E+21   1.4454E+21   1.8117E+21   2.0493E+21   2.4422E+21   2.8546E+21   3.2459E+21   3.6047E+21   3.9027E+21   4.0378E+21   4.1584E+21   4.2266E+21   4.2690E+21   4.1617E+21   4.1838E+21
    1.2729E-01   3.6573E+20   5.0801E+20   7.0205E+20   9.4162E+20   1.1147E+21   1.2886E+21   1.5700E+21   1.9702E+21   2.2288E+21   2.6530E+21   3.0990E+21   3.5232E+21   3.9139E+21   4.2359E+21   4.3810E+21   4.5103E+21   4.5801E+21   4.6188E+21   4.4894E+21   4.5070E+21
    1.3331E-01   3.9573E+20   5.5175E+20   7.6414E+20   1.0259E+21   1.2137E+21   1.4014E+21   1.7054E+21   2.1424E+21   2.4239E+21   2.8820E+21   3.3641E+21   3.8236E+21   4.2489E+21   4.5963E+21   4.7519E+21   4.8902E+21   4.9615E+21   4.9951E+21   4.8404E+21   4.8526E+21
    1.3962E-01   4.2800E+20   5.9903E+20   8.3151E+20   1.1175E+21   1.3214E+21   1.5241E+21   1.8525E+21   2.3296E+21   2.6361E+21   3.1307E+21   3.6516E+21   4.1490E+21   4.6115E+21   4.9860E+21   5.1528E+21   5.3003E+21   5.3726E+21   5.3995E+21   5.2161E+21   5.2220E+21
    1.4622E-01   4.6268E+20   6.5012E+20   9.0458E+20   1.2172E+21   1.4387E+21   1.6577E+21   2.0124E+21   2.5329E+21   2.8667E+21   3.4008E+21   3.9634E+21   4.5014E+21   5.0040E+21   5.4073E+21   5.5857E+21   5.7427E+21   5.8156E+21   5.8341E+21   5.6181E+21   5.6165E+21
    1.5313E-01   4.9991E+20   7.0528E+20   9.8380E+20   1.3256E+21   1.5662E+21   1.8030E+21   2.1862E+21   2.7537E+21   3.1175E+21   3.6942E+21   4.3015E+21   4.8831E+21   5.4286E+21   5.8624E+21   6.0532E+21   6.2197E+21   6.2928E+21   6.3007E+21   6.0478E+21   6.0374E+21
    1.6038E-01   5.3986E+20   7.6480E+20   1.0697E+21   1.4433E+21   1.7050E+21   1.9611E+21   2.3751E+21   2.9935E+21   3.3900E+21   4.0128E+21   4.6680E+21   5.2962E+21   5.8879E+21   6.3540E+21   6.5578E+21   6.7337E+21   6.8063E+21   6.8013E+21   6.5069E+21   6.4863E+21
    1.6796E-01   5.8268E+20   8.2898E+20   1.1626E+21   1.5713E+21   1.8558E+21   2.1330E+21   2.5803E+21   3.2538E+21   3.6862E+21   4.3588E+21   5.0652E+21   5.7435E+21   6.3845E+21   6.8847E+21   7.1022E+21   7.2873E+21   7.3588E+21   7.3381E+21   6.9971E+21   6.9646E+21
    1.7590E-01   6.2854E+20   8.9813E+20   1.2633E+21   1.7103E+21   2.0199E+21   2.3200E+21   2.8033E+21   3.5365E+21   4.0079E+21   4.7344E+21   5.4958E+21   6.2274E+21   6.9212E+21   7.4574E+21   7.6892E+21   7.8833E+21   7.9527E+21   7.9134E+21   7.5200E+21   7.4738E+21
    1.8422E-01   6.7759E+20   9.7258E+20   1.3722E+21   1.8612E+21   2.1982E+21   2.5232E+21   3.0455E+21   3.8433E+21   4.3574E+21   5.1421E+21   5.9623E+21   6.7511E+21   7.5010E+21   8.0751E+21   8.3218E+21   8.5244E+21   8.5907E+21   8.5295E+21   8.0773E+21   8.0154E+21
    1.9293E-01   7.3002E+20   1.0527E+21   1.4900E+21   2.0249E+21   2.3919E+21   2.7442E+21   3.3087E+21   4.1763E+21   4.7369E+21   5.5845E+21   6.4677E+21   7.3174E+21   8.1272E+21   8.7411E+21   9.0034E+21   9.2138E+21   9.2756E+21   9.1889E+21   8.6710E+21   8.5911E+21
    2.0206E-01   7.8598E+20   1.1387E+21   1.6173E+21   2.2026E+21   2.6024E+21   2.9843E+21   3.5946E+21   4.5376E+21   5.1489E+21   6.0646E+21   7.0150E+21   7.9298E+21   8.8031E+21   9.4588E+21   9.7371E+21   9.9546E+21   1.0010E+22   9.8940E+21   9.3030E+21   9.2024E+21
    2.1161E-01   8.4566E+20   1.2311E+21   1.7547E+21   2.3952E+21   2.8309E+21   3.2452E+21   3.9051E+21   4.9295E+21   5.5961E+21   6.5853E+21   7.6077E+21   8.5918E+21   9.5324E+21   1.0232E+22   1.0527E+22   1.0750E+22   1.0798E+22   1.0648E+22   9.9750E+21   9.8509E+21
    2.2162E-01   9.0921E+20   1.3303E+21   1.9031E+21   2.6040E+21   3.0790E+21   3.5285E+21   4.2422E+21   5.3545E+21   6.0811E+21   7.1500E+21   8.2492E+21   9.3071E+21   1.0319E+22   1.1064E+22   1.1376E+22   1.1604E+22   1.1642E+22   1.1452E+22   1.0689E+22   1.0538E+22
    2.3210E-01   9.7680E+20   1.4365E+21   2.0630E+21   2.8301E+21   3.3481E+21   3.8361E+21   4.6081E+21   5.8153E+21   6.6072E+21   7.7622E+21   8.9434E+21   1.0080E+22   1.1167E+22   1.1959E+22   1.2288E+22   1.2519E+22   1.2545E+22   1.2311E+22   1.1447E+22   1.1266E+22
    2.4307E-01   1.0486E+21   1.5503E+21   2.2355E+21   3.0750E+21   3.6400E+21   4.1700E+21   5.0053E+21   6.3147E+21   7.1774E+21   8.4257E+21   9.6942E+21   1.0914E+22   1.2080E+22   1.2921E+22   1.3268E+22   1.3501E+22   1.3511E+22   1.3227E+22   1.2251E+22   1.2036E+22
    2.5457E-01   1.1247E+21   1.6719E+21   2.4211E+21   3.3399E+21   3.9565E+21   4.5322E+21   5.4361E+21   6.8558E+21   7.7952E+21   9.1443E+21   1.0506E+22   1.1815E+22   1.3064E+22   1.3955E+22   1.4320E+22   1.4552E+22   1.4544E+22   1.4203E+22   1.3104E+22   1.2849E+22
    2.6661E-01   1.2053E+21   1.8017E+21   2.6209E+21   3.6264E+21   4.2993E+21   4.9250E+21   5.9034E+21   7.4419E+21   8.4643E+21   9.9225E+21   1.1384E+22   1.2786E+22   1.4122E+22   1.5065E+22   1.5449E+22   1.5676E+22   1.5647E+22   1.5242E+22   1.4006E+22   1.3708E+22
    2.7922E-01   1.2905E+21   1.9403E+21   2.8356E+21   3.9361E+21   4.6706E+21   5.3508E+21   6.4100E+21   8.0764E+21   9.1885E+21   1.0765E+22   1.2331E+22   1.3834E+22   1.5260E+22   1.6256E+22   1.6658E+22   1.6879E+22   1.6823E+22   1.6347E+22   1.4960E+22   1.4613E+22
    2.9242E-01   1.3804E+21   2.0878E+21   3.0662E+21   4.2705E+21   5.0724E+21   5.8121E+21   6.9590E+21   8.7630E+21   9.9720E+21   1.1675E+22   1.3355E+22   1.4963E+22   1.6484E+22   1.7533E+22   1.7953E+22   1.8164E+22   1.8077E+22   1.7522E+22   1.5969E+22   1.5567E+22
    3.0625E-01   1.4751E+21   2.2448E+21   3.3137E+21   4.6314E+21   5.5070E+21   6.3116E+21   7.5536E+21   9.5056E+21   1.0819E+22   1.2660E+22   1.4459E+22   1.6179E+22   1.7798E+22   1.8902E+22   1.9338E+22   1.9536E+22   1.9413E+22   1.8770E+22   1.7033E+22   1.6570E+22
    3.2073E-01   1.5747E+21   2.4116E+21   3.5789E+21   5.0206E+21   5.9768E+21   6.8521E+21   8.1974E+21   1.0308E+22   1.1735E+22   1.3724E+22   1.5650E+22   1.7488E+22   1.9209E+22   2.0367E+22   2.0819E+22   2.0999E+22   2.0835E+22   2.0093E+22   1.8155E+22   1.7624E+22
    3.3590E-01   1.6791E+21   2.5884E+21   3.8628E+21   5.4399E+21   6.4842E+21   7.4368E+21   8.8939E+21   1.1176E+22   1.2723E+22   1.4872E+22   1.6934E+22   1.8895E+22   2.0723E+22   2.1933E+22   2.2402E+22   2.2558E+22   2.2346E+22   2.1496E+22   1.9337E+22   1.8730E+22
    3.5178E-01   1.7884E+21   2.7756E+21   4.1663E+21   5.8914E+21   7.0319E+21   8.0686E+21   9.6471E+21   1.2112E+22   1.3790E+22   1.6111E+22   1.8317E+22   2.0409E+22   2.2345E+22   2.3608E+22   2.4090E+22   2.4218E+22   2.3951E+22   2.2981E+22   2.0581E+22   1.9890E+22
    3.6842E-01   1.9026E+21   2.9735E+21   4.4906E+21   6.3770E+21   7.6227E+21   8.7511E+21   1.0461E+22   1.3123E+22   1.4940E+22   1.7446E+22   1.9804E+22   2.2034E+22   2.4083E+22   2.5397E+22   2.5891E+22   2.5984E+22   2.5654E+22   2.4552E+22   2.1888E+22   2.1104E+22
    3.8584E-01   2.0215E+21   3.1823E+21   4.8364E+21   6.8988E+21   8.2593E+21   9.4876E+21   1.1340E+22   1.4213E+22   1.6179E+22   1.8884E+22   2.1404E+22   2.3778E+22   2.5942E+22   2.7305E+22   2.7809E+22   2.7860E+22   2.7459E+22   2.6212E+22   2.3260E+22   2.2375E+22
    4.0409E-01   2.1451E+21   3.4022E+21   5.2047E+21   7.4590E+21   8.9447E+21   1.0282E+22   1.2288E+22   1.5387E+22   1.7513E+22   2.0431E+22   2.3123E+22   2.5649E+22   2.7930E+22   2.9339E+22   2.9850E+22   2.9853E+22   2.9371E+22   2.7964E+22   2.4700E+22   2.3703E+22
    4.2320E-01   2.2732E+21   3.6332E+21   5.5966E+21   8.0597E+21   9.6819E+21   1.1138E+22   1.3310E+22   1.6650E+22   1.8947E+22   2.2095E+22   2.4969E+22   2.7652E+22   3.0053E+22   3.1505E+22   3.2019E+22   3.1965E+22   3.1393E+22   2.9812E+22   2.6208E+22   2.5089E+22
    4.4321E-01   2.4056E+21   3.8755E+21   6.0126E+21   8.7031E+21   1.0474E+22   1.2058E+22   1.4411E+22   1.8009E+22   2.0488E+22   2.3881E+22   2.6947E+22   2.9797E+22   3.2319E+22   3.3809E+22   3.4323E+22   3.4204E+22   3.3530E+22   3.1758E+22   2.7786E+22   2.6535E+22
    4.6417E-01   2.5420E+21   4.1289E+21   6.4537E+21   9.3913E+21   1.1324E+22   1.3049E+22   1.5596E+22   1.9469E+22   2.2143E+22   2.5797E+22   2.9067E+22   3.2089E+22   3.4734E+22   3.6257E+22   3.6767E+22   3.6573E+22   3.5784E+22   3.3805E+22   2.9437E+22   2.8043E+22
    4.8612E-01   2.6820E+21   4.3935E+21   6.9206E+21   1.0127E+22   1.2236E+22   1.4112E+22   1.6869E+22   2.1036E+22   2.3917E+22   2.7850E+22   3.1336E+22   3.4537E+22   3.7306E+22   3.8857E+22   3.9356E+22   3.9077E+22   3.8162E+22   3.5957E+22   3.1162E+22   2.9614E+22
    5.0911E-01   2.8173E+21   4.6637E+21   7.4102E+21   1.0908E+22   1.3210E+22   1.5252E+22   1.8235E+22   2.2714E+22   2.5816E+22   3.0048E+22   3.3761E+22   3.7149E+22   4.0042E+22   4.1614E+22   4.2096E+22   4.1721E+22   4.0665E+22   3.8216E+22   3.2964E+22   3.1249E+22
    5.3318E-01   2.9618E+21   4.9486E+21   7.9297E+21   1.1744E+22   1.4254E+22   1.6474E+22   1.9700E+22   2.4512E+22   2.7847E+22   3.2397E+22   3.6350E+22   3.9931E+22   4.2948E+22   4.4534E+22   4.4992E+22   4.4509E+22   4.3297E+22   4.0584E+22   3.4844E+22   3.2951E+22
    5.5840E-01   3.1088E+21   5.2434E+21   8.4758E+21   1.2632E+22   1.5368E+22   1.7781E+22   2.1268E+22   2.6433E+22   3.0017E+22   3.4904E+22   3.9110E+22   4.2892E+22   4.6033E+22   4.7624E+22   4.8049E+22   4.7447E+22   4.6063E+22   4.3066E+22   3.6806E+22   3.4723E+22
    5.8480E-01   3.2573E+21   5.5475E+21   9.0490E+21   1.3574E+22   1.6556E+22   1.9178E+22   2.2944E+22   2.8484E+22   3.2331E+22   3.7577E+22   4.2049E+22   4.6038E+22   4.9301E+22   5.0888E+22   5.1273E+22   5.0538E+22   4.8965E+22   4.5663E+22   3.8851E+22   3.6566E+22
    6.1246E-01   3.4063E+21   5.8599E+21   9.6489E+21   1.4573E+22   1.7819E+22   2.0667E+22   2.4733E+22   3.0669E+22   3.4795E+22   4.0422E+22   4.5174E+22   4.9377E+22   5.2760E+22   5.4333E+22   5.4668E+22   5.3786E+22   5.2007E+22   4.8378E+22   4.0983E+22   3.8484E+22
    6.4142E-01   3.5551E+21   6.1798E+21   1.0275E+22   1.5629E+22   1.9162E+22   2.2253E+22   2.6639E+22   3.2995E+22   3.7415E+22   4.3446E+22   4.8492E+22   5.2915E+22   5.6417E+22   5.7965E+22   5.8238E+22   5.7196E+22   5.5191E+22   5.1215E+22   4.3206E+22   4.0481E+22
    6.7175E-01   3.6921E+21   6.4994E+21   1.0923E+22   1.6741E+22   2.0584E+22   2.3936E+22   2.8665E+22   3.5464E+22   4.0195E+22   4.6654E+22   5.2008E+22   5.6658E+22   6.0276E+22   6.1788E+22   6.1988E+22   6.0771E+22   5.8523E+22   5.4177E+22   4.5523E+22   4.2562E+22
    7.0352E-01   3.8370E+21   6.8299E+21   1.1600E+22   1.7914E+22   2.2090E+22   2.5723E+22   3.0816E+22   3.8082E+22   4.3142E+22   5.0053E+22   5.5730E+22   6.0613E+22   6.4344E+22   6.5806E+22   6.5923E+22   6.4515E+22   6.2004E+22   5.7267E+22   4.7941E+22   4.4730E+22
    7.3679E-01   3.9769E+21   7.1625E+21   1.2299E+22   1.9146E+22   2.3680E+22   2.7613E+22   3.3094E+22   4.0852E+22   4.6258E+22   5.3647E+22   5.9663E+22   6.4785E+22   6.8625E+22   7.0026E+22   7.0045E+22   6.8433E+22   6.5639E+22   6.0490E+22   5.0464E+22   4.6993E+22
    7.7163E-01   4.1068E+21   7.4957E+21   1.3020E+22   2.0436E+22   2.5355E+22   2.9610E+22   3.5501E+22   4.3776E+22   4.9548E+22   5.7441E+22   6.3812E+22   6.9180E+22   7.3123E+22   7.4449E+22   7.4359E+22   7.2527E+22   6.9431E+22   6.3851E+22   5.3098E+22   4.9356E+22
    8.0812E-01   4.2372E+21   7.8296E+21   1.3761E+22   2.1785E+22   2.7115E+22   3.1713E+22   3.8041E+22   4.6859E+22   5.3014E+22   6.1441E+22   6.8182E+22   7.3801E+22   7.7844E+22   7.9082E+22   7.8869E+22   7.6802E+22   7.3385E+22   6.7355E+22   5.5852E+22   5.1828E+22
    8.4634E-01   4.3597E+21   8.1617E+21   1.4521E+22   2.3193E+22   2.8963E+22   3.3927E+22   4.0714E+22   5.0103E+22   5.6662E+22   6.5649E+22   7.2777E+22   7.8653E+22   8.2791E+22   8.3926E+22   8.3577E+22   8.1262E+22   7.7507E+22   7.1008E+22   5.8734E+22   5.4417E+22
    8.8636E-01   4.1702E+21   8.2979E+21   1.5177E+22   2.4578E+22   3.0834E+22   3.6200E+22   4.3487E+22   5.3488E+22   6.0476E+22   7.0058E+22   7.7593E+22   8.3734E+22   8.7964E+22   8.8984E+22   8.8487E+22   8.5911E+22   8.1800E+22   7.4817E+22   6.1752E+22   5.7134E+22
    9.2828E-01   4.2653E+21   8.6070E+21   1.5953E+22   2.6085E+22   3.2841E+22   3.8619E+22   4.6418E+22   5.7045E+22   6.4478E+22   7.4681E+22   8.2639E+22   8.9051E+22   9.3367E+22   9.4260E+22   9.3603E+22   9.0754E+22   8.6272E+22   7.8790E+22   6.4919E+22   5.9989E+22
    9.7218E-01   4.3511E+21   8.9036E+21   1.6732E+22   2.7633E+22   3.4920E+22   4.1134E+22   4.9470E+22   6.0750E+22   6.8651E+22   7.9509E+22   8.7909E+22   9.4599E+22   9.8999E+22   9.9754E+22   9.8926E+22   9.5795E+22   9.0928E+22   8.2937E+22   6.8247E+22   6.2995E+22
    1.0182E+00   4.4250E+21   9.1857E+21   1.7510E+22   2.9221E+22   3.7069E+22   4.3742E+22   5.2640E+22   6.4602E+22   7.2992E+22   8.4539E+22   9.3402E+22   1.0038E+23   1.0486E+23   1.0547E+23   1.0446E+23   1.0104E+23   9.5778E+22   8.7268E+22   7.1748E+22   6.6168E+22
    1.0663E+00   4.4860E+21   9.4503E+21   1.8282E+22   3.0842E+22   3.9281E+22   4.6438E+22   5.5923E+22   6.8594E+22   7.7498E+22   8.9770E+22   9.9116E+22   1.0639E+23   1.1095E+23   1.1141E+23   1.1022E+23   1.0650E+23   1.0083E+23   9.1795E+22   7.5439E+22   6.9521E+22
    1.1167E+00   4.5322E+21   9.6941E+21   1.9043E+22   3.2491E+22   4.1551E+22   4.9214E+22   5.9312E+22   7.2722E+22   8.2164E+22   9.5197E+22   1.0505E+23   1.1263E+23   1.1728E+23   1.1758E+23   1.1619E+23   1.1218E+23   1.0610E+23   9.6533E+22   7.9337E+22   7.3074E+22
    1.1695E+00   4.5586E+21   9.9117E+21   1.9786E+22   3.4157E+22   4.3869E+22   5.2063E+22   6.2798E+22   7.6977E+22   8.6980E+22   1.0081E+23   1.1120E+23   1.1910E+23   1.2384E+23   1.2398E+23   1.2240E+23   1.1809E+23   1.1159E+23   1.0150E+23   8.3460E+22   7.6845E+22
    1.2248E+00   4.5070E+21   1.0091E+22   2.0503E+22   3.5833E+22   4.6227E+22   5.4974E+22   6.6371E+22   8.1349E+22   9.1941E+22   1.0662E+23   1.1756E+23   1.2580E+23   1.3063E+23   1.3063E+23   1.2885E+23   1.2424E+23   1.1733E+23   1.0671E+23   8.7831E+22   8.0856E+22
    1.2828E+00   4.5028E+21   1.0252E+22   2.1190E+22   3.7511E+22   4.8614E+22   5.7936E+22   7.0020E+22   8.5827E+22   9.7034E+22   1.1260E+23   1.2413E+23   1.3272E+23   1.3767E+23   1.3752E+23   1.3554E+23   1.3065E+23   1.2333E+23   1.1218E+23   9.2471E+22   8.5129E+22
    1.3434E+00   4.4706E+21   1.0370E+22   2.1836E+22   3.9176E+22   5.1018E+22   6.0938E+22   7.3732E+22   9.0400E+22   1.0225E+23   1.1875E+23   1.3090E+23   1.3987E+23   1.4494E+23   1.4466E+23   1.4250E+23   1.3733E+23   1.2960E+23   1.1794E+23   9.7405E+22   8.9692E+22
    1.4070E+00   4.0549E+21   1.0160E+22   2.2266E+22   4.0726E+22   5.3360E+22   6.3917E+22   7.7464E+22   9.5039E+22   1.0757E+23   1.2505E+23   1.3786E+23   1.4723E+23   1.5245E+23   1.5207E+23   1.4973E+23   1.4430E+23   1.3618E+23   1.2401E+23   1.0266E+23   9.4569E+22
    1.4735E+00   3.9953E+21   1.0207E+22   2.2811E+22   4.2333E+22   5.5754E+22   6.6949E+22   8.1253E+22   9.9752E+22   1.1299E+23   1.3151E+23   1.4501E+23   1.5482E+23   1.6022E+23   1.5976E+23   1.5726E+23   1.5158E+23   1.4307E+23   1.3042E+23   1.0827E+23   9.9792E+22
    1.5432E+00   3.9308E+21   1.0219E+22   2.3296E+22   4.3889E+22   5.8119E+22   6.9969E+22   8.5052E+22   1.0451E+23   1.1848E+23   1.3809E+23   1.5234E+23   1.6263E+23   1.6824E+23   1.6773E+23   1.6508E+23   1.5919E+23   1.5031E+23   1.3719E+23   1.1425E+23   1.0539E+23
    1.6162E+00   3.8461E+21   1.0188E+22   2.3711E+22   4.5382E+22   6.0440E+22   7.2962E+22   8.8844E+22   1.0929E+23   1.2403E+23   1.4481E+23   1.5985E+23   1.7066E+23   1.7652E+23   1.7601E+23   1.7324E+23   1.6715E+23   1.5793E+23   1.4435E+23   1.2066E+23   1.1140E+23
    1.6926E+00   3.6865E+21   1.0090E+22   2.4041E+22   4.6795E+22   6.2698E+22   7.5910E+22   9.2612E+22   1.1408E+23   1.2963E+23   1.5164E+23   1.6753E+23   1.7891E+23   1.8507E+23   1.8461E+23   1.8174E+23   1.7549E+23   1.6594E+23   1.5195E+23   1.2751E+23   1.1785E+23
    1.7726E+00   3.2185E+21   9.8094E+21   2.4276E+22   4.8121E+22   6.4883E+22   7.8797E+22   9.6340E+22   1.1887E+23   1.3527E+23   1.5857E+23   1.7538E+23   1.8739E+23   1.9391E+23   1.9355E+23   1.9061E+23   1.8424E+23   1.7440E+23   1.6000E+23   1.3484E+23   1.2478E+23
    1.8564E+00   2.7220E+21   9.4264E+21   2.4431E+22   4.9346E+22   6.6977E+22   8.1607E+22   1.0001E+23   1.2364E+23   1.4092E+23   1.6561E+23   1.8340E+23   1.9610E+23   2.0305E+23   2.0286E+23   1.9988E+23   1.9342E+23   1.8331E+23   1.6854E+23   1.4269E+23   1.3224E+23
    1.9442E+00   2.5605E+21   9.1578E+21   2.4466E+22   5.0441E+22   6.8956E+22   8.4318E+22   1.0360E+23   1.2837E+23   1.4659E+23   1.7274E+23   1.9159E+23   2.0505E+23   2.1250E+23   2.1255E+23   2.0957E+23   2.0306E+23   1.9272E+23   1.7762E+23   1.5111E+23   1.4025E+23
    2.0362E+00   2.2247E+21   8.2991E+21   2.3995E+22   5.1207E+22   7.0683E+22   8.6830E+22   1.0706E+23   1.3303E+23   1.5223E+23   1.7995E+23   1.9995E+23   2.1426E+23   2.2228E+23   2.2264E+23   2.1971E+23   2.1320E+23   2.0267E+23   1.8727E+23   1.6012E+23   1.4886E+23
    2.1325E+00   2.0499E+21   7.7842E+21   2.3646E+22   5.1933E+22   7.2333E+22   8.9252E+22   1.1042E+23   1.3762E+23   1.5785E+23   1.8723E+23   2.0848E+23   2.2372E+23   2.3240E+23   2.3316E+23   2.3032E+23   2.2386E+23   2.1318E+23   1.9751E+23   1.6978E+23   1.5811E+23
    2.2333E+00   1.9253E+21   7.4673E+21   2.3405E+22   5.2615E+22   7.3891E+22   9.1562E+22   1.1367E+23   1.4213E+23   1.6344E+23   1.9458E+23   2.1717E+23   2.3343E+23   2.4288E+23   2.4414E+23   2.4143E+23   2.3508E+23   2.2428E+23   2.0840E+23   1.8010E+23   1.6804E+23
    2.3389E+00   1.7614E+21   7.0489E+21   2.2995E+22   5.3107E+22   7.5260E+22   9.3692E+22   1.1676E+23   1.4653E+23   1.6897E+23   2.0199E+23   2.2602E+23   2.4342E+23   2.5372E+23   2.5558E+23   2.5305E+23   2.4687E+23   2.3601E+23   2.1995E+23   1.9114E+23   1.7869E+23
    2.4495E+00   1.3480E+21   6.0952E+21   2.2261E+22   5.3397E+22   7.6434E+22   9.5633E+22   1.1967E+23   1.5080E+23   1.7443E+23   2.0944E+23   2.3504E+23   2.5367E+23   2.6495E+23   2.6750E+23   2.6522E+23   2.5927E+23   2.4839E+23   2.3221E+23   2.0293E+23   1.9009E+23
    2.5654E+00   1.2316E+21   5.7107E+21   2.1608E+22   5.3482E+22   7.7382E+22   9.7355E+22   1.2240E+23   1.5492E+23   1.7980E+23   2.1694E+23   2.4421E+23   2.6420E+23   2.7656E+23   2.7992E+23   2.7795E+23   2.7229E+23   2.6144E+23   2.4519E+23   2.1549E+23   2.0229E+23
    2.6867E+00   1.1026E+21   5.0637E+21   2.0064E+22   5.2814E+22   7.7762E+22   9.8632E+22   1.2479E+23   1.5884E+23   1.8504E+23   2.2444E+23   2.5352E+23   2.7499E+23   2.8855E+23   2.9285E+23   2.9125E+23   2.8594E+23   2.7519E+23   2.5892E+23   2.2886E+23   2.1530E+23
    2.8137E+00   1.0039E+21   4.7232E+21   1.9360E+22   5.2581E+22   7.8296E+22   9.9905E+22   1.2707E+23   1.6261E+23   1.9017E+23   2.3194E+23   2.6295E+23   2.8603E+23   3.0093E+23   3.0628E+23   3.0511E+23   3.0023E+23   2.8964E+23   2.7342E+23   2.4306E+23   2.2917E+23
    2.9468E+00   9.0655E+20   4.3915E+21   1.8646E+22   5.2209E+22   7.8622E+22   1.0094E+23   1.2909E+23   1.6614E+23   1.9512E+23   2.3939E+23   2.7248E+23   2.9729E+23   3.1365E+23   3.2019E+23   3.1953E+23   3.1516E+23   3.0478E+23   2.8868E+23   2.5809E+23   2.4390E+23
    3.0862E+00   8.0137E+20   4.0160E+21   1.7804E+22   5.1620E+22   7.8687E+22   1.0168E+23   1.3082E+23   1.6942E+23   1.9987E+23   2.4677E+23   2.8206E+23   3.0874E+23   3.2671E+23   3.3457E+23   3.3450E+23   3.3071E+23   3.2062E+23   3.0471E+23   2.7397E+23   2.5951E+23
    3.2321E+00   6.3641E+20   3.3863E+21   1.6427E+22   5.0653E+22   7.8418E+22   1.0210E+23   1.3223E+23   1.7240E+23   2.0437E+23   2.5403E+23   2.9165E+23   3.2034E+23   3.4007E+23   3.4939E+23   3.4998E+23   3.4686E+23   3.3713E+23   3.2149E+23   2.9068E+23   2.7601E+23
    3.3849E+00   5.5369E+20   3.0555E+21   1.5466E+22   4.9549E+22   7.7840E+22   1.0216E+23   1.3326E+23   1.7504E+23   2.0857E+23   2.6110E+23   3.0120E+23   3.3203E+23   3.5365E+23   3.6459E+23   3.6593E+23   3.6356E+23   3.5428E+23   3.3899E+23   3.0822E+23   2.9338E+23
    3.5450E+00   4.8162E+20   2.7360E+21   1.4245E+22   4.7704E+22   7.6547E+22   1.0159E+23   1.3378E+23   1.7724E+23   2.1239E+23   2.6791E+23   3.1061E+23   3.4374E+23   3.6741E+23   3.8010E+23   3.8229E+23   3.8076E+23   3.7200E+23   3.5716E+23   3.2655E+23   3.1159E+23
    3.7127E+00   4.1653E+20   2.4576E+21   1.3321E+22   4.6313E+22   7.5430E+22   1.0096E+23   1.3401E+23   1.7904E+23   2.1580E+23   2.7440E+23   3.1982E+23   3.5538E+23   3.8124E+23   3.9585E+23   3.9897E+23   3.9838E+23   3.9024E+23   3.7595E+23   3.4561E+23   3.3062E+23
    3.8882E+00   3.5634E+20   2.1918E+21   1.2413E+22   4.4802E+22   7.4051E+22   9.9965E+22   1.3378E+23   1.8033E+23   2.1871E+23   2.8045E+23   3.2871E+23   3.6682E+23   3.9503E+23   4.1171E+23   4.1588E+23   4.1631E+23   4.0889E+23   3.9527E+23   3.6535E+23   3.5041E+23
    4.0721E+00   2.9988E+20   1.9307E+21   1.1472E+22   4.3086E+22   7.2333E+22   9.8537E+22   1.3304E+23   1.8104E+23   2.2102E+23   2.8596E+23   3.3715E+23   3.7796E+23   4.0866E+23   4.2757E+23   4.3288E+23   4.3444E+23   4.2785E+23   4.1501E+23   3.8567E+23   3.7088E+23
    4.2647E+00   2.4584E+20   1.6611E+21   1.0415E+22   4.1029E+22   7.0180E+22   9.6610E+22   1.3172E+23   1.8110E+23   2.2265E+23   2.9081E+23   3.4502E+23   3.8863E+23   4.2197E+23   4.4328E+23   4.4984E+23   4.5263E+23   4.4698E+23   4.3506E+23   4.0647E+23   3.9194E+23
    4.4664E+00   2.0253E+20   1.4360E+21   9.4581E+21   3.8823E+22   6.7598E+22   9.4106E+22   1.2974E+23   1.8041E+23   2.2350E+23   2.9486E+23   3.5215E+23   3.9867E+23   4.3480E+23   4.5865E+23   4.6658E+23   4.7070E+23   4.6611E+23   4.5525E+23   4.2760E+23   4.1346E+23
    4.6776E+00   1.6492E+20   1.2299E+21   8.5323E+21   3.6579E+22   6.4845E+22   9.1264E+22   1.2720E+23   1.7896E+23   2.2348E+23   2.9799E+23   3.5839E+23   4.0791E+23   4.4694E+23   4.7349E+23   4.8291E+23   4.8846E+23   4.8507E+23   4.7541E+23   4.4892E+23   4.3531E+23
    4.8988E+00   1.3195E+20   1.0381E+21   7.6084E+21   3.4165E+22   6.1744E+22   8.7929E+22   1.2400E+23   1.7666E+23   2.2249E+23   3.0004E+23   3.6355E+23   4.1614E+23   4.5819E+23   4.8759E+23   4.9861E+23   5.0569E+23   5.0363E+23   4.9534E+23   4.7024E+23   4.5732E+23
    5.1304E+00   1.0243E+20   8.5402E+20   6.6461E+21   3.1440E+22   5.8138E+22   8.3986E+22   1.2007E+23   1.7344E+23   2.2045E+23   3.0089E+23   3.6747E+23   4.2315E+23   4.6832E+23   5.0069E+23   5.1344E+23   5.2215E+23   5.2156E+23   5.1481E+23   4.9134E+23   4.7928E+23
    5.3730E+00   7.9592E+19   7.0349E+20   5.8070E+21   2.8842E+22   5.4450E+22   7.9693E+22   1.1548E+23   1.6927E+23   2.1727E+23   3.0038E+23   3.6994E+23   4.2873E+23   4.7708E+23   5.1256E+23   5.2714E+23   5.3758E+23   5.3860E+23   5.3356E+23   5.1199E+23   5.0097E+23
    5.6271E+00   6.1018E+19   5.7296E+20   5.0220E+21   2.6178E+22   5.0459E+22   7.4864E+22   1.1011E+23   1.6408E+23   2.1288E+23   2.9839E+23   3.7081E+23   4.3266E+23   4.8424E+23   5.2291E+23   5.3944E+23   5.5169E+23   5.5446E+23   5.5132E+23   5.3193E+23   5.2215E+23
    5.8932E+00   4.5950E+19   4.5965E+20   4.2890E+21   2.3529E+22   4.6377E+22   6.9809E+22   1.0424E+23   1.5797E+23   2.0727E+23   2.9482E+23   3.6990E+23   4.3472E+23   4.8954E+23   5.3147E+23   5.5004E+23   5.6419E+23   5.6886E+23   5.6779E+23   5.5086E+23   5.4254E+23
    6.1719E+00   3.3883E+19   3.6218E+20   3.6079E+21   2.0886E+22   4.2158E+22   6.4447E+22   9.7805E+22   1.5090E+23   2.0042E+23   2.8959E+23   3.6706E+23   4.3473E+23   4.9273E+23   5.3796E+23   5.5866E+23   5.7476E+23   5.8148E+23   5.8265E+23   5.6849E+23   5.6184E+23
    6.4638E+00   2.4390E+19   2.7950E+20   2.9822E+21   1.8276E+22   3.7839E+22   5.8815E+22   9.0839E+22   1.4291E+23   1.9232E+23   2.8263E+23   3.6218E+23   4.3249E+23   4.9359E+23   5.4212E+23   5.6501E+23   5.8311E+23   5.9200E+23   5.9559E+23   5.8449E+23   5.7973E+23
    6.7695E+00   1.7077E+19   2.1061E+20   2.4158E+21   1.5729E+22   3.3472E+22   5.2979E+22   8.3410E+22   1.3406E+23   1.8301E+23   2.7391E+23   3.5517E+23   4.2787E+23   4.9191E+23   5.4368E+23   5.6881E+23   5.8894E+23   6.0012E+23   6.0627E+23   5.9852E+23   5.9588E+23
    7.0896E+00   1.1575E+19   1.5437E+20   1.9118E+21   1.3282E+22   2.9120E+22   4.7016E+22   7.5605E+22   1.2442E+23   1.7255E+23   2.6346E+23   3.4597E+23   4.2074E+23   4.8752E+23   5.4242E+23   5.6980E+23   5.9196E+23   6.0552E+23   6.1439E+23   6.1026E+23   6.0995E+23
    7.4249E+00   7.5438E+18   1.0947E+20   1.4718E+21   1.0968E+22   2.4844E+22   4.1005E+22   6.7517E+22   1.1409E+23   1.6104E+23   2.5132E+23   3.3459E+23   4.1104E+23   4.8029E+23   5.3814E+23   5.6775E+23   5.9192E+23   6.0793E+23   6.1962E+23   6.1938E+23   6.2161E+23
    7.7760E+00   4.6725E+18   7.4525E+19   1.0956E+21   8.8140E+21   2.0702E+22   3.5024E+22   5.9234E+22   1.0317E+23   1.4857E+23   2.3760E+23   3.2108E+23   3.9877E+23   4.7013E+23   5.3072E+23   5.6248E+23   5.8861E+23   6.0710E+23   6.2169E+23   6.2556E+23   6.3051E+23
    8.1437E+00   2.6868E+18   4.8032E+19   7.8071E+20   6.8417E+21   1.6742E+22   2.9134E+22   5.0824E+22   9.1733E+22   1.3525E+23   2.2240E+23   3.0555E+23   3.8398E+23   4.5704E+23   5.2004E+23   5.5387E+23   5.8184E+23   6.0283E+23   6.2036E+23   6.2852E+23   6.3635E+23
    8.5288E+00   1.3009E+18   2.8239E+19   5.2258E+20   5.0583E+21   1.2982E+22   2.3356E+22   4.2287E+22   7.9774E+22   1.2114E+23   2.0588E+23   2.8814E+23   3.6677E+23   4.4106E+23   5.0610E+23   5.4183E+23   5.7152E+23   5.9496E+23   6.1543E+23   6.2800E+23   6.3884E+23
    8.9322E+00   6.1859E+17   1.4413E+19   3.0425E+20   3.3402E+21   9.1140E+21   1.7132E+22   3.2684E+22   6.6264E+22   1.0568E+23   1.8808E+23   2.6905E+23   3.4734E+23   4.2231E+23   4.8896E+23   5.2637E+23   5.5761E+23   5.8340E+23   6.0675E+23   6.2379E+23   6.3773E+23
    9.3546E+00   3.1039E+17   8.0924E+18   1.9492E+20   2.4016E+21   6.9052E+21   1.3426E+22   2.6501E+22   5.5607E+22   9.1066E+22   1.6913E+23   2.4833E+23   3.2582E+23   4.0095E+23   4.6871E+23   5.0757E+23   5.4013E+23   5.6814E+23   5.9427E+23   6.1577E+23   6.3283E+23
    9.7969E+00   1.5582E+17   4.6102E+18   1.2720E+20   1.7566E+21   5.3123E+21   1.0666E+22   2.1743E+22   4.7179E+22   7.9056E+22   1.5162E+23   2.2736E+23   3.0288E+23   3.7734E+23   4.4560E+23   4.8559E+23   5.1922E+23   5.4924E+23   5.7797E+23   6.0384E+23   6.2401E+23
    1.0260E+01   7.7754E+16   2.6157E+18   8.2822E+19   1.2845E+21   4.0842E+21   8.4602E+21   1.7790E+22   3.9846E+22   6.8190E+22   1.3466E+23   2.0602E+23   2.7874E+23   3.5179E+23   4.1992E+23   4.6067E+23   4.9509E+23   5.2687E+23   5.5797E+23   5.8801E+23   6.1121E+23
    1.0745E+01   3.7878E+16   1.4606E+18   5.3212E+19   9.2850E+20   3.1053E+21   6.6367E+21   1.4393E+22   3.3276E+22   5.8157E+22   1.1823E+23   1.8459E+23   2.5379E+23   3.2471E+23   3.9204E+23   4.3317E+23   4.6803E+23   5.0128E+23   5.3444E+23   5.6839E+23   5.9445E+23
    1.1254E+01   1.7812E+16   7.9656E+17   3.3697E+19   6.6445E+20   2.3395E+21   5.1595E+21   1.1538E+22   2.7509E+22   4.9041E+22   1.0252E+23   1.6340E+23   2.2846E+23   2.9656E+23   3.6242E+23   4.0349E+23   4.3846E+23   4.7280E+23   5.0767E+23   5.4515E+23   5.7385E+23
    1.1786E+01   8.0149E+15   4.2073E+17   2.0854E+19   4.6719E+20   1.7346E+21   3.9508E+21   9.1161E+21   2.2433E+22   4.0811E+22   8.7756E+22   1.4283E+23   2.0322E+23   2.6785E+23   3.3156E+23   3.7212E+23   4.0682E+23   4.4187E+23   4.7804E+23   5.1857E+23   5.4962E+23
    1.2343E+01   3.4266E+15   2.1389E+17   1.2547E+19   3.2140E+20   1.2611E+21   2.9700E+21   7.0794E+21   1.8001E+22   3.3447E+22   7.4055E+22   1.2318E+23   1.7850E+23   2.3909E+23   3.0000E+23   3.3962E+23   3.7367E+23   4.0898E+23   4.4599E+23   4.8902E+23   5.2207E+23
    1.2927E+01   1.3834E+15   1.0413E+17   7.3086E+18   2.1563E+20   8.9647E+20   2.1863E+21   5.3917E+21   1.4190E+22   2.6955E+22   6.1538E+22   1.0472E+23   1.5470E+23   2.1077E+23   2.6832E+23   3.0653E+23   3.3956E+23   3.7469E+23   4.1204E+23   4.5695E+23   4.9158E+23
    1.3538E+01   5.2443E+14   4.8320E+16   4.1077E+18   1.4071E+20   6.2165E+20   1.5727E+21   4.0195E+21   1.0970E+22   2.1333E+22   5.0304E+22   8.7690E+22   1.3220E+23   1.8339E+23   2.3705E+23   2.7345E+23   3.0510E+23   3.3959E+23   3.7678E+23   4.2289E+23   4.5862E+23
    1.4178E+01   1.8564E+14   2.1285E+16   2.2204E+18   8.9087E+19   4.1963E+20   1.1034E+21   2.9284E+21   8.3056E+21   1.6560E+22   4.0410E+22   7.2258E+22   1.1130E+23   1.5737E+23   2.0675E+23   2.4096E+23   2.7090E+23   3.0431E+23   3.4083E+23   3.8741E+23   4.2374E+23
    1.4849E+01   6.1024E+13   8.8643E+15   1.1510E+18   5.4604E+19   2.7519E+20   7.5375E+20   2.0816E+21   6.1503E+21   1.2593E+22   3.1870E+22   5.8542E+22   9.2240E+22   1.3309E+23   1.7787E+23   2.0958E+23   2.3753E+23   2.6944E+23   3.0481E+23   3.5113E+23   3.8755E+23
    1.5551E+01   1.8520E+13   3.4756E+15   5.7048E+17   3.2331E+19   1.7501E+20   5.0045E+20   1.4416E+21   4.4484E+21   9.3697E+21   2.4650E+22   4.6591E+22   7.5193E+22   1.1084E+23   1.5086E+23   1.7982E+23   2.0555E+23   2.3559E+23   2.6934E+23   3.1470E+23   3.5066E+23
    1.6286E+01   5.1584E+12   1.2776E+15   2.6958E+17   1.8454E+19   1.0773E+20   3.2243E+20   9.7117E+20   3.1385E+21   6.8132E+21   1.8679E+22   3.6388E+22   6.0238E+22   9.0826E+22   1.2602E+23   1.5208E+23   1.7542E+23   2.0328E+23   2.3500E+23   2.7873E+23   3.1372E+23
    1.7057E+01   1.3102E+12   4.3839E+14   1.2109E+17   1.0132E+19   6.4076E+19   2.0124E+20   6.3549E+20   2.1571E+21   4.8358E+21   1.3851E+22   2.7863E+22   4.7381E+22   7.3172E+22   1.0362E+23   1.2668E+23   1.4754E+23   1.7297E+23   2.0234E+23   2.4382E+23   2.7736E+23
    1.7863E+01   3.0154E+11   1.3977E+14   5.1548E+16   5.3394E+18   3.6753E+19   1.2147E+20   4.0330E+20   1.4423E+21   3.3460E+21   1.0041E+22   2.0895E+22   3.6556E+22   5.7904E+22   8.3789E+22   1.0386E+23   1.2219E+23   1.4503E+23   1.7180E+23   2.1052E+23   2.4218E+23
    1.8708E+01   6.2469E+10   4.1203E+13   2.0729E+16   2.6948E+18   2.0291E+19   7.0782E+19   2.4783E+20   9.3680E+20   2.2540E+21   7.1068E+21   1.5330E+22   2.7638E+22   4.4966E+22   6.6571E+22   8.3734E+22   9.9577E+22   1.1975E+23   1.4374E+23   1.7928E+23   2.0871E+23
    1.9593E+01   1.1580E+10   1.1175E+13   7.8482E+15   1.2996E+18   1.0762E+19   3.9749E+19   1.4722E+20   5.9024E+20   1.4762E+21   4.9053E+21   1.0992E+22   2.0454E+22   3.4233E+22   5.1922E+22   6.6326E+22   7.9781E+22   9.7284E+22   1.1842E+23   1.5049E+23   1.7741E+23
    2.0519E+01   1.9116E+09   2.7738E+12   2.7878E+15   5.9738E+17   5.4715E+18   2.1471E+19   8.4407E+19   3.6019E+20   9.3870E+20   3.2976E+21   7.6920E+21   1.4801E+22   2.5525E+22   3.9716E+22   5.1573E+22   6.2788E+22   7.7696E+22   9.5985E+22   1.2443E+23   1.4864E+23
    2.1490E+01   2.8021E+08   6.2693E+11   9.2563E+14   2.6109E+17   2.6611E+18   1.1134E+19   4.6620E+19   2.1255E+20   5.7864E+20   2.1562E+21   5.2477E+21   1.0461E+22   1.8619E+22   2.9764E+22   3.9326E+22   4.8494E+22   6.0950E+22   7.6486E+22   1.0125E+23   1.2266E+23
    2.2506E+01   3.6468E+07   1.2840E+11   2.8619E+14   1.0821E+17   1.2353E+18   5.5316E+18   2.4761E+19   1.2109E+20   3.4525E+20   1.3693E+21   3.4855E+21   7.2121E+21   1.3272E+22   2.1831E+22   2.9378E+22   3.6721E+22   4.6920E+22   5.9865E+22   8.1027E+22   9.9616E+22
    2.3570E+01   4.2222E+06   2.3735E+10   8.2077E+13   4.2409E+16   5.4604E+17   2.6273E+18   1.2622E+19   6.6476E+19   1.9906E+20   8.4339E+20   2.2509E+21   4.8442E+21   9.2337E+21   1.5654E+22   2.1479E+22   2.7234E+22   3.5412E+22   4.5980E+22   6.3712E+22   7.9560E+22
    2.4685E+01   4.3577E+05   3.9481E+09   2.1748E+13   1.5674E+16   2.2927E+17   1.1903E+18   6.1622E+18   3.5105E+19   1.1072E+20   5.0301E+20   1.4112E+21   3.1656E+21   6.2623E+21   1.0961E+22   1.5350E+22   1.9762E+22   2.6175E+22   3.4623E+22   4.9180E+22   6.2435E+22
    2.5852E+01   4.0341E+04   5.9023E+08   5.3040E+12   5.4461E+15   9.1203E+16   5.1324E+17   2.8754E+18   1.7798E+19   5.9303E+19   2.9003E+20   8.5767E+20   2.0097E+21   4.1345E+21   7.4846E+21   1.0712E+22   1.4013E+22   1.8928E+22   2.5534E+22   3.7234E+22   4.8099E+22
    2.7075E+01   3.3956E+03   7.9303E+07   1.1865E+12   1.7738E+15   3.4284E+16   2.1009E+17   1.2795E+18   8.6456E+18   3.0528E+19   1.6140E+20   5.0449E+20   1.2377E+21   2.6536E+21   4.9778E+21   7.2894E+21   9.6996E+21   1.3376E+22   1.8423E+22   2.7621E+22   3.6343E+22
    2.8355E+01   2.9673E+02   9.5802E+06   2.4274E+11   5.3992E+14   1.2146E+16   8.1439E+16   5.4170E+17   4.0153E+18   1.5074E+19   8.6523E+19   2.8672E+20   7.3831E+20   1.6532E+21   3.2199E+21   4.8308E+21   6.5449E+21   9.2254E+21   1.2989E+22   2.0055E+22   2.6906E+22
    2.9696E+01   9.8586E+01   1.0423E+06   4.5318E+10   1.5313E+14   4.0438E+15   2.9820E+16   2.1768E+17   1.7790E+18   7.1252E+18   4.4601E+19   1.5717E+20   4.2582E+20   9.9816E+20   2.0228E+21   3.1134E+21   4.2994E+21   6.2026E+21   8.9388E+21   1.4238E+22   1.9497E+22
    3.1100E+01   9.5142E+07   1.0297E+05   7.7092E+09   4.0354E+13   1.2619E+15   1.0287E+16   8.2823E+16   7.5018E+17   3.2168E+18   2.2063E+19   8.2940E+19   2.3705E+20   5.8308E+20   1.2321E+21   1.9485E+21   2.7456E+21   4.0596E+21   5.9965E+21   9.8708E+21   1.3814E+22
    3.2571E+01   1.1803E+07   8.9510E+03   1.1940E+09   9.8561E+12   3.6814E+14   3.3345E+15   2.9762E+16   3.0038E+17   1.3841E+18   1.0452E+19   4.2053E+19   1.2713E+20   3.2895E+20   7.2651E+20   1.1823E+21   1.7019E+21   2.5828E+21   3.9161E+21   6.6749E+21   9.5578E+21
    3.4111E+01   1.3207E+06   4.8784E+02   1.6827E+08   2.2262E+12   1.0015E+14   1.0131E+15   1.0076E+16   1.1393E+17   5.6620E+17   4.7315E+18   2.0445E+19   6.5549E+19   1.7890E+20   4.1394E+20   6.9428E+20   1.0223E+21   1.5949E+21   2.4860E+21   4.3968E+21   6.4504E+21
    3.5724E+01   1.3286E+05   4.3387E+01   2.1592E+07   4.6417E+11   2.5346E+13   2.8784E+14   3.2058E+15   4.0833E+16   2.1971E+17   2.0423E+18   9.5094E+18   3.2428E+19   9.3591E+19   2.2746E+20   3.9389E+20   5.9409E+20   9.5429E+20   1.5318E+21   2.8172E+21   4.2406E+21
    3.7414E+01   1.1370E+04   6.6708E+00   2.5142E+06   8.9200E+10   5.9563E+12   7.6298E+13   9.5629E+14   1.3795E+16   8.0674E+16   8.3852E+17   4.2223E+18   1.5358E+19   4.7001E+19   1.2030E+20   2.1547E+20   3.3335E+20   5.5232E+20   9.1460E+20   1.7533E+21   2.7118E+21
    3.9183E+01   7.4804E+02   2.9577E+07   2.5404E+05   1.5778E+10   1.2974E+12   1.8832E+13   2.6687E+14   4.3830E+15   2.7964E+16   3.2673E+17   1.7854E+18   6.9465E+18   2.2605E+19   6.1099E+19   1.1341E+20   1.8025E+20   3.0862E+20   5.2823E+20   1.0582E+21   1.6845E+21
    4.1036E+01   7.1202E+02   3.4997E+06   2.4453E+04   2.5663E+09   2.6155E+11   4.3204E+12   6.9536E+13   1.3067E+15   9.1293E+15   1.2053E+17   7.1725E+17   2.9934E+18   1.0387E+19   2.9732E+19   5.7307E+19   9.3721E+19   1.6616E+20   2.9455E+20   6.1829E+20   1.0147E+21
    4.2976E+01   0.0000E+00   3.5204E+05   2.4098E+03   3.8313E+08   4.8729E+10   9.1993E+11   1.6888E+13   3.6481E+14   2.8008E+15   4.1998E+16   2.7306E+17   1.2257E+18   4.5475E+18   1.3827E+19   2.7732E+19   4.6749E+19   8.6003E+19   1.5826E+20   3.4910E+20   5.9173E+20
    4.5009E+01   0.0000E+00   2.7865E+04   3.9093E+09   5.1902E+07   8.3796E+09   1.8154E+11   3.8170E+12   9.5209E+13   8.0588E+14   1.3790E+16   9.8270E+16   4.7562E+17   1.8918E+18   6.1280E+18   1.2818E+19   2.2314E+19   4.2695E+19   8.1750E+19   1.9010E+20   3.3348E+20
    4.7137E+01   0.0000E+00   5.4358E+03   5.9546E+08   6.0605E+06   1.3264E+09   3.3158E+10   8.0185E+11   2.3193E+13   2.1709E+14   4.2577E+15   3.3347E+16   1.7441E+17   7.4556E+17   2.5807E+18   5.6432E+18   1.0164E+19   2.0277E+19   4.0503E+19   9.9625E+19   1.8126E+20
    4.9366E+01   0.0000E+00   1.8346E+03   8.2111E+07   1.5292E+12   1.9064E+08   5.5930E+09   1.5636E+11   5.2670E+12   5.4670E+13   1.2337E+15   1.0645E+16   6.0270E+16   2.7747E+17   1.0294E+18   2.3588E+18   4.4049E+18   9.1865E+18   1.9198E+19   5.0133E+19   9.4820E+19
    5.1701E+01   0.0000E+00   0.0000E+00   9.8895E+06   3.0627E+11   2.3982E+07   8.6364E+08   2.8258E+10   1.1138E+12   1.2855E+13   3.3492E+14   3.1891E+15   1.9570E+16   9.7195E+16   3.8756E+17   9.3294E+17   1.8103E+18   3.9582E+18   8.6805E+18   2.4163E+19   4.7630E+19
    5.4146E+01   0.0000E+00   0.0000E+00   1.0764E+06   5.6831E+10   2.2863E+06   1.1876E+08   4.7095E+09   2.1909E+11   2.8197E+12   8.5065E+13   8.9491E+14   5.9542E+15   3.1933E+16   1.3721E+17   3.4784E+17   7.0299E+17   1.6165E+18   3.7327E+18   1.1124E+19   2.2917E+19
    5.6706E+01   0.0000E+00   0.0000E+00   2.1025E+05   9.7332E+09   5.3729E+05   1.3589E+07   7.1186E+08   3.9993E+10   5.7630E+11   2.0191E+13   2.3482E+14   1.6931E+15   9.8051E+15   4.5492E+16   1.2176E+17   2.5692E+17   6.2333E+17   1.5213E+18   4.8776E+18   1.0533E+19
    5.9388E+01   0.0000E+00   0.0000E+00   5.9171E+04   1.5176E+09   2.9627E+05   2.7658E+06   9.4896E+07   6.7289E+09   1.0955E+11   4.4748E+12   5.7541E+13   4.4893E+14   2.8037E+15   1.4064E+16   3.9834E+16   8.7975E+16   2.2602E+17   5.8538E+17   2.0300E+18   4.6105E+18
    6.2197E+01   0.0000E+00   0.0000E+00   5.3409E+02   2.1118E+08   3.1541E+10   6.1487E+05   1.8889E+07   1.0266E+09   1.9270E+10   9.2489E+11   1.3154E+13   1.1079E+14   7.4407E+14   4.0353E+15   1.2119E+16   2.8086E+16   7.6703E+16   2.1178E+17   7.9907E+17   1.9158E+18
    6.5138E+01   0.0000E+00   0.0000E+00   2.7001E+03   2.8165E+07   5.1700E+09   1.2098E+11   1.6572E+06   1.2902E+08   3.1045E+09   1.7788E+11   2.8033E+12   2.5416E+13   1.8270E+14   1.0694E+15   3.4099E+15   8.3139E+15   2.4233E+16   7.1689E+16   2.9626E+17   7.5290E+17
    6.8218E+01   0.0000E+00   0.0000E+00   0.0000E+00   6.2919E+06   7.6978E+08   2.1161E+10   5.4698E+11   3.4497E+07   4.6099E+08   3.1663E+10   5.5619E+11   5.4158E+12   4.1407E+13   2.6050E+14   8.8211E+14   2.2678E+15   7.0849E+15   2.2584E+16   1.0299E+17   2.7872E+17
    7.1444E+01   0.0000E+00   0.0000E+00   0.0000E+00   7.1617E+05   1.1788E+08   3.3966E+09   1.0273E+11   6.8466E+06   7.9929E+07   5.1794E+09   1.0244E+11   1.0715E+12   8.6494E+12   5.8057E+13   2.0845E+14   5.6607E+14   1.9037E+15   6.5804E+15   3.3394E+16   9.6746E+16
    7.4823E+01   0.0000E+00   0.0000E+00   0.0000E+00   9.4423E+04   2.0553E+07   5.4262E+08   1.7757E+10   7.5288E+11   1.4059E+07   7.8005E+08   1.7439E+10   1.9663E+11   1.6647E+12   1.1792E+13   4.4695E+13   1.2832E+14   4.6636E+14   1.7606E+15   1.0040E+16   3.1324E+16
    7.8361E+01   0.0000E+00   0.0000E+00   0.0000E+00   1.1598E+04   1.9634E+06   1.2567E+08   2.8701E+09   1.4304E+11   2.0477E+12   1.6767E+08   2.7791E+09   3.3411E+10   2.9542E+11   2.1776E+12   8.6379E+12   2.6195E+13   1.0321E+14   4.2895E+14   2.7795E+15   9.4039E+15
    8.2067E+01   0.0000E+00   0.0000E+00   0.0000E+00   0.0000E+00   2.1002E+05   1.2505E+07   5.4049E+08   2.4694E+10   4.0682E+11   2.0228E+07   4.6215E+08   5.2984E+09   4.8402E+10   3.6557E+11   1.4960E+12   4.7740E+12   2.0413E+13   9.4218E+13   7.0282E+14   2.5996E+15
    8.5948E+01   0.0000E+00   0.0000E+00   0.0000E+00   0.0000E+00   2.6053E+04   1.0330E+06   7.7667E+07   2.7994E+08   7.4914E+10   3.4979E+12   5.6053E+07   8.4082E+08   7.3885E+09   5.5961E+10   2.3136E+11   7.7043E+11   3.5631E+12   1.8436E+13   1.6076E+14   6.5637E+14
    9.0012E+01   0.0000E+00   0.0000E+00   0.0000E+00   0.0000E+00   0.0000E+00   8.8512E+05   1.8844E+05   3.7793E+09   1.3218E+10   7.0121E+11   3.9716E+06   1.2010E+08   1.2484E+09   7.8753E+09   3.1965E+10   1.0949E+11   5.4113E+11   3.1669E+12   3.2877E+13   1.4990E+14
    9.4269E+01   0.0000E+00   0.0000E+00   0.0000E+00   0.0000E+00   0.0000E+00   0.0000E+00   7.4235E+05   6.3214E+08   2.9814E+09   1.3108E+11   7.4877E+05   2.6561E+13   2.8576E+07   1.0350E+09   3.9785E+09   1.3718E+10   7.0423E+10   4.6906E+11   5.9242E+12   3.0599E+13
    9.8727E+01   0.0000E+00   0.0000E+00   0.0000E+00   0.0000E+00   0.0000E+00   0.0000E+00   1.6603E+05   3.4358E+07   3.4856E+08   2.3456E+10   1.3325E+05   5.4093E+12   3.9241E+13   1.4174E+08   4.5229E+08   1.5405E+09   7.7515E+09   5.8575E+10   9.2327E+11   5.5012E+12
    1.0340E+02   0.0000E+00   0.0000E+00   0.0000E+00   0.0000E+00   0.0000E+00   0.0000E+00   1.6903E+04   1.4559E+07   1.1281E+04   6.1250E+09   7.2464E+03   1.0282E+12   7.6705E+12   3.7818E+06   5.9633E+07   1.5669E+08   7.2163E+08   6.0016E+09   1.2144E+11   8.5470E+11
    1.0829E+02   0.0000E+00   0.0000E+00   0.0000E+00   0.0000E+00   0.0000E+00   0.0000E+00   3.0879E+03   0.0000E+00   3.8223E+03   6.1533E+08   2.9966E+03   1.9153E+11   1.3811E+12   3.2652E+05   2.2982E+06   1.2034E+07   5.8607E+07   4.9004E+08   1.3036E+10   1.1189E+11
    1.1341E+02   0.0000E+00   0.0000E+00   0.0000E+00   0.0000E+00   0.0000E+00   0.0000E+00   1.3253E+02   0.0000E+00   1.0506E+06   1.1765E+04   1.1116E+09   6.6414E+10   2.3068E+11   2.5191E+12   5.5903E+05   1.8490E+06   3.8480E+06   3.1441E+07   1.0877E+09   1.1913E+10
    1.1877E+02   0.0000E+00   0.0000E+00   0.0000E+00   0.0000E+00   0.0000E+00   0.0000E+00   7.3915E+01   0.0000E+00   5.0390E+03   6.4288E+03   2.3490E+08   1.8060E+09   3.6429E+10   3.8557E+11   6.9334E+04   1.7611E+05   4.0082E+05   1.5242E+06   6.5476E+07   9.7823E+08
    1.2439E+02   0.0000E+00   0.0000E+00   0.0000E+00   0.0000E+00   0.0000E+00   0.0000E+00   0.0000E+00   0.0000E+00   5.3288E+04   0.0000E+00   4.1327E+03   5.0893E+08   5.5730E+09   5.2742E+10   4.9538E+03   2.7692E+04   4.4353E+04   7.7294E+04   2.5117E+06   5.6703E+07
    1.3027E+02   0.0000E+00   0.0000E+00   0.0000E+00   0.0000E+00   0.0000E+00   0.0000E+00   0.0000E+00   0.0000E+00   8.6354E+03   0.0000E+00   2.4322E+03   4.6740E+07   3.3170E+08   6.0332E+09   2.3517E+02   6.0613E+03   3.6565E+03   2.9499E+03   9.1106E+04   1.9495E+06
    1.3643E+02   0.0000E+00   0.0000E+00   0.0000E+00   0.0000E+00   0.0000E+00   0.0000E+00   0.0000E+00   0.0000E+00   0.0000E+00   0.0000E+00   1.4027E+06   6.1482E+06   8.6839E+07   3.2006E+09   2.6817E+09   3.6845E+02   3.0062E+02   7.8324E+02   4.3207E+12   2.3262E+04
    1.4288E+02   0.0000E+00   0.0000E+00   0.0000E+00   0.0000E+00   0.0000E+00   0.0000E+00   0.0000E+00   0.0000E+00   0.0000E+00   0.0000E+00   0.0000E+00   1.1550E+06   1.2427E+07   2.0223E+04   2.1254E+08   1.5591E+01   1.7235E+01   8.9482E+00   6.0164E+11   6.9901E+12
    1.4964E+02   0.0000E+00   0.0000E+00   0.0000E+00   0.0000E+00   0.0000E+00   0.0000E+00   0.0000E+00   0.0000E+00   0.0000E+00   0.0000E+00   0.0000E+00   1.6183E+05   1.5158E+06   2.6738E+03   3.6952E+07   2.0354E+01   8.3476E-01   1.0857E+00   6.9294E+10   1.0192E+12
    1.5671E+02   0.0000E+00   0.0000E+00   0.0000E+00   0.0000E+00   0.0000E+00   0.0000E+00   0.0000E+00   0.0000E+00   0.0000E+00   0.0000E+00   0.0000E+00   1.4004E+04   1.9316E+05   1.2964E+06   3.9959E+06   4.5174E+06   1.0533E-01   3.9238E-01   6.3308E+09   1.2373E+11
    1.6412E+02   0.0000E+00   0.0000E+00   0.0000E+00   0.0000E+00   0.0000E+00   0.0000E+00   0.0000E+00   0.0000E+00   0.0000E+00   0.0000E+00   0.0000E+00   6.2819E+02   2.0253E+04   1.6340E+05   1.1211E+06   1.1229E+06   2.0455E+06   5.5190E-03   4.3106E+08   1.2001E+10
    1.7188E+02   0.0000E+00   0.0000E+00   0.0000E+00   0.0000E+00   0.0000E+00   0.0000E+00   0.0000E+00   0.0000E+00   0.0000E+00   0.0000E+00   0.0000E+00   1.8831E+02   1.1189E+03   1.1083E+04   5.9765E+04   1.0679E+05   2.6083E+05   1.0378E+06   1.9546E+07   8.7229E+08
    1.8001E+02   0.0000E+00   0.0000E+00   0.0000E+00   0.0000E+00   0.0000E+00   0.0000E+00   0.0000E+00   0.0000E+00   0.0000E+00   0.0000E+00   0.0000E+00   0.0000E+00   1.6775E+02   8.0560E+02   4.8512E+03   1.3176E+04   3.7942E+04   6.6467E+04   1.3128E+06   4.2408E+07
    1.8853E+02   0.0000E+00   0.0000E+00   0.0000E+00   0.0000E+00   0.0000E+00   0.0000E+00   0.0000E+00   0.0000E+00   0.0000E+00   0.0000E+00   0.0000E+00   0.0000E+00   3.4653E+00   1.6696E+02   2.4731E+02   1.2138E+03   3.2838E+03   6.5158E+03   3.0696E+04   1.0703E+06
    1.9744E+02   0.0000E+00   0.0000E+00   0.0000E+00   0.0000E+00   0.0000E+00   0.0000E+00   0.0000E+00   0.0000E+00   0.0000E+00   0.0000E+00   0.0000E+00   0.0000E+00   3.7265E+00   2.9743E+00   2.3937E+01   1.2311E+02   2.2930E-03   2.6707E+02   1.6913E+03   2.3635E+03
    2.0678E+02   0.0000E+00   0.0000E+00   0.0000E+00   0.0000E+00   0.0000E+00   0.0000E+00   0.0000E+00   0.0000E+00   0.0000E+00   0.0000E+00   0.0000E+00   0.0000E+00   3.5198E-01   7.4895E-01   5.5169E-01   2.1290E+00   4.8502E-04   2.6703E+01   1.5626E+02   6.9117E+02
    2.1656E+02   0.0000E+00   0.0000E+00   0.0000E+00   0.0000E+00   0.0000E+00   0.0000E+00   0.0000E+00   0.0000E+00   0.0000E+00   0.0000E+00   0.0000E+00   0.0000E+00   0.0000E+00   2.9410E-02   5.3874E-03   1.4415E-01   0.0000E+00   2.8014E+00   0.0000E+00   1.7493E+01
    2.2680E+02   0.0000E+00   0.0000E+00   0.0000E+00   0.0000E+00   0.0000E+00   0.0000E+00   0.0000E+00   0.0000E+00   0.0000E+00   0.0000E+00   0.0000E+00   0.0000E+00   0.0000E+00   0.0000E+00   0.0000E+00   8.0494E-02   0.0000E+00   4.9031E-01   0.0000E+00   1.0453E+00
    2.3752E+02   0.0000E+00   0.0000E+00   0.0000E+00   0.0000E+00   0.0000E+00   0.0000E+00   0.0000E+00   0.0000E+00   0.0000E+00   0.0000E+00   0.0000E+00   0.0000E+00   0.0000E+00   0.0000E+00   0.0000E+00   1.6195E-04   0.0000E+00   0.0000E+00   0.0000E+00   9.7110E-02
    2.4876E+02   0.0000E+00   0.0000E+00   0.0000E+00   0.0000E+00   0.0000E+00   0.0000E+00   0.0000E+00   0.0000E+00   0.0000E+00   0.0000E+00   0.0000E+00   0.0000E+00   0.0000E+00   0.0000E+00   0.0000E+00   4.1730E-04   0.0000E+00   0.0000E+00   0.0000E+00   3.2954E-03
    2.6052E+02   0.0000E+00   0.0000E+00   0.0000E+00   0.0000E+00   0.0000E+00   0.0000E+00   0.0000E+00   0.0000E+00   0.0000E+00   0.0000E+00   0.0000E+00   0.0000E+00   0.0000E+00   0.0000E+00   0.0000E+00   0.0000E+00   0.0000E+00   0.0000E+00   0.0000E+00   0.0000E+00
    2.7284E+02   0.0000E+00   0.0000E+00   0.0000E+00   0.0000E+00   0.0000E+00   0.0000E+00   0.0000E+00   0.0000E+00   0.0000E+00   0.0000E+00   0.0000E+00   0.0000E+00   0.0000E+00   0.0000E+00   0.0000E+00   0.0000E+00   0.0000E+00   0.0000E+00   0.0000E+00   0.0000E+00
    2.8574E+02   0.0000E+00   0.0000E+00   0.0000E+00   0.0000E+00   0.0000E+00   0.0000E+00   0.0000E+00   0.0000E+00   0.0000E+00   0.0000E+00   0.0000E+00   0.0000E+00   0.0000E+00   0.0000E+00   0.0000E+00   0.0000E+00   0.0000E+00   0.0000E+00   0.0000E+00   0.0000E+00
    2.9925E+02   0.0000E+00   0.0000E+00   0.0000E+00   0.0000E+00   0.0000E+00   0.0000E+00   0.0000E+00   0.0000E+00   0.0000E+00   0.0000E+00   0.0000E+00   0.0000E+00   0.0000E+00   0.0000E+00   0.0000E+00   0.0000E+00   0.0000E+00   0.0000E+00   0.0000E+00   0.0000E+00
    3.1341E+02   0.0000E+00   0.0000E+00   0.0000E+00   0.0000E+00   0.0000E+00   0.0000E+00   0.0000E+00   0.0000E+00   0.0000E+00   0.0000E+00   0.0000E+00   0.0000E+00   0.0000E+00   0.0000E+00   0.0000E+00   0.0000E+00   0.0000E+00   0.0000E+00   0.0000E+00   0.0000E+00
    3.2823E+02   0.0000E+00   0.0000E+00   0.0000E+00   0.0000E+00   0.0000E+00   0.0000E+00   0.0000E+00   0.0000E+00   0.0000E+00   0.0000E+00   0.0000E+00   0.0000E+00   0.0000E+00   0.0000E+00   0.0000E+00   0.0000E+00   0.0000E+00   0.0000E+00   0.0000E+00   0.0000E+00
    3.4375E+02   0.0000E+00   0.0000E+00   0.0000E+00   0.0000E+00   0.0000E+00   0.0000E+00   0.0000E+00   0.0000E+00   0.0000E+00   0.0000E+00   0.0000E+00   0.0000E+00   0.0000E+00   0.0000E+00   0.0000E+00   0.0000E+00   0.0000E+00   0.0000E+00   0.0000E+00   0.0000E+00
    3.6000E+02   0.0000E+00   0.0000E+00   0.0000E+00   0.0000E+00   0.0000E+00   0.0000E+00   0.0000E+00   0.0000E+00   0.0000E+00   0.0000E+00   0.0000E+00   0.0000E+00   0.0000E+00   0.0000E+00   0.0000E+00   0.0000E+00   0.0000E+00   0.0000E+00   0.0000E+00   0.0000E+00
    3.7703E+02   0.0000E+00   0.0000E+00   0.0000E+00   0.0000E+00   0.0000E+00   0.0000E+00   0.0000E+00   0.0000E+00   0.0000E+00   0.0000E+00   0.0000E+00   0.0000E+00   0.0000E+00   0.0000E+00   0.0000E+00   0.0000E+00   0.0000E+00   0.0000E+00   0.0000E+00   0.0000E+00
    3.9486E+02   0.0000E+00   0.0000E+00   0.0000E+00   0.0000E+00   0.0000E+00   0.0000E+00   0.0000E+00   0.0000E+00   0.0000E+00   0.0000E+00   0.0000E+00   0.0000E+00   0.0000E+00   0.0000E+00   0.0000E+00   0.0000E+00   0.0000E+00   0.0000E+00   0.0000E+00   0.0000E+00
    4.1353E+02   0.0000E+00   0.0000E+00   0.0000E+00   0.0000E+00   0.0000E+00   0.0000E+00   0.0000E+00   0.0000E+00   0.0000E+00   0.0000E+00   0.0000E+00   0.0000E+00   0.0000E+00   0.0000E+00   0.0000E+00   0.0000E+00   0.0000E+00   0.0000E+00   0.0000E+00   0.0000E+00
