    1.2535E-03   5.7422E+16   1.2909E+17   2.5979E+17   3.7723E+17   4.3133E+17   4.6895E+17   5.0803E+17   5.5896E+17   5.9603E+17   6.5741E+17   7.1040E+17   7.6350E+17   8.0343E+17   8.6075E+17   8.8664E+17   9.1917E+17   9.5270E+17   9.9264E+17   1.0500E+18   1.0733E+18
    1.3127E-03   6.1777E+16   1.3838E+17   2.8194E+17   4.1237E+17   4.7210E+17   5.1355E+17   5.5663E+17   6.1274E+17   6.5344E+17   7.2102E+17   7.7913E+17   8.3702E+17   8.8122E+17   9.4393E+17   9.7233E+17   1.0085E+18   1.0448E+18   1.0886E+18   1.1514E+18   1.1773E+18
    1.3748E-03   6.6503E+16   1.4830E+17   3.0584E+17   4.5072E+17   5.1669E+17   5.6234E+17   6.0987E+17   6.7167E+17   7.1638E+17   7.9077E+17   8.5449E+17   9.1762E+17   9.6655E+17   1.0352E+18   1.0663E+18   1.1064E+18   1.1457E+18   1.1938E+18   1.2627E+18   1.2913E+18
    1.4398E-03   7.1637E+16   1.5890E+17   3.3164E+17   4.9253E+17   5.6545E+17   6.1573E+17   6.6818E+17   7.3625E+17   7.8537E+17   8.6725E+17   9.3714E+17   1.0060E+18   1.0601E+18   1.1353E+18   1.1692E+18   1.2139E+18   1.2565E+18   1.3093E+18   1.3846E+18   1.4164E+18
    1.5079E-03   7.7216E+16   1.7022E+17   3.5946E+17   5.3813E+17   6.1876E+17   6.7413E+17   7.3206E+17   8.0702E+17   8.6101E+17   9.5111E+17   1.0278E+18   1.1029E+18   1.1628E+18   1.2450E+18   1.2821E+18   1.3317E+18   1.3779E+18   1.4358E+18   1.5184E+18   1.5536E+18
    1.5792E-03   8.3292E+16   1.8233E+17   3.8943E+17   5.8784E+17   6.7704E+17   7.3801E+17   8.0202E+17   8.8456E+17   9.4391E+17   1.0431E+18   1.1271E+18   1.2092E+18   1.2754E+18   1.3655E+18   1.4058E+18   1.4610E+18   1.5111E+18   1.5747E+18   1.6650E+18   1.7041E+18
    1.6539E-03   8.9889E+16   1.9526E+17   4.2170E+17   6.4200E+17   7.4074E+17   8.0789E+17   8.7864E+17   9.6951E+17   1.0348E+18   1.1439E+18   1.2361E+18   1.3257E+18   1.3989E+18   1.4976E+18   1.5414E+18   1.6027E+18   1.6572E+18   1.7269E+18   1.8259E+18   1.8692E+18
    1.7321E-03   9.7066E+16   2.0909E+17   4.5642E+17   7.0099E+17   8.1037E+17   8.8431E+17   9.6254E+17   1.0626E+18   1.1344E+18   1.2544E+18   1.3556E+18   1.4536E+18   1.5343E+18   1.6425E+18   1.6900E+18   1.7581E+18   1.8174E+18   1.8939E+18   2.0023E+18   2.0503E+18
    1.8140E-03   1.0488E+17   2.2391E+17   4.9374E+17   7.6524E+17   8.8643E+17   9.6789E+17   1.0544E+18   1.1645E+18   1.2435E+18   1.3756E+18   1.4866E+18   1.5938E+18   1.6829E+18   1.8015E+18   1.8529E+18   1.9286E+18   1.9931E+18   2.0770E+18   2.1957E+18   2.2489E+18
    1.8998E-03   1.1338E+17   2.3980E+17   5.3386E+17   8.3519E+17   9.6953E+17   1.0593E+18   1.1550E+18   1.2762E+18   1.3632E+18   1.5085E+18   1.6302E+18   1.7476E+18   1.8458E+18   1.9759E+18   2.0314E+18   2.1154E+18   2.1857E+18   2.2779E+18   2.4079E+18   2.4668E+18
    1.9897E-03   1.2265E+17   2.5686E+17   5.7696E+17   9.1132E+17   1.0603E+18   1.1592E+18   1.2651E+18   1.3985E+18   1.4943E+18   1.6542E+18   1.7877E+18   1.9163E+18   2.0245E+18   2.1671E+18   2.2271E+18   2.3202E+18   2.3969E+18   2.4982E+18   2.6405E+18   2.7058E+18
    2.0838E-03   1.3274E+17   2.7521E+17   6.2325E+17   9.9415E+17   1.1594E+18   1.2685E+18   1.3857E+18   1.5325E+18   1.6380E+18   1.8139E+18   1.9604E+18   2.1014E+18   2.2204E+18   2.3769E+18   2.4416E+18   2.5448E+18   2.6286E+18   2.7398E+18   2.8956E+18   2.9680E+18
    2.1823E-03   1.4381E+17   2.9509E+17   6.7305E+17   1.0843E+18   1.2676E+18   1.3880E+18   1.5177E+18   1.6792E+18   1.7954E+18   1.9891E+18   2.1497E+18   2.3043E+18   2.4353E+18   2.6069E+18   2.6766E+18   2.7908E+18   2.8825E+18   3.0046E+18   3.1751E+18   3.2552E+18
    2.2855E-03   1.5581E+17   3.1637E+17   7.2642E+17   1.1822E+18   1.3856E+18   1.5186E+18   1.6621E+18   1.8399E+18   1.9680E+18   2.1812E+18   2.3574E+18   2.5270E+18   2.6710E+18   2.8593E+18   2.9344E+18   3.0605E+18   3.1610E+18   3.2953E+18   3.4819E+18   3.5707E+18
    2.3936E-03   1.6889E+17   3.3932E+17   7.8370E+17   1.2887E+18   1.5144E+18   1.6614E+18   1.8202E+18   2.0159E+18   2.1571E+18   2.3918E+18   2.5850E+18   2.7712E+18   2.9294E+18   3.1360E+18   3.2169E+18   3.3561E+18   3.4663E+18   3.6140E+18   3.8183E+18   3.9167E+18
    2.5068E-03   1.8315E+17   3.6407E+17   8.4519E+17   1.4044E+18   1.6549E+18   1.8174E+18   1.9931E+18   2.2085E+18   2.3644E+18   2.6227E+18   2.8346E+18   3.0390E+18   3.2128E+18   3.4395E+18   3.5267E+18   3.6800E+18   3.8010E+18   3.9635E+18   4.1871E+18   4.2962E+18
    2.6253E-03   1.9872E+17   3.9079E+17   9.1117E+17   1.5300E+18   1.8081E+18   1.9879E+18   2.1824E+18   2.4194E+18   2.5914E+18   2.8760E+18   3.1084E+18   3.3327E+18   3.5236E+18   3.7724E+18   3.8664E+18   4.0350E+18   4.1681E+18   4.3469E+18   4.5914E+18   4.7124E+18
    2.7495E-03   2.1571E+17   4.1964E+17   9.8197E+17   1.6665E+18   1.9751E+18   2.1742E+18   2.3894E+18   2.6503E+18   2.8403E+18   3.1537E+18   3.4085E+18   3.6548E+18   3.8643E+18   4.1374E+18   4.2387E+18   4.4240E+18   4.5704E+18   4.7673E+18   5.0348E+18   5.1690E+18
    2.8795E-03   2.3426E+17   4.5080E+17   1.0579E+18   1.8146E+18   2.1571E+18   2.3777E+18   2.6159E+18   2.9030E+18   3.1130E+18   3.4581E+18   3.7376E+18   4.0078E+18   4.2379E+18   4.5376E+18   4.6471E+18   4.8503E+18   5.0115E+18   5.2283E+18   5.5209E+18   5.6698E+18
    3.0157E-03   2.5451E+17   4.8448E+17   1.1393E+18   1.9752E+18   2.3554E+18   2.6000E+18   2.8637E+18   3.1797E+18   3.4118E+18   3.7920E+18   4.0985E+18   4.3949E+18   4.6476E+18   4.9765E+18   5.0948E+18   5.3175E+18   5.4951E+18   5.7338E+18   6.0539E+18   6.2190E+18
    3.1583E-03   2.7663E+17   5.2089E+17   1.2266E+18   2.1494E+18   2.5715E+18   2.8427E+18   3.1347E+18   3.4825E+18   3.7392E+18   4.1580E+18   4.4943E+18   4.8193E+18   5.0967E+18   5.4578E+18   5.5857E+18   5.8295E+18   6.0251E+18   6.2880E+18   6.6382E+18   6.8214E+18
    3.3076E-03   3.0079E+17   5.6029E+17   1.3201E+18   2.3382E+18   2.8068E+18   3.1078E+18   3.4311E+18   3.8140E+18   4.0980E+18   4.5593E+18   4.9282E+18   5.2846E+18   5.5892E+18   5.9857E+18   6.1242E+18   6.3909E+18   6.6064E+18   6.8960E+18   7.2793E+18   7.4826E+18
    3.4641E-03   3.2761E+17   6.0415E+17   1.4219E+18   2.5436E+18   3.0635E+18   3.3974E+18   3.7553E+18   4.1769E+18   4.4908E+18   4.9989E+18   5.4036E+18   5.7942E+18   6.1285E+18   6.5637E+18   6.7140E+18   7.0053E+18   7.2423E+18   7.5608E+18   7.9798E+18   8.2049E+18
    3.6279E-03   3.5645E+17   6.5037E+17   1.5292E+18   2.7651E+18   3.3424E+18   3.7131E+18   4.1096E+18   4.5740E+18   4.9214E+18   5.4812E+18   5.9253E+18   6.3533E+18   6.7205E+18   7.1983E+18   7.3614E+18   7.6799E+18   7.9407E+18   8.2914E+18   8.7502E+18   9.0000E+18
    3.7994E-03   3.8796E+17   7.0048E+17   1.6441E+18   3.0049E+18   3.6458E+18   4.0576E+18   4.4968E+18   5.0086E+18   5.3929E+18   6.0096E+18   6.4973E+18   6.9662E+18   7.3694E+18   7.8940E+18   8.0712E+18   8.4193E+18   8.7059E+18   9.0919E+18   9.5940E+18   9.8713E+18
    3.9791E-03   4.2240E+17   7.5485E+17   1.7671E+18   3.2643E+18   3.9758E+18   4.4333E+18   4.9200E+18   5.4842E+18   5.9094E+18   6.5888E+18   7.1243E+18   7.6380E+18   8.0808E+18   8.6567E+18   8.8496E+18   9.2300E+18   9.5448E+18   9.9693E+18   1.0519E+19   1.0827E+19
    4.1673E-03   4.6006E+17   8.1387E+17   1.8988E+18   3.5448E+18   4.3346E+18   4.8428E+18   5.3824E+18   6.0047E+18   6.4750E+18   7.2234E+18   7.8116E+18   8.3745E+18   8.8608E+18   9.4929E+18   9.7031E+18   1.0119E+19   1.0464E+19   1.0931E+19   1.1533E+19   1.1874E+19
    4.3644E-03   5.0124E+17   8.7796E+17   2.0399E+18   3.8481E+18   4.7246E+18   5.2892E+18   5.8876E+18   6.5741E+18   7.0944E+18   7.9186E+18   8.5651E+18   9.1818E+18   9.7159E+18   1.0410E+19   1.0639E+19   1.1093E+19   1.1472E+19   1.1985E+19   1.2644E+19   1.3023E+19
    4.5707E-03   5.4626E+17   9.4760E+17   2.1911E+18   4.1758E+18   5.1483E+18   5.7756E+18   6.4392E+18   7.1971E+18   7.7724E+18   8.6802E+18   9.3909E+18   1.0067E+19   1.0653E+19   1.1414E+19   1.1665E+19   1.2162E+19   1.2577E+19   1.3141E+19   1.3863E+19   1.4283E+19
    4.7869E-03   5.9551E+17   1.0233E+18   2.3532E+18   4.5297E+18   5.6085E+18   6.3054E+18   7.0416E+18   7.8785E+18   8.5146E+18   9.5143E+18   1.0296E+19   1.1037E+19   1.1681E+19   1.2516E+19   1.2790E+19   1.3334E+19   1.3788E+19   1.4407E+19   1.5198E+19   1.5664E+19
    5.0133E-03   6.4938E+17   1.1056E+18   2.5271E+18   4.9116E+18   6.1080E+18   6.8823E+18   7.6991E+18   8.6238E+18   9.3270E+18   1.0428E+19   1.1288E+19   1.2101E+19   1.2808E+19   1.3723E+19   1.4023E+19   1.4619E+19   1.5116E+19   1.5796E+19   1.6662E+19   1.7179E+19
    5.2503E-03   7.0830E+17   1.1952E+18   2.7140E+18   5.3236E+18   6.6500E+18   7.5102E+18   8.4166E+18   9.4386E+18   1.0216E+19   1.1428E+19   1.2375E+19   1.3267E+19   1.4043E+19   1.5046E+19   1.5375E+19   1.6028E+19   1.6571E+19   1.7318E+19   1.8266E+19   1.8839E+19
    5.4986E-03   7.7278E+17   1.2926E+18   2.9147E+18   5.7678E+18   7.2380E+18   8.1934E+18   9.1995E+18   1.0329E+19   1.1189E+19   1.2523E+19   1.3566E+19   1.4545E+19   1.5398E+19   1.6497E+19   1.6858E+19   1.7573E+19   1.8166E+19   1.8986E+19   2.0025E+19   2.0659E+19
    5.7587E-03   8.4333E+17   1.3987E+18   3.1305E+18   6.2466E+18   7.8754E+18   8.9364E+18   1.0053E+19   1.1303E+19   1.2253E+19   1.3722E+19   1.4871E+19   1.5946E+19   1.6883E+19   1.8086E+19   1.8483E+19   1.9266E+19   1.9915E+19   2.0815E+19   2.1953E+19   2.2655E+19
    6.0310E-03   9.2053E+17   1.5142E+18   3.3627E+18   6.7624E+18   8.5665E+18   9.7444E+18   1.0985E+19   1.2367E+19   1.3417E+19   1.5035E+19   1.6301E+19   1.7482E+19   1.8512E+19   1.9830E+19   2.0265E+19   2.1125E+19   2.1834E+19   2.2822E+19   2.4070E+19   2.4846E+19
    6.3162E-03   1.0065E+18   1.6478E+18   3.6345E+18   7.3410E+18   9.3323E+18   1.0635E+19   1.2008E+19   1.3535E+19   1.4693E+19   1.6471E+19   1.7866E+19   1.9163E+19   2.0294E+19   2.1736E+19   2.2214E+19   2.3158E+19   2.3932E+19   2.5018E+19   2.6383E+19   2.7239E+19
    6.6149E-03   1.0989E+18   1.7850E+18   3.9040E+18   7.9404E+18   1.0144E+19   1.1590E+19   1.3114E+19   1.4805E+19   1.6086E+19   1.8043E+19   1.9583E+19   2.1008E+19   2.2252E+19   2.3830E+19   2.4356E+19   2.5391E+19   2.6237E+19   2.7430E+19   2.8925E+19   2.9871E+19
    6.9277E-03   1.2001E+18   1.9345E+18   4.1942E+18   8.5854E+18   1.1023E+19   1.2627E+19   1.4320E+19   1.6193E+19   1.7608E+19   1.9763E+19   2.1462E+19   2.3030E+19   2.4397E+19   2.6122E+19   2.6701E+19   2.7838E+19   2.8761E+19   3.0071E+19   3.1707E+19   3.2752E+19
    7.2553E-03   1.3109E+18   2.0975E+18   4.5068E+18   9.2794E+18   1.1973E+19   1.3753E+19   1.5632E+19   1.7708E+19   1.9273E+19   2.1646E+19   2.3521E+19   2.5245E+19   2.6749E+19   2.8635E+19   2.9272E+19   3.0520E+19   3.1526E+19   3.2966E+19   3.4756E+19   3.5908E+19
    7.5984E-03   1.4322E+18   2.2752E+18   4.8437E+18   1.0026E+19   1.3000E+19   1.4975E+19   1.7062E+19   1.9361E+19   2.1093E+19   2.3705E+19   2.5775E+19   2.7673E+19   2.9327E+19   3.1388E+19   3.2089E+19   3.3460E+19   3.4556E+19   3.6140E+19   3.8096E+19   3.9368E+19
    7.9577E-03   1.5649E+18   2.4692E+18   5.2070E+18   1.0829E+19   1.4111E+19   1.6301E+19   1.8617E+19   2.1167E+19   2.3082E+19   2.5958E+19   2.8244E+19   3.0332E+19   3.2153E+19   3.4405E+19   3.5177E+19   3.6682E+19   3.7877E+19   3.9619E+19   4.1756E+19   4.3158E+19
    8.3341E-03   1.7103E+18   2.6807E+18   5.5989E+18   1.1693E+19   1.5311E+19   1.7738E+19   2.0309E+19   2.3137E+19   2.5256E+19   2.8423E+19   3.0947E+19   3.3246E+19   3.5250E+19   3.7711E+19   3.8562E+19   4.0214E+19   4.1515E+19   4.3432E+19   4.5764E+19   4.7312E+19
    8.7282E-03   1.8696E+18   2.9117E+18   6.0220E+18   1.2621E+19   1.6607E+19   1.9296E+19   2.2149E+19   2.5287E+19   2.7631E+19   3.1119E+19   3.3906E+19   3.6437E+19   3.8644E+19   4.1333E+19   4.2272E+19   4.4085E+19   4.5501E+19   4.7611E+19   5.0155E+19   5.1862E+19
    9.1409E-03   2.0439E+18   3.1638E+18   6.4791E+18   1.3619E+19   1.8006E+19   2.0984E+19   2.4149E+19   2.7631E+19   3.0226E+19   3.4069E+19   3.7145E+19   3.9933E+19   4.2363E+19   4.5302E+19   4.6338E+19   4.8327E+19   4.9869E+19   5.2191E+19   5.4964E+19   5.6847E+19
    9.5732E-03   2.2349E+18   3.4391E+18   6.9733E+18   1.4691E+19   1.9516E+19   2.2812E+19   2.6323E+19   3.0188E+19   3.3061E+19   3.7296E+19   4.0691E+19   4.3762E+19   4.6438E+19   4.9651E+19   5.0794E+19   5.2976E+19   5.4654E+19   5.7210E+19   6.0229E+19   6.2308E+19
    1.0026E-02   2.4441E+18   3.7397E+18   7.5081E+18   1.5844E+19   2.1146E+19   2.4792E+19   2.8685E+19   3.2976E+19   3.6157E+19   4.0825E+19   4.4573E+19   4.7955E+19   5.0902E+19   5.4416E+19   5.5678E+19   5.8070E+19   5.9897E+19   6.2709E+19   6.5995E+19   6.8290E+19
    1.0500E-02   2.6732E+18   4.0681E+18   8.0869E+18   1.7083E+19   2.2904E+19   2.6934E+19   3.1250E+19   3.6015E+19   3.9537E+19   4.4685E+19   4.8820E+19   5.2546E+19   5.5791E+19   5.9636E+19   6.1032E+19   6.3650E+19   6.5640E+19   6.8733E+19   7.2306E+19   7.4842E+19
    1.0997E-02   2.9242E+18   4.4270E+18   8.7139E+18   1.8415E+19   2.4799E+19   2.9253E+19   3.4035E+19   3.9325E+19   4.3228E+19   4.8906E+19   5.3469E+19   5.7573E+19   6.1146E+19   6.5354E+19   6.6899E+19   6.9763E+19   7.1933E+19   7.5333E+19   7.9215E+19   8.2018E+19
    1.1517E-02   3.1992E+18   4.8191E+18   9.3933E+18   1.9846E+19   2.6842E+19   3.1760E+19   3.7058E+19   4.2931E+19   4.7256E+19   5.3522E+19   5.8556E+19   6.3075E+19   6.7010E+19   7.1619E+19   7.3329E+19   7.6460E+19   7.8827E+19   8.2561E+19   8.6776E+19   8.9878E+19
    1.2061E-02   3.5004E+18   5.2477E+18   1.0130E+19   2.1385E+19   2.9044E+19   3.4471E+19   4.0338E+19   4.6858E+19   5.1652E+19   5.8567E+19   6.4122E+19   6.9098E+19   7.3431E+19   7.8480E+19   8.0375E+19   8.3794E+19   8.6379E+19   9.0478E+19   9.5052E+19   9.8484E+19
    1.2632E-02   3.8305E+18   5.7163E+18   1.0929E+19   2.3040E+19   3.1416E+19   3.7400E+19   4.3894E+19   5.1132E+19   5.6447E+19   6.4083E+19   7.0213E+19   7.5690E+19   8.0462E+19   8.5996E+19   8.8096E+19   9.1827E+19   9.4654E+19   9.9149E+19   1.0411E+20   1.0791E+20
    1.3229E-02   4.1921E+18   6.2286E+18   1.1796E+19   2.4819E+19   3.3972E+19   4.0566E+19   4.7752E+19   5.5786E+19   6.1680E+19   7.0115E+19   7.6881E+19   8.2911E+19   8.8166E+19   9.4236E+19   9.6565E+19   1.0063E+20   1.0373E+20   1.0866E+20   1.1403E+20   1.1824E+20
    1.3855E-02   4.5881E+18   6.8046E+18   1.2825E+19   2.6966E+19   3.6978E+19   4.4221E+19   5.2137E+19   6.1004E+19   6.7506E+19   7.6789E+19   8.4237E+19   9.0861E+19   9.6635E+19   1.0328E+20   1.0585E+20   1.1029E+20   1.1368E+20   1.1906E+20   1.2488E+20   1.2954E+20
    1.4510E-02   5.0216E+18   7.4175E+18   1.3852E+19   2.9041E+19   3.9966E+19   4.7938E+19   5.6689E+19   6.6528E+19   7.3742E+19   8.4001E+19   9.2224E+19   9.9513E+19   1.0587E+20   1.1317E+20   1.1602E+20   1.2085E+20   1.2457E+20   1.3046E+20   1.3676E+20   1.4192E+20
    1.5196E-02   5.4965E+18   8.0878E+18   1.4967E+19   3.1274E+19   4.3182E+19   5.1947E+19   6.1618E+19   7.2531E+19   8.0536E+19   9.1873E+19   1.0095E+20   1.0897E+20   1.1597E+20   1.2399E+20   1.2714E+20   1.3241E+20   1.3649E+20   1.4292E+20   1.4975E+20   1.5547E+20
    1.5914E-02   6.0169E+18   8.8210E+18   1.6180E+19   3.3677E+19   4.6644E+19   5.6274E+19   6.6954E+19   7.9055E+19   8.7938E+19   1.0047E+20   1.1050E+20   1.1932E+20   1.2703E+20   1.3583E+20   1.3932E+20   1.4505E+20   1.4955E+20   1.5656E+20   1.6396E+20   1.7029E+20
    1.6667E-02   6.5870E+18   9.6231E+18   1.7498E+19   3.6264E+19   5.0371E+19   6.0942E+19   7.2729E+19   8.6144E+19   9.6001E+19   1.0986E+20   1.2094E+20   1.3064E+20   1.3913E+20   1.4880E+20   1.5266E+20   1.5890E+20   1.6385E+20   1.7149E+20   1.7950E+20   1.8652E+20
    1.7455E-02   7.2118E+18   1.0501E+19   1.8931E+19   3.9052E+19   5.4381E+19   6.5976E+19   7.8978E+19   9.3843E+19   1.0478E+20   1.2010E+20   1.3235E+20   1.4302E+20   1.5237E+20   1.6299E+20   1.6725E+20   1.7405E+20   1.7951E+20   1.8782E+20   1.9650E+20   2.0427E+20
    1.8281E-02   7.8964E+18   1.1461E+19   2.0491E+19   4.2056E+19   5.8699E+19   7.1405E+19   8.5738E+19   1.0220E+20   1.1434E+20   1.3128E+20   1.4483E+20   1.5656E+20   1.6685E+20   1.7853E+20   1.8323E+20   1.9064E+20   1.9666E+20   2.0569E+20   2.1511E+20   2.2370E+20
    1.9145E-02   8.6466E+18   1.2512E+19   2.2189E+19   4.5296E+19   6.3345E+19   7.7257E+19   9.3047E+19   1.1128E+20   1.2474E+20   1.4348E+20   1.5846E+20   1.7138E+20   1.8271E+20   1.9554E+20   2.0071E+20   2.0880E+20   2.1544E+20   2.2525E+20   2.3545E+20   2.4496E+20
    2.0051E-02   9.4688E+18   1.3662E+19   2.4038E+19   4.8789E+19   6.8347E+19   8.3565E+19   1.0095E+20   1.2113E+20   1.3606E+20   1.5679E+20   1.7335E+20   1.8757E+20   2.0005E+20   2.1415E+20   2.1983E+20   2.2867E+20   2.3600E+20   2.4664E+20   2.5771E+20   2.6821E+20
    2.0999E-02   1.0370E+19   1.4921E+19   2.6052E+19   5.2558E+19   7.3732E+19   9.0363E+19   1.0948E+20   1.3181E+20   1.4838E+20   1.7131E+20   1.8962E+20   2.0529E+20   2.1903E+20   2.3453E+20   2.4076E+20   2.5042E+20   2.5851E+20   2.7004E+20   2.8206E+20   2.9365E+20
    2.1992E-02   1.1357E+19   1.6299E+19   2.8246E+19   5.6627E+19   7.9532E+19   9.7689E+19   1.1871E+20   1.4340E+20   1.6177E+20   1.8714E+20   2.0738E+20   2.2465E+20   2.3978E+20   2.5682E+20   2.6364E+20   2.7421E+20   2.8316E+20   2.9564E+20   3.0869E+20   3.2146E+20
    2.3032E-02   1.2439E+19   1.7808E+19   3.0638E+19   6.1020E+19   8.5779E+19   1.0558E+20   1.2867E+20   1.5596E+20   1.7632E+20   2.0440E+20   2.2678E+20   2.4583E+20   2.6249E+20   2.8120E+20   2.8868E+20   3.0025E+20   3.1013E+20   3.2364E+20   3.3780E+20   3.5188E+20
    2.4121E-02   1.3625E+19   1.9460E+19   3.3245E+19   6.5767E+19   9.2511E+19   1.1409E+20   1.3943E+20   1.6958E+20   1.9213E+20   2.2320E+20   2.4796E+20   2.6897E+20   2.8732E+20   3.0788E+20   3.1606E+20   3.2874E+20   3.3965E+20   3.5426E+20   3.6964E+20   3.8513E+20
    2.5262E-02   1.4925E+19   2.1269E+19   3.6089E+19   7.0897E+19   9.9765E+19   1.2326E+20   1.5104E+20   1.8434E+20   2.0931E+20   2.4370E+20   2.7107E+20   2.9426E+20   3.1448E+20   3.3707E+20   3.4600E+20   3.5990E+20   3.7196E+20   3.8775E+20   4.0444E+20   4.2147E+20
    2.6456E-02   1.6349E+19   2.3251E+19   3.9191E+19   7.6446E+19   1.0758E+20   1.3315E+20   1.6358E+20   2.0033E+20   2.2797E+20   2.6603E+20   2.9630E+20   3.2189E+20   3.4417E+20   3.6898E+20   3.7874E+20   3.9399E+20   4.0731E+20   4.2437E+20   4.4249E+20   4.6119E+20
    2.7707E-02   1.7911E+19   2.5420E+19   4.2576E+19   8.2451E+19   1.1602E+20   1.4380E+20   1.7712E+20   2.1764E+20   2.4823E+20   2.9035E+20   3.2383E+20   3.5208E+20   3.7663E+20   4.0388E+20   4.1454E+20   4.3127E+20   4.4600E+20   4.6441E+20   4.8406E+20   5.0459E+20
    2.9018E-02   1.9622E+19   2.7797E+19   4.6270E+19   8.8951E+19   1.2511E+20   1.5528E+20   1.9173E+20   2.3639E+20   2.7021E+20   3.1683E+20   3.5386E+20   3.8505E+20   4.1211E+20   4.4204E+20   4.5368E+20   4.7204E+20   4.8831E+20   5.0820E+20   5.2950E+20   5.5201E+20
    3.0390E-02   2.1497E+19   3.0400E+19   5.0302E+19   9.5991E+19   1.3492E+20   1.6765E+20   2.0749E+20   2.5668E+20   2.9406E+20   3.4566E+20   3.8662E+20   4.2105E+20   4.5087E+20   4.8375E+20   4.9648E+20   5.1662E+20   5.3460E+20   5.5606E+20   5.7913E+20   6.0380E+20
    3.1827E-02   2.3552E+19   3.3252E+19   5.4705E+19   1.0362E+20   1.4551E+20   1.8100E+20   2.2450E+20   2.7864E+20   3.1993E+20   3.7704E+20   4.2235E+20   4.6036E+20   4.9322E+20   5.2935E+20   5.4327E+20   5.6536E+20   5.8523E+20   6.0838E+20   6.3335E+20   6.6036E+20
    3.3332E-02   2.5804E+19   3.6376E+19   5.9514E+19   1.1189E+20   1.5694E+20   1.9539E+20   2.4285E+20   3.0240E+20   3.4798E+20   4.1118E+20   4.6132E+20   5.0326E+20   5.3949E+20   5.7919E+20   5.9442E+20   6.1864E+20   6.4059E+20   6.6557E+20   6.9256E+20   7.2212E+20
    3.4908E-02   2.8273E+19   3.9798E+19   6.4767E+19   1.2086E+20   1.6929E+20   2.1091E+20   2.6265E+20   3.2809E+20   3.7839E+20   4.4833E+20   5.0381E+20   5.5007E+20   5.9001E+20   6.3366E+20   6.5034E+20   6.7687E+20   7.0112E+20   7.2806E+20   7.5720E+20   7.8953E+20
    3.6559E-02   3.0978E+19   4.3547E+19   7.0506E+19   1.3059E+20   1.8264E+20   2.2766E+20   2.8402E+20   3.5589E+20   4.1135E+20   4.8873E+20   5.5013E+20   6.0116E+20   6.4518E+20   6.9318E+20   7.1145E+20   7.4052E+20   7.6728E+20   7.9634E+20   8.2777E+20   8.6312E+20
    3.8288E-02   3.3941E+19   4.7654E+19   7.6777E+19   1.4116E+20   1.9707E+20   2.4574E+20   3.0708E+20   3.8594E+20   4.4705E+20   5.3267E+20   6.0061E+20   6.5689E+20   7.0540E+20   7.5822E+20   7.7823E+20   8.1006E+20   8.3960E+20   8.7093E+20   9.0478E+20   9.4341E+20
    4.0099E-02   3.7189E+19   5.2154E+19   8.3631E+19   1.5263E+20   2.1267E+20   2.6525E+20   3.3197E+20   4.1844E+20   4.8574E+20   5.8045E+20   6.5562E+20   7.1768E+20   7.7114E+20   8.2927E+20   8.5121E+20   8.8603E+20   9.1862E+20   9.5240E+20   9.8881E+20   1.0310E+21
    4.1995E-02   4.0748E+19   5.7084E+19   9.1122E+19   1.6510E+20   2.2956E+20   2.8633E+20   3.5883E+20   4.5356E+20   5.2764E+20   6.3239E+20   7.1555E+20   7.8398E+20   8.4288E+20   9.0688E+20   9.3095E+20   9.6902E+20   1.0050E+21   1.0414E+21   1.0805E+21   1.1265E+21
    4.3981E-02   4.4647E+19   6.2486E+19   9.9312E+19   1.7864E+20   2.4784E+20   3.0910E+20   3.8783E+20   4.9153E+20   5.7301E+20   6.8884E+20   7.8082E+20   8.5628E+20   9.2117E+20   9.9166E+20   1.0181E+21   1.0597E+21   1.0992E+21   1.1385E+21   1.1804E+21   1.2307E+21
    4.6061E-02   4.8917E+19   6.8403E+19   1.0827E+20   1.9337E+20   2.6764E+20   3.3370E+20   4.1913E+20   5.3256E+20   6.2214E+20   7.5018E+20   8.5190E+20   9.3512E+20   1.0066E+21   1.0843E+21   1.1132E+21   1.1586E+21   1.2022E+21   1.2445E+21   1.2894E+21   1.3443E+21
    4.8239E-02   5.3595E+19   7.4886E+19   1.1806E+20   2.0938E+20   2.8908E+20   3.6030E+20   4.5292E+20   5.7691E+20   6.7532E+20   8.1682E+20   9.2927E+20   1.0211E+21   1.0998E+21   1.1854E+21   1.2171E+21   1.2667E+21   1.3146E+21   1.3603E+21   1.4082E+21   1.4681E+21
    5.0520E-02   5.8718E+19   8.1987E+19   1.2877E+20   2.2680E+20   3.1233E+20   3.8906E+20   4.8942E+20   6.2484E+20   7.3288E+20   8.8922E+20   1.0135E+21   1.1148E+21   1.2014E+21   1.2958E+21   1.3307E+21   1.3847E+21   1.4374E+21   1.4866E+21   1.5377E+21   1.6031E+21
    5.2909E-02   6.4328E+19   8.9767E+19   1.4048E+20   2.4577E+20   3.3755E+20   4.2021E+20   5.2891E+20   6.7672E+20   7.9528E+20   9.6798E+20   1.1053E+21   1.2171E+21   1.3125E+21   1.4166E+21   1.4548E+21   1.5137E+21   1.5716E+21   1.6246E+21   1.6789E+21   1.7503E+21
    5.5411E-02   6.8933E+19   9.7349E+19   1.5348E+20   2.6813E+20   3.6728E+20   4.5656E+20   5.7426E+20   7.3515E+20   8.6478E+20   1.0547E+21   1.2059E+21   1.3290E+21   1.4338E+21   1.5482E+21   1.5901E+21   1.6541E+21   1.7175E+21   1.7746E+21   1.8321E+21   1.9100E+21
    5.8032E-02   7.5416E+19   1.0650E+20   1.6743E+20   2.9072E+20   3.9716E+20   4.9331E+20   6.2067E+20   7.9606E+20   9.3814E+20   1.1478E+21   1.3146E+21   1.4506E+21   1.5659E+21   1.6922E+21   1.7381E+21   1.8078E+21   1.8772E+21   1.9387E+21   1.9996E+21   2.0845E+21
    6.0776E-02   8.2500E+19   1.1652E+20   1.8267E+20   3.1530E+20   4.2957E+20   5.3306E+20   6.7079E+20   8.6181E+20   1.0174E+21   1.2486E+21   1.4328E+21   1.5830E+21   1.7099E+21   1.8490E+21   1.8993E+21   1.9751E+21   2.0510E+21   2.1174E+21   2.1817E+21   2.2742E+21
    6.3650E-02   9.0241E+19   1.2747E+20   1.9933E+20   3.4206E+20   4.6474E+20   5.7611E+20   7.2498E+20   9.3288E+20   1.1032E+21   1.3580E+21   1.5612E+21   1.7271E+21   1.8667E+21   2.0200E+21   2.0752E+21   2.1577E+21   2.2406E+21   2.3120E+21   2.3796E+21   2.4805E+21
    6.6660E-02   9.8696E+19   1.3945E+20   2.1755E+20   3.7121E+20   5.0293E+20   6.2276E+20   7.8359E+20   1.0097E+21   1.1959E+21   1.4768E+21   1.7007E+21   1.8840E+21   2.0377E+21   2.2065E+21   2.2671E+21   2.3567E+21   2.4471E+21   2.5239E+21   2.5949E+21   2.7048E+21
    6.9813E-02   1.0793E+20   1.5255E+20   2.3746E+20   4.0297E+20   5.4442E+20   6.7333E+20   8.4700E+20   1.0928E+21   1.2963E+21   1.6056E+21   1.8524E+21   2.0549E+21   2.2241E+21   2.4099E+21   2.4763E+21   2.5737E+21   2.6721E+21   2.7547E+21   2.8290E+21   2.9485E+21
    7.3114E-02   1.1801E+20   1.6688E+20   2.5922E+20   4.3758E+20   5.8950E+20   7.2816E+20   9.1563E+20   1.1826E+21   1.4049E+21   1.7452E+21   2.0172E+21   2.2409E+21   2.4273E+21   2.6316E+21   2.7045E+21   2.8103E+21   2.9173E+21   3.0060E+21   3.0835E+21   3.2134E+21
    7.6571E-02   1.2902E+20   1.8254E+20   2.8301E+20   4.7529E+20   6.3850E+20   7.8763E+20   9.8992E+20   1.2797E+21   1.5225E+21   1.8967E+21   2.1963E+21   2.4434E+21   2.6486E+21   2.8733E+21   2.9532E+21   3.0682E+21   3.1843E+21   3.2795E+21   3.3600E+21   3.5012E+21
    8.0193E-02   1.4103E+20   1.9966E+20   3.0901E+20   5.1640E+20   6.9177E+20   8.5216E+20   1.0704E+21   1.3848E+21   1.6496E+21   2.0610E+21   2.3908E+21   2.6638E+21   2.8897E+21   3.1366E+21   3.2242E+21   3.3492E+21   3.4750E+21   3.5770E+21   3.6603E+21   3.8136E+21
    8.3985E-02   1.5414E+20   2.1837E+20   3.3744E+20   5.6121E+20   7.4969E+20   9.2219E+20   1.1575E+21   1.4984E+21   1.7871E+21   2.2391E+21   2.6021E+21   2.9035E+21   3.1522E+21   3.4234E+21   3.5194E+21   3.6555E+21   3.7915E+21   3.9005E+21   3.9865E+21   4.1526E+21
    8.7956E-02   1.6843E+20   2.3881E+20   3.6850E+20   6.1007E+20   8.1270E+20   9.9822E+20   1.2519E+21   1.6214E+21   1.9360E+21   2.4321E+21   2.8315E+21   3.1642E+21   3.4381E+21   3.7358E+21   3.8410E+21   3.9890E+21   4.1359E+21   4.2523E+21   4.3405E+21   4.5205E+21
    9.2116E-02   1.8401E+20   2.6114E+20   4.0245E+20   6.6334E+20   8.8125E+20   1.0808E+21   1.3542E+21   1.7545E+21   2.0971E+21   2.6413E+21   3.0806E+21   3.4477E+21   3.7493E+21   4.0759E+21   4.1911E+21   4.3523E+21   4.5106E+21   4.6347E+21   4.7247E+21   4.9195E+21
    9.6472E-02   2.0100E+20   2.8554E+20   4.3956E+20   7.2144E+20   9.5584E+20   1.1705E+21   1.4652E+21   1.8986E+21   2.2714E+21   2.8681E+21   3.3509E+21   3.7559E+21   4.0879E+21   4.4461E+21   4.5722E+21   4.7478E+21   4.9181E+21   5.0502E+21   5.1413E+21   5.3519E+21
    1.0103E-01   2.1951E+20   3.1218E+20   4.8010E+20   7.8481E+20   1.0370E+21   1.2679E+21   1.5855E+21   2.0545E+21   2.4601E+21   3.1138E+21   3.6443E+21   4.0910E+21   4.4564E+21   4.8490E+21   4.9870E+21   5.1783E+21   5.3612E+21   5.5015E+21   5.5930E+21   5.8205E+21
    1.0581E-01   2.3967E+20   3.4126E+20   5.2440E+20   8.5392E+20   1.1254E+21   1.3738E+21   1.7159E+21   2.2234E+21   2.6643E+21   3.3801E+21   3.9628E+21   4.4551E+21   4.8571E+21   5.2873E+21   5.4382E+21   5.6468E+21   5.8429E+21   5.9916E+21   6.0826E+21   6.3280E+21
    1.1082E-01   2.6162E+20   3.7301E+20   5.7280E+20   9.2931E+20   1.2217E+21   1.4889E+21   1.8575E+21   2.4064E+21   2.8854E+21   3.6686E+21   4.3083E+21   4.8507E+21   5.2928E+21   5.7640E+21   5.9290E+21   6.1564E+21   6.3663E+21   6.5235E+21   6.6128E+21   6.8775E+21
    1.1606E-01   2.8551E+20   4.0765E+20   6.2566E+20   1.0116E+21   1.3265E+21   1.6141E+21   2.0112E+21   2.6046E+21   3.1248E+21   3.9812E+21   4.6831E+21   5.2804E+21   5.7664E+21   6.2823E+21   6.4626E+21   6.7106E+21   6.9350E+21   7.1008E+21   7.1869E+21   7.4719E+21
    1.2154E-01   3.1150E+20   4.4543E+20   6.8341E+20   1.1013E+21   1.4406E+21   1.7502E+21   2.1780E+21   2.8193E+21   3.3840E+21   4.3199E+21   5.0897E+21   5.7472E+21   6.2812E+21   6.8459E+21   7.0428E+21   7.3131E+21   7.5526E+21   7.7270E+21   7.8081E+21   8.1149E+21
    1.2729E-01   3.3977E+20   4.8664E+20   7.4647E+20   1.1992E+21   1.5649E+21   1.8983E+21   2.3592E+21   3.0521E+21   3.6648E+21   4.6868E+21   5.5308E+21   6.2541E+21   6.8405E+21   7.4583E+21   7.6733E+21   7.9679E+21   8.2232E+21   8.4060E+21   8.4799E+21   8.8098E+21
    1.3331E-01   3.7049E+20   5.3157E+20   8.1533E+20   1.3059E+21   1.7004E+21   2.0594E+21   2.5560E+21   3.3045E+21   3.9690E+21   5.0844E+21   6.0091E+21   6.8045E+21   7.4480E+21   8.1238E+21   8.3585E+21   8.6793E+21   8.9510E+21   9.1422E+21   9.2062E+21   9.5606E+21
    1.3962E-01   4.0385E+20   5.8053E+20   8.9051E+20   1.4224E+21   1.8480E+21   2.2347E+21   2.7698E+21   3.5782E+21   4.2986E+21   5.5152E+21   6.5278E+21   7.4020E+21   8.1078E+21   8.8466E+21   9.1028E+21   9.4519E+21   9.7408E+21   9.9399E+21   9.9909E+21   1.0371E+22
    1.4622E-01   4.4010E+20   6.3388E+20   9.7257E+20   1.5496E+21   2.0088E+21   2.4255E+21   3.0021E+21   3.8751E+21   4.6557E+21   5.9820E+21   7.0902E+21   8.0506E+21   8.8241E+21   9.6316E+21   9.9113E+21   1.0291E+22   1.0597E+22   1.0804E+22   1.0838E+22   1.1246E+22
    1.5313E-01   4.7944E+20   6.9198E+20   1.0621E+21   1.6882E+21   2.1841E+21   2.6332E+21   3.2546E+21   4.1971E+21   5.0428E+21   6.4877E+21   7.6999E+21   8.7545E+21   9.6017E+21   1.0484E+22   1.0789E+22   1.1201E+22   1.1526E+22   1.1740E+22   1.1753E+22   1.2189E+22
    1.6038E-01   5.2210E+20   7.5523E+20   1.1598E+21   1.8395E+21   2.3750E+21   2.8592E+21   3.5290E+21   4.5466E+21   5.4624E+21   7.0357E+21   8.3610E+21   9.5182E+21   1.0445E+22   1.1409E+22   1.1742E+22   1.2189E+22   1.2533E+22   1.2752E+22   1.2739E+22   1.3206E+22
    1.6796E-01   5.6834E+20   8.2406E+20   1.2664E+21   2.0045E+21   2.5832E+21   3.1053E+21   3.8275E+21   4.9260E+21   5.9174E+21   7.6295E+21   9.0776E+21   1.0347E+22   1.1361E+22   1.2412E+22   1.2776E+22   1.3261E+22   1.3625E+22   1.3848E+22   1.3802E+22   1.4302E+22
    1.7590E-01   6.1847E+20   8.9896E+20   1.3827E+21   2.1845E+21   2.8100E+21   3.3733E+21   4.1520E+21   5.3377E+21   6.4107E+21   8.2730E+21   9.8544E+21   1.1246E+22   1.2354E+22   1.3501E+22   1.3899E+22   1.4422E+22   1.4807E+22   1.5033E+22   1.4948E+22   1.5481E+22
    1.8422E-01   6.7274E+20   9.8039E+20   1.5095E+21   2.3809E+21   3.0573E+21   3.6651E+21   4.5050E+21   5.7849E+21   6.9459E+21   8.9704E+21   1.0696E+22   1.2221E+22   1.3430E+22   1.4682E+22   1.5116E+22   1.5681E+22   1.6086E+22   1.6313E+22   1.6181E+22   1.6749E+22
    1.9293E-01   7.3146E+20   1.0689E+21   1.6477E+21   2.5950E+21   3.3268E+21   3.9829E+21   4.8889E+21   6.2704E+21   7.5264E+21   9.7262E+21   1.1609E+22   1.3278E+22   1.4598E+22   1.5962E+22   1.6435E+22   1.7045E+22   1.7472E+22   1.7697E+22   1.7508E+22   1.8113E+22
    2.0206E-01   7.9494E+20   1.1650E+21   1.7982E+21   2.8285E+21   3.6205E+21   4.3290E+21   5.3066E+21   6.7978E+21   8.1563E+21   1.0545E+22   1.2598E+22   1.4425E+22   1.5863E+22   1.7349E+22   1.7866E+22   1.8522E+22   1.8970E+22   1.9191E+22   1.8935E+22   1.9578E+22
    2.1161E-01   8.6358E+20   1.2694E+21   1.9623E+21   3.0831E+21   3.9405E+21   4.7060E+21   5.7610E+21   7.3707E+21   8.8398E+21   1.1433E+22   1.3670E+22   1.5667E+22   1.7234E+22   1.8853E+22   1.9416E+22   2.0121E+22   2.0591E+22   2.0803E+22   2.0469E+22   2.1151E+22
    2.2162E-01   9.3772E+20   1.3827E+21   2.1410E+21   3.3608E+21   4.2894E+21   5.1165E+21   6.2554E+21   7.9931E+21   9.5816E+21   1.2396E+22   1.4831E+22   1.7014E+22   1.8718E+22   2.0481E+22   2.1095E+22   2.1851E+22   2.2343E+22   2.2543E+22   2.2116E+22   2.2839E+22
    2.3210E-01   1.0177E+21   1.5057E+21   2.3356E+21   3.6634E+21   4.6695E+21   5.5636E+21   6.7934E+21   8.6694E+21   1.0387E+22   1.3439E+22   1.6090E+22   1.8474E+22   2.0327E+22   2.2244E+22   2.2913E+22   2.3722E+22   2.4235E+22   2.4419E+22   2.3884E+22   2.4649E+22
    2.4307E-01   1.1040E+21   1.6389E+21   2.5473E+21   3.9933E+21   5.0838E+21   6.0506E+21   7.3788E+21   9.4044E+21   1.1261E+22   1.4570E+22   1.7454E+22   2.0056E+22   2.2068E+22   2.4152E+22   2.4880E+22   2.5745E+22   2.6278E+22   2.6440E+22   2.5780E+22   2.6588E+22
    2.5457E-01   1.1969E+21   1.7832E+21   2.7777E+21   4.3527E+21   5.5351E+21   6.5809E+21   8.0159E+21   1.0203E+22   1.2210E+22   1.5797E+22   1.8932E+22   2.1769E+22   2.3954E+22   2.6218E+22   2.7009E+22   2.7932E+22   2.8483E+22   2.8616E+22   2.7812E+22   2.8664E+22
    2.6661E-01   1.2968E+21   1.9395E+21   3.0282E+21   4.7443E+21   6.0268E+21   7.1584E+21   8.7092E+21   1.1071E+22   1.3240E+22   1.7126E+22   2.0533E+22   2.3624E+22   2.5994E+22   2.8452E+22   2.9311E+22   3.0293E+22   3.0861E+22   3.0959E+22   2.9988E+22   3.0886E+22
    2.7922E-01   1.4045E+21   2.1087E+21   3.3006E+21   5.1710E+21   6.5625E+21   7.7873E+21   9.4636E+21   1.2015E+22   1.4359E+22   1.8568E+22   2.2268E+22   2.5633E+22   2.8203E+22   3.0867E+22   3.1799E+22   3.2843E+22   3.3424E+22   3.3479E+22   3.2317E+22   3.3260E+22
    2.9242E-01   1.5202E+21   2.2917E+21   3.5966E+21   5.6356E+21   7.1459E+21   8.4722E+21   1.0285E+22   1.3040E+22   1.5573E+22   2.0131E+22   2.4147E+22   2.7807E+22   3.0592E+22   3.3478E+22   3.4487E+22   3.5594E+22   3.6185E+22   3.6187E+22   3.4808E+22   3.5797E+22
    3.0625E-01   1.6444E+21   2.4895E+21   3.9182E+21   6.1416E+21   7.7812E+21   9.2178E+21   1.1178E+22   1.4155E+22   1.6892E+22   2.1826E+22   2.6182E+22   3.0161E+22   3.3176E+22   3.6300E+22   3.7390E+22   3.8561E+22   3.9158E+22   3.9096E+22   3.7469E+22   3.8504E+22
    3.2073E-01   1.7776E+21   2.7031E+21   4.2673E+21   6.6922E+21   8.4730E+21   1.0029E+22   1.2150E+22   1.5366E+22   1.8325E+22   2.3663E+22   2.8387E+22   3.2707E+22   3.5970E+22   3.9347E+22   4.0524E+22   4.1759E+22   4.2355E+22   4.2219E+22   4.0311E+22   4.1391E+22
    3.3590E-01   1.9203E+21   2.9336E+21   4.6461E+21   7.2914E+21   9.2260E+21   1.0913E+22   1.3207E+22   1.6683E+22   1.9880E+22   2.5655E+22   3.0775E+22   3.5462E+22   3.8992E+22   4.2636E+22   4.3905E+22   4.5203E+22   4.5793E+22   4.5568E+22   4.3342E+22   4.4466E+22
    3.5178E-01   2.0729E+21   3.1820E+21   5.0568E+21   7.9432E+21   1.0045E+22   1.1874E+22   1.4357E+22   1.8114E+22   2.1568E+22   2.7815E+22   3.3360E+22   3.8441E+22   4.2257E+22   4.6186E+22   4.7549E+22   4.8911E+22   4.9487E+22   4.9157E+22   4.6573E+22   4.7740E+22
    3.6842E-01   2.2361E+21   3.4497E+21   5.5020E+21   8.6520E+21   1.0937E+22   1.2920E+22   1.5608E+22   1.9669E+22   2.3401E+22   3.0155E+22   3.6160E+22   4.1662E+22   4.5786E+22   5.0014E+22   5.1477E+22   5.2900E+22   5.3453E+22   5.3001E+22   5.0013E+22   5.1222E+22
    3.8584E-01   2.4102E+21   3.7378E+21   5.9843E+21   9.4224E+21   1.1907E+22   1.4058E+22   1.6968E+22   2.1358E+22   2.5391E+22   3.2692E+22   3.9190E+22   4.5143E+22   4.9598E+22   5.4141E+22   5.5706E+22   5.7188E+22   5.7708E+22   5.7113E+22   5.3673E+22   5.4921E+22
    4.0409E-01   2.5961E+21   4.0479E+21   6.5067E+21   1.0260E+22   1.2961E+22   1.5295E+22   1.8447E+22   2.3194E+22   2.7551E+22   3.5441E+22   4.2469E+22   4.8905E+22   5.3713E+22   5.8588E+22   6.0257E+22   6.1795E+22   6.2269E+22   6.1510E+22   5.7563E+22   5.8847E+22
    4.2320E-01   2.7944E+21   4.3814E+21   7.0722E+21   1.1169E+22   1.4108E+22   1.6641E+22   2.0055E+22   2.5187E+22   2.9896E+22   3.8420E+22   4.6017E+22   5.2968E+22   5.8156E+22   6.3377E+22   6.5151E+22   6.6740E+22   6.7156E+22   6.6206E+22   6.1693E+22   6.3009E+22
    4.4321E-01   3.0052E+21   4.7394E+21   7.6836E+21   1.2157E+22   1.5354E+22   1.8103E+22   2.1801E+22   2.7352E+22   3.2439E+22   4.1647E+22   4.9854E+22   5.7355E+22   6.2949E+22   6.8531E+22   7.0411E+22   7.2044E+22   7.2387E+22   7.1217E+22   6.6074E+22   6.7417E+22
    4.6417E-01   3.2291E+21   5.1233E+21   8.3443E+21   1.3228E+22   1.6707E+22   1.9691E+22   2.3699E+22   2.9703E+22   3.5199E+22   4.5142E+22   5.4005E+22   6.2090E+22   6.8118E+22   7.4075E+22   7.6060E+22   7.7730E+22   7.7982E+22   7.6560E+22   7.0717E+22   7.2079E+22
    4.8612E-01   3.4664E+21   5.5344E+21   9.0576E+21   1.4390E+22   1.8176E+22   2.1417E+22   2.5760E+22   3.2254E+22   3.8191E+22   4.8926E+22   5.8491E+22   6.7199E+22   7.3688E+22   8.0034E+22   8.2120E+22   8.3820E+22   8.3962E+22   8.2251E+22   7.5631E+22   7.7006E+22
    5.0911E-01   3.7177E+21   5.9744E+21   9.8271E+21   1.5650E+22   1.9770E+22   2.3289E+22   2.7997E+22   3.5022E+22   4.1436E+22   5.3022E+22   6.3339E+22   7.2709E+22   7.9689E+22   8.6435E+22   8.8619E+22   9.0336E+22   9.0348E+22   8.8307E+22   8.0827E+22   8.2205E+22
    5.3318E-01   3.9832E+21   6.4444E+21   1.0657E+22   1.7015E+22   2.1500E+22   2.5322E+22   3.0424E+22   3.8024E+22   4.4952E+22   5.7454E+22   6.8576E+22   7.8648E+22   8.6150E+22   9.3306E+22   9.5581E+22   9.7304E+22   9.7161E+22   9.4744E+22   8.6315E+22   8.7687E+22
    5.5840E-01   4.2632E+21   6.9461E+21   1.1550E+22   1.8492E+22   2.3374E+22   2.7525E+22   3.3057E+22   4.1278E+22   4.8761E+22   6.2248E+22   7.4230E+22   8.5046E+22   9.3100E+22   1.0068E+23   1.0303E+23   1.0475E+23   1.0442E+23   1.0158E+23   9.2106E+22   9.3459E+22
    5.8480E-01   4.5580E+21   7.4807E+21   1.2511E+22   2.0090E+22   2.5405E+22   2.9914E+22   3.5911E+22   4.4805E+22   5.2887E+22   6.7431E+22   8.0331E+22   9.1936E+22   1.0057E+23   1.0857E+23   1.1100E+23   1.1269E+23   1.1216E+23   1.0883E+23   9.8210E+22   9.9529E+22
    6.1246E-01   4.8678E+21   8.0496E+21   1.3544E+22   2.1818E+22   2.7604E+22   3.2502E+22   3.9004E+22   4.8625E+22   5.7352E+22   7.3031E+22   8.6912E+22   9.9349E+22   1.0860E+23   1.1703E+23   1.1952E+23   1.2116E+23   1.2038E+23   1.1651E+23   1.0464E+23   1.0591E+23
    6.4142E-01   5.1926E+21   8.6541E+21   1.4653E+22   2.3684E+22   2.9982E+22   3.5303E+22   4.2352E+22   5.2760E+22   6.2182E+22   7.9080E+22   9.4005E+22   1.0732E+23   1.1721E+23   1.2608E+23   1.2861E+23   1.3018E+23   1.2913E+23   1.2465E+23   1.1140E+23   1.1260E+23
    6.7175E-01   5.5328E+21   9.2958E+21   1.5842E+22   2.5698E+22   3.2554E+22   3.8333E+22   4.5975E+22   5.7233E+22   6.7403E+22   8.5608E+22   1.0165E+23   1.1589E+23   1.2645E+23   1.3575E+23   1.3831E+23   1.3978E+23   1.3841E+23   1.3324E+23   1.1850E+23   1.1962E+23
    7.0352E-01   5.8886E+21   9.9762E+21   1.7118E+22   2.7870E+22   3.5332E+22   4.1609E+22   4.9893E+22   6.2068E+22   7.3045E+22   9.2649E+22   1.0987E+23   1.2509E+23   1.3636E+23   1.4608E+23   1.4864E+23   1.4999E+23   1.4825E+23   1.4233E+23   1.2595E+23   1.2696E+23
    7.3679E-01   6.2591E+21   1.0695E+22   1.8482E+22   3.0210E+22   3.8330E+22   4.5147E+22   5.4127E+22   6.7292E+22   7.9136E+22   1.0024E+23   1.1872E+23   1.3495E+23   1.4695E+23   1.5709E+23   1.5963E+23   1.6083E+23   1.5868E+23   1.5190E+23   1.3377E+23   1.3465E+23
    7.7163E-01   6.6439E+21   1.1454E+22   1.9939E+22   3.2728E+22   4.1563E+22   4.8965E+22   5.8696E+22   7.2930E+22   8.5705E+22   1.0841E+23   1.2822E+23   1.4553E+23   1.5828E+23   1.6883E+23   1.7132E+23   1.7232E+23   1.6971E+23   1.6200E+23   1.4196E+23   1.4269E+23
    8.0812E-01   7.0423E+21   1.2253E+22   2.1493E+22   3.5433E+22   4.5044E+22   5.3080E+22   6.3624E+22   7.9010E+22   9.2786E+22   1.1720E+23   1.3842E+23   1.5686E+23   1.7039E+23   1.8133E+23   1.8374E+23   1.8450E+23   1.8137E+23   1.7262E+23   1.5054E+23   1.5108E+23
    8.4634E-01   7.4534E+21   1.3092E+22   2.3147E+22   3.8337E+22   4.8789E+22   5.7511E+22   6.8934E+22   8.5560E+22   1.0041E+23   1.2665E+23   1.4937E+23   1.6898E+23   1.8330E+23   1.9461E+23   1.9692E+23   1.9739E+23   1.9367E+23   1.8379E+23   1.5951E+23   1.5984E+23
    8.8636E-01   7.8763E+21   1.3972E+22   2.4906E+22   4.1450E+22   5.2812E+22   6.2277E+22   7.4647E+22   9.2608E+22   1.0861E+23   1.3680E+23   1.6109E+23   1.8192E+23   1.9707E+23   2.0872E+23   2.1088E+23   2.1102E+23   2.0665E+23   1.9552E+23   1.6889E+23   1.6899E+23
    9.2828E-01   8.3098E+21   1.4891E+22   2.6772E+22   4.4781E+22   5.7129E+22   6.7395E+22   8.0788E+22   1.0018E+23   1.1742E+23   1.4768E+23   1.7364E+23   1.9574E+23   2.1171E+23   2.2368E+23   2.2565E+23   2.2540E+23   2.2031E+23   2.0782E+23   1.7870E+23   1.7853E+23
    9.7218E-01   8.7533E+21   1.5851E+22   2.8749E+22   4.8342E+22   6.1755E+22   7.2887E+22   8.7381E+22   1.0832E+23   1.2687E+23   1.5933E+23   1.8704E+23   2.1046E+23   2.2728E+23   2.3953E+23   2.4127E+23   2.4056E+23   2.3467E+23   2.2071E+23   1.8895E+23   1.8848E+23
    1.0182E+00   9.2039E+21   1.6848E+22   3.0838E+22   5.2140E+22   6.6703E+22   7.8769E+22   9.4448E+22   1.1704E+23   1.3700E+23   1.7180E+23   2.0135E+23   2.2614E+23   2.4381E+23   2.5629E+23   2.5776E+23   2.5654E+23   2.4976E+23   2.3422E+23   1.9965E+23   1.9885E+23
    1.0663E+00   9.6596E+21   1.7880E+22   3.3040E+22   5.6183E+22   7.1987E+22   8.5059E+22   1.0201E+23   1.2637E+23   1.4783E+23   1.8512E+23   2.1659E+23   2.4280E+23   2.6132E+23   2.7400E+23   2.7515E+23   2.7333E+23   2.6560E+23   2.4835E+23   2.1084E+23   2.0967E+23
    1.1167E+00   1.0118E+22   1.8946E+22   3.5354E+22   6.0480E+22   7.7619E+22   9.1773E+22   1.1009E+23   1.3635E+23   1.5941E+23   1.9932E+23   2.3282E+23   2.6048E+23   2.7986E+23   2.9267E+23   2.9346E+23   2.9098E+23   2.8220E+23   2.6312E+23   2.2253E+23   2.2097E+23
    1.1695E+00   1.0576E+22   2.0041E+22   3.7780E+22   6.5035E+22   8.3611E+22   9.8926E+22   1.1871E+23   1.4699E+23   1.7175E+23   2.1444E+23   2.5005E+23   2.7921E+23   2.9945E+23   3.1234E+23   3.1271E+23   3.0949E+23   2.9958E+23   2.7856E+23   2.3475E+23   2.3276E+23
    1.2248E+00   1.1030E+22   2.1163E+22   4.0316E+22   6.9852E+22   8.9971E+22   1.0653E+23   1.2789E+23   1.5832E+23   1.8490E+23   2.3051E+23   2.6833E+23   2.9903E+23   3.2011E+23   3.3303E+23   3.3293E+23   3.2890E+23   3.1776E+23   2.9469E+23   2.4753E+23   2.4507E+23
    1.2828E+00   1.1478E+22   2.2304E+22   4.2958E+22   7.4935E+22   9.6706E+22   1.1460E+23   1.3763E+23   1.7037E+23   1.9886E+23   2.4756E+23   2.8767E+23   3.1996E+23   3.4188E+23   3.5476E+23   3.5414E+23   3.4921E+23   3.3677E+23   3.1154E+23   2.6091E+23   2.5796E+23
    1.3434E+00   1.1915E+22   2.3461E+22   4.5700E+22   8.0283E+22   1.0382E+23   1.2314E+23   1.4796E+23   1.8315E+23   2.1367E+23   2.6561E+23   3.0812E+23   3.4203E+23   3.6477E+23   3.7754E+23   3.7635E+23   3.7045E+23   3.5662E+23   3.2912E+23   2.7492E+23   2.7144E+23
    1.4070E+00   1.2337E+22   2.4627E+22   4.8536E+22   8.5893E+22   1.1132E+23   1.3216E+23   1.5889E+23   1.9667E+23   2.2933E+23   2.8468E+23   3.2968E+23   3.6525E+23   3.8879E+23   4.0140E+23   3.9958E+23   3.9264E+23   3.7734E+23   3.4749E+23   2.8963E+23   2.8558E+23
    1.4735E+00   1.2741E+22   2.5794E+22   5.1458E+22   9.1761E+22   1.1920E+23   1.4166E+23   1.7041E+23   2.1094E+23   2.4587E+23   3.0479E+23   3.5237E+23   3.8964E+23   4.1397E+23   4.2634E+23   4.2386E+23   4.1581E+23   3.9896E+23   3.6667E+23   3.0506E+23   3.0041E+23
    1.5432E+00   1.3122E+22   2.6955E+22   5.4452E+22   9.7876E+22   1.2745E+23   1.5163E+23   1.8253E+23   2.2597E+23   2.6329E+23   3.2595E+23   3.7621E+23   4.1520E+23   4.4032E+23   4.5239E+23   4.4919E+23   4.3997E+23   4.2152E+23   3.8671E+23   3.2129E+23   3.1601E+23
    1.6162E+00   1.3473E+22   2.8098E+22   5.7506E+22   1.0423E+23   1.3606E+23   1.6207E+23   1.9524E+23   2.4176E+23   2.8158E+23   3.4816E+23   4.0118E+23   4.4195E+23   4.6784E+23   4.7955E+23   4.7561E+23   4.6517E+23   4.4504E+23   4.0767E+23   3.3838E+23   3.3244E+23
    1.6926E+00   1.3791E+22   2.9213E+22   6.0601E+22   1.1079E+23   1.4502E+23   1.7296E+23   2.0854E+23   2.5829E+23   3.0075E+23   3.7141E+23   4.2731E+23   4.6989E+23   4.9653E+23   5.0785E+23   5.0314E+23   4.9142E+23   4.6958E+23   4.2959E+23   3.5641E+23   3.4976E+23
    1.7726E+00   1.4070E+22   3.0288E+22   6.3720E+22   1.1755E+23   1.5431E+23   1.8428E+23   2.2239E+23   2.7555E+23   3.2077E+23   3.9569E+23   4.5456E+23   4.9900E+23   5.2641E+23   5.3729E+23   5.3180E+23   5.1877E+23   4.9518E+23   4.5255E+23   3.7544E+23   3.6807E+23
    1.8564E+00   1.4305E+22   3.1312E+22   6.6840E+22   1.2448E+23   1.6389E+23   1.9601E+23   2.3679E+23   2.9352E+23   3.4163E+23   4.2099E+23   4.8294E+23   5.2929E+23   5.5748E+23   5.6790E+23   5.6161E+23   5.4727E+23   5.2190E+23   4.7662E+23   3.9559E+23   3.8745E+23
    1.9442E+00   1.4490E+22   3.2272E+22   6.9938E+22   1.3154E+23   1.7374E+23   2.0811E+23   2.5168E+23   3.1216E+23   3.6330E+23   4.4728E+23   5.1242E+23   5.6075E+23   5.8974E+23   5.9970E+23   5.9262E+23   5.7696E+23   5.4980E+23   5.0188E+23   4.1693E+23   4.0800E+23
    2.0362E+00   1.4622E+22   3.3154E+22   7.2986E+22   1.3870E+23   1.8381E+23   2.2054E+23   2.6705E+23   3.3145E+23   3.8574E+23   4.7453E+23   5.4298E+23   5.9335E+23   6.2319E+23   6.3272E+23   6.2487E+23   6.0789E+23   5.7896E+23   5.2841E+23   4.3958E+23   4.2983E+23
    2.1325E+00   1.4696E+22   3.3945E+22   7.5956E+22   1.4591E+23   1.9407E+23   2.3325E+23   2.8283E+23   3.5132E+23   4.0890E+23   5.0270E+23   5.7459E+23   6.2710E+23   6.5785E+23   6.6699E+23   6.5840E+23   6.4015E+23   6.0946E+23   5.5633E+23   4.6366E+23   4.5305E+23
    2.2333E+00   1.4707E+22   3.4631E+22   7.8818E+22   1.5314E+23   2.0445E+23   2.4620E+23   2.9897E+23   3.7172E+23   4.3273E+23   5.3174E+23   6.0722E+23   6.6197E+23   6.9372E+23   7.0254E+23   6.9327E+23   6.7379E+23   6.4139E+23   5.8573E+23   4.8929E+23   4.7779E+23
    2.3389E+00   1.4654E+22   3.5199E+22   8.1538E+22   1.6032E+23   2.1489E+23   2.5931E+23   3.1540E+23   3.9261E+23   4.5718E+23   5.6162E+23   6.4083E+23   6.9795E+23   7.3082E+23   7.3942E+23   7.2954E+23   7.0891E+23   6.7485E+23   6.1675E+23   5.1660E+23   5.0418E+23
    2.4495E+00   1.4533E+22   3.5636E+22   8.4084E+22   1.6741E+23   2.2535E+23   2.7253E+23   3.3207E+23   4.1389E+23   4.8217E+23   5.9226E+23   6.7540E+23   7.3503E+23   7.6918E+23   7.7769E+23   7.6728E+23   7.4559E+23   7.0995E+23   6.4950E+23   5.4574E+23   5.3238E+23
    2.5654E+00   1.4343E+22   3.5931E+22   8.6423E+22   1.7434E+23   2.3574E+23   2.8577E+23   3.4890E+23   4.3551E+23   5.0765E+23   6.2364E+23   7.1089E+23   7.7322E+23   8.0881E+23   8.1740E+23   8.0658E+23   7.8394E+23   7.4681E+23   6.8412E+23   5.7686E+23   5.6253E+23
    2.6867E+00   1.4084E+22   3.6074E+22   8.8520E+22   1.8105E+23   2.4600E+23   2.9897E+23   3.6580E+23   4.5739E+23   5.3353E+23   6.5567E+23   7.4728E+23   8.1250E+23   8.4975E+23   8.5862E+23   8.4751E+23   8.2406E+23   7.8555E+23   7.2076E+23   6.1012E+23   5.9479E+23
    2.8137E+00   1.3756E+22   3.6055E+22   9.0342E+22   1.8748E+23   2.5605E+23   3.1204E+23   3.8268E+23   4.7943E+23   5.5975E+23   6.8832E+23   7.8452E+23   8.5288E+23   8.9204E+23   9.0143E+23   8.9019E+23   8.6607E+23   8.2631E+23   7.5956E+23   6.4567E+23   6.2933E+23
    2.9468E+00   1.3361E+22   3.5868E+22   9.1857E+22   1.9357E+23   2.6581E+23   3.2490E+23   3.9947E+23   5.0156E+23   5.8621E+23   7.2152E+23   8.2260E+23   8.9437E+23   9.3573E+23   9.4591E+23   9.3470E+23   9.1010E+23   8.6923E+23   8.0068E+23   6.8370E+23   6.6632E+23
    3.0862E+00   1.2902E+22   3.5509E+22   9.3037E+22   1.9924E+23   2.7520E+23   3.3745E+23   4.1608E+23   5.2369E+23   6.1285E+23   7.5523E+23   8.6149E+23   9.3698E+23   9.8085E+23   9.9214E+23   9.8114E+23   9.5626E+23   9.1443E+23   8.4428E+23   7.2437E+23   7.0594E+23
    3.2321E+00   1.2384E+22   3.4976E+22   9.3856E+22   2.0445E+23   2.8414E+23   3.4962E+23   4.3241E+23   5.4574E+23   6.3959E+23   7.8938E+23   9.0118E+23   9.8072E+23   1.0275E+24   1.0402E+24   1.0296E+24   1.0047E+24   9.6208E+23   8.9051E+23   7.6786E+23   7.4837E+23
    3.3849E+00   1.1812E+22   3.4271E+22   9.4292E+22   2.0913E+23   2.9257E+23   3.6132E+23   4.4837E+23   5.6761E+23   6.6635E+23   8.2394E+23   9.4163E+23   1.0256E+24   1.0756E+24   1.0902E+24   1.0803E+24   1.0555E+24   1.0123E+24   9.3953E+23   8.1433E+23   7.9378E+23
    3.5450E+00   1.1193E+22   3.3398E+22   9.4327E+22   2.1321E+23   3.0039E+23   3.7246E+23   4.6387E+23   5.8921E+23   6.9305E+23   8.5883E+23   9.8283E+23   1.0716E+24   1.1254E+24   1.1422E+24   1.1332E+24   1.1088E+24   1.0652E+24   9.9147E+23   8.6395E+23   8.4235E+23
    3.7127E+00   1.0535E+22   3.2364E+22   9.3951E+22   2.1666E+23   3.0755E+23   3.8296E+23   4.7882E+23   6.1046E+23   7.1960E+23   8.9400E+23   1.0247E+24   1.1188E+24   1.1768E+24   1.1962E+24   1.1884E+24   1.1647E+24   1.1209E+24   1.0465E+24   9.1687E+23   8.9425E+23
    3.8882E+00   9.8456E+21   3.1179E+22   9.3154E+22   2.1942E+23   3.1396E+23   3.9274E+23   4.9313E+23   6.3126E+23   7.4592E+23   9.2938E+23   1.0673E+24   1.1671E+24   1.2298E+24   1.2523E+24   1.2460E+24   1.2232E+24   1.1796E+24   1.1047E+24   9.7324E+23   9.4962E+23
    4.0721E+00   9.1343E+21   2.9857E+22   9.1936E+22   2.2145E+23   3.1956E+23   4.0170E+23   5.0669E+23   6.5150E+23   7.7189E+23   9.6488E+23   1.1105E+24   1.2165E+24   1.2844E+24   1.3106E+24   1.3060E+24   1.2845E+24   1.2412E+24   1.1662E+24   1.0332E+24   1.0086E+24
    4.2647E+00   8.4101E+21   2.8413E+22   9.0300E+22   2.2270E+23   3.2428E+23   4.0977E+23   5.1941E+23   6.7106E+23   7.9740E+23   1.0004E+24   1.1542E+24   1.2669E+24   1.3406E+24   1.3710E+24   1.3685E+24   1.3486E+24   1.3059E+24   1.2310E+24   1.0968E+24   1.0714E+24
    4.4664E+00   7.6822E+21   2.6863E+22   8.8254E+22   2.2314E+23   3.2804E+23   4.1685E+23   5.3117E+23   6.8982E+23   8.2232E+23   1.0358E+24   1.1983E+24   1.3183E+24   1.3984E+24   1.4335E+24   1.4334E+24   1.4155E+24   1.3737E+24   1.2992E+24   1.1641E+24   1.1379E+24
    4.6776E+00   6.9597E+21   2.5227E+22   8.5811E+22   2.2273E+23   3.3079E+23   4.2283E+23   5.4184E+23   7.0763E+23   8.4648E+23   1.0709E+24   1.2427E+24   1.3705E+24   1.4576E+24   1.4981E+24   1.5007E+24   1.4850E+24   1.4445E+24   1.3708E+24   1.2352E+24   1.2084E+24
    4.8988E+00   6.2511E+21   2.3524E+22   8.2988E+22   2.2144E+23   3.3243E+23   4.2762E+23   5.5129E+23   7.2430E+23   8.6969E+23   1.1056E+24   1.2872E+24   1.4233E+24   1.5181E+24   1.5644E+24   1.5703E+24   1.5572E+24   1.5182E+24   1.4457E+24   1.3101E+24   1.2827E+24
    5.1304E+00   5.5642E+21   2.1775E+22   7.9806E+22   2.1924E+23   3.3290E+23   4.3110E+23   5.5935E+23   7.3964E+23   8.9173E+23   1.1395E+24   1.3314E+24   1.4765E+24   1.5795E+24   1.6325E+24   1.6418E+24   1.6318E+24   1.5948E+24   1.5239E+24   1.3886E+24   1.3609E+24
    5.3730E+00   4.9060E+21   1.9999E+22   7.6290E+22   2.1611E+23   3.3211E+23   4.3315E+23   5.6586E+23   7.5342E+23   9.1232E+23   1.1724E+24   1.3751E+24   1.5298E+24   1.6417E+24   1.7019E+24   1.7152E+24   1.7085E+24   1.6739E+24   1.6050E+24   1.4706E+24   1.4429E+24
    5.6271E+00   4.2826E+21   1.8218E+22   7.2470E+22   2.1201E+23   3.2998E+23   4.3364E+23   5.7062E+23   7.6538E+23   9.3116E+23   1.2039E+24   1.4179E+24   1.5827E+24   1.7043E+24   1.7724E+24   1.7900E+24   1.7872E+24   1.7553E+24   1.6889E+24   1.5560E+24   1.5284E+24
    5.8932E+00   3.6988E+21   1.6451E+22   6.8378E+22   2.0694E+23   3.2644E+23   4.3242E+23   5.7343E+23   7.7523E+23   9.4791E+23   1.2336E+24   1.4594E+24   1.6349E+24   1.7667E+24   1.8434E+24   1.8658E+24   1.8672E+24   1.8386E+24   1.7752E+24   1.6444E+24   1.6174E+24
    6.1719E+00   3.1587E+21   1.4718E+22   6.4050E+22   2.0088E+23   3.2141E+23   4.2938E+23   5.7408E+23   7.8266E+23   9.6219E+23   1.2610E+24   1.4991E+24   1.6857E+24   1.8285E+24   1.9145E+24   1.9421E+24   1.9483E+24   1.9233E+24   1.8635E+24   1.7355E+24   1.7093E+24
    6.4638E+00   2.6649E+21   1.3036E+22   5.9529E+22   1.9384E+23   3.1483E+23   4.2437E+23   5.7236E+23   7.8734E+23   9.7357E+23   1.2856E+24   1.5363E+24   1.7346E+24   1.8889E+24   1.9850E+24   2.0182E+24   2.0296E+24   2.0089E+24   1.9532E+24   1.8287E+24   1.8039E+24
    6.7695E+00   2.2192E+21   1.1423E+22   5.4862E+22   1.8583E+23   3.0664E+23   4.1729E+23   5.6806E+23   7.8895E+23   9.8163E+23   1.3069E+24   1.5703E+24   1.7808E+24   1.9473E+24   2.0541E+24   2.0935E+24   2.1105E+24   2.0945E+24   2.0436E+24   1.9236E+24   1.9006E+24
    7.0896E+00   1.8223E+21   9.8932E+21   5.0100E+22   1.7691E+23   2.9685E+23   4.0805E+23   5.6100E+23   7.8714E+23   9.8593E+23   1.3241E+24   1.6005E+24   1.8236E+24   2.0027E+24   2.1211E+24   2.1670E+24   2.1902E+24   2.1795E+24   2.1340E+24   2.0193E+24   1.9987E+24
    7.4249E+00   1.4739E+21   8.4618E+21   4.5301E+22   1.6712E+23   2.8544E+23   3.9660E+23   5.5101E+23   7.8161E+23   9.8602E+23   1.3367E+24   1.6262E+24   1.8620E+24   2.0544E+24   2.1850E+24   2.2379E+24   2.2676E+24   2.2629E+24   2.2236E+24   2.1152E+24   2.0976E+24
    7.7760E+00   1.1728E+21   7.1401E+21   4.0526E+22   1.5657E+23   2.7248E+23   3.8292E+23   5.3798E+23   7.7210E+23   9.8150E+23   1.3441E+24   1.6464E+24   1.8952E+24   2.1013E+24   2.2447E+24   2.3050E+24   2.3418E+24   2.3437E+24   2.3112E+24   2.2102E+24   2.1963E+24
    8.1437E+00   9.1691E+20   5.9376E+21   3.5837E+22   1.4537E+23   2.5806E+23   3.6706E+23   5.2187E+23   7.5837E+23   9.7198E+23   1.3455E+24   1.6603E+24   1.9222E+24   2.1422E+24   2.2992E+24   2.3672E+24   2.4116E+24   2.4207E+24   2.3959E+24   2.3033E+24   2.2938E+24
    8.5288E+00   7.0337E+20   4.8605E+21   3.1299E+22   1.3366E+23   2.4232E+23   3.4912E+23   5.0269E+23   7.4028E+23   9.5717E+23   1.3405E+24   1.6673E+24   1.9421E+24   2.1762E+24   2.3472E+24   2.4233E+24   2.4757E+24   2.4927E+24   2.4763E+24   2.3933E+24   2.3891E+24
    8.9322E+00   5.2866E+20   3.9121E+21   2.6972E+22   1.2162E+23   2.2546E+23   3.2926E+23   4.8054E+23   7.1779E+23   9.3685E+23   1.3285E+24   1.6664E+24   1.9538E+24   2.2021E+24   2.3876E+24   2.4721E+24   2.5329E+24   2.5584E+24   2.5511E+24   2.4790E+24   2.4808E+24
    9.3546E+00   3.8872E+20   3.0923E+21   2.2912E+22   1.0942E+23   2.0769E+23   3.0773E+23   4.5561E+23   6.9095E+23   9.1092E+23   1.3091E+24   1.6571E+24   1.9566E+24   2.2188E+24   2.4190E+24   2.5122E+24   2.5817E+24   2.6163E+24   2.6191E+24   2.5590E+24   2.5678E+24
    9.7969E+00   2.7919E+20   2.3974E+21   1.9167E+22   9.7261E+22   1.8930E+23   2.8481E+23   4.2817E+23   6.5991E+23   8.7942E+23   1.2820E+24   1.6388E+24   1.9495E+24   2.2252E+24   2.4404E+24   2.5424E+24   2.6209E+24   2.6652E+24   2.6787E+24   2.6319E+24   2.6485E+24
    1.0260E+01   1.9556E+20   1.8207E+21   1.5774E+22   8.5351E+22   1.7058E+23   2.6086E+23   3.9859E+23   6.2499E+23   8.4250E+23   1.2472E+24   1.6110E+24   1.9319E+24   2.2205E+24   2.4505E+24   2.5613E+24   2.6491E+24   2.7035E+24   2.7285E+24   2.6962E+24   2.7215E+24
    1.0745E+01   1.3336E+20   1.3526E+21   1.2758E+22   7.3880E+22   1.5186E+23   2.3628E+23   3.6731E+23   5.8661E+23   8.0050E+23   1.2046E+24   1.5734E+24   1.9032E+24   2.2037E+24   2.4482E+24   2.5678E+24   2.6649E+24   2.7300E+24   2.7670E+24   2.7503E+24   2.7852E+24
    1.1254E+01   8.8398E+19   9.8172E+20   1.0130E+22   6.3026E+22   1.3346E+23   2.1149E+23   3.3484E+23   5.4529E+23   7.5391E+23   1.1545E+24   1.5262E+24   1.8630E+24   2.1743E+24   2.4328E+24   2.5609E+24   2.6673E+24   2.7433E+24   2.7929E+24   2.7929E+24   2.8382E+24
    1.1786E+01   5.6851E+19   6.9512E+20   7.8881E+21   5.2943E+22   1.1569E+23   1.8692E+23   3.0176E+23   5.0171E+23   7.0336E+23   1.0974E+24   1.4693E+24   1.8114E+24   2.1319E+24   2.4034E+24   2.5397E+24   2.6552E+24   2.7422E+24   2.8049E+24   2.8224E+24   2.8789E+24
    1.2343E+01   3.5411E+19   4.7948E+20   6.0166E+21   4.3753E+22   9.8845E+22   1.6302E+23   2.6864E+23   4.5659E+23   6.4964E+23   1.0339E+24   1.4034E+24   1.7484E+24   2.0762E+24   2.3596E+24   2.5035E+24   2.6278E+24   2.7259E+24   2.8018E+24   2.8376E+24   2.9058E+24
    1.2927E+01   2.1322E+19   3.2172E+20   4.4901E+21   3.5539E+22   8.3164E+22   1.4017E+23   2.3607E+23   4.1072E+23   5.9364E+23   9.6505E+23   1.3291E+24   1.6745E+24   2.0075E+24   2.3012E+24   2.4520E+24   2.5845E+24   2.6935E+24   2.7827E+24   2.8372E+24   2.9178E+24
    1.3538E+01   1.2387E+19   2.0966E+20   3.2747E+21   2.8346E+22   6.8844E+22   1.1873E+23   2.0463E+23   3.6495E+23   5.3635E+23   8.9178E+23   1.2474E+24   1.5905E+24   1.9262E+24   2.2283E+24   2.3851E+24   2.5252E+24   2.6447E+24   2.7469E+24   2.8204E+24   2.9136E+24
    1.4178E+01   6.9290E+18   1.3249E+20   2.3312E+21   2.2179E+22   5.6023E+22   9.8989E+22   1.7483E+23   3.2007E+23   4.7880E+23   8.1537E+23   1.1595E+24   1.4974E+24   1.8331E+24   2.1415E+24   2.3031E+24   2.4500E+24   2.5792E+24   2.6940E+24   2.7864E+24   2.8923E+24
    1.4849E+01   3.7240E+18   8.1055E+19   1.6177E+21   1.7007E+22   4.4775E+22   8.1168E+22   1.4710E+23   2.7687E+23   4.2201E+23   7.3715E+23   1.0668E+24   1.3966E+24   1.7294E+24   2.0416E+24   2.2068E+24   2.3592E+24   2.4974E+24   2.6241E+24   2.7349E+24   2.8534E+24
    1.5551E+01   1.9187E+18   4.7923E+19   1.0929E+21   1.2766E+22   3.5112E+22   6.5396E+22   1.2179E+23   2.3605E+23   3.6699E+23   6.5854E+23   9.7100E+23   1.2897E+24   1.6166E+24   1.9297E+24   2.0971E+24   2.2538E+24   2.3998E+24   2.5374E+24   2.6659E+24   2.7965E+24
    1.6286E+01   9.4551E+17   2.7333E+19   7.1780E+20   9.3710E+21   2.6990E+22   5.1724E+22   9.9134E+22   1.9818E+23   3.1464E+23   5.8093E+23   8.7370E+23   1.1785E+24   1.4964E+24   1.8076E+24   1.9755E+24   2.1350E+24   2.2875E+24   2.4347E+24   2.5796E+24   2.7216E+24
    1.7057E+01   4.4451E+17   1.5010E+19   4.5767E+20   6.7190E+21   2.0316E+22   4.0122E+22   7.9263E+22   1.6371E+23   2.6575E+23   5.0569E+23   7.7667E+23   1.0649E+24   1.3708E+24   1.6770E+24   1.8438E+24   2.0046E+24   2.1619E+24   2.3172E+24   2.4769E+24   2.6294E+24
    1.7863E+01   1.9884E+17   7.9205E+18   2.8286E+20   4.7001E+21   1.4958E+22   3.0492E+22   6.2195E+22   1.3296E+23   2.2094E+23   4.3405E+23   6.8162E+23   9.5090E+23   1.2422E+24   1.5401E+24   1.7041E+24   1.8644E+24   2.0248E+24   2.1865E+24   2.3590E+24   2.5206E+24
    1.8708E+01   8.4395E+16   4.0077E+18   1.6919E+20   3.2037E+21   1.0762E+22   2.2682E+22   4.7846E+22   1.0607E+23   1.8065E+23   3.6707E+23   5.9017E+23   8.3862E+23   1.1126E+24   1.3993E+24   1.5588E+24   1.7169E+24   1.8784E+24   2.0443E+24   2.2274E+24   2.3965E+24
    1.9593E+01   3.3886E+16   1.9401E+18   9.7777E+19   2.1251E+21   7.5561E+21   1.6496E+22   3.6052E+22   8.3036E+22   1.4515E+23   3.0562E+23   5.0375E+23   7.2993E+23   9.8440E+23   1.2570E+24   1.4104E+24   1.5645E+24   1.7251E+24   1.8932E+24   2.0841E+24   2.2589E+24
    2.0519E+01   1.2831E+16   8.9642E+17   5.4502E+19   1.3700E+21   5.1718E+21   1.1716E+22   2.6579E+22   6.3732E+22   1.1451E+23   2.5031E+23   4.2358E+23   6.2657E+23   8.5983E+23   1.1158E+24   1.2614E+24   1.4099E+24   1.5676E+24   1.7356E+24   1.9315E+24   2.1099E+24
    2.1490E+01   4.5661E+15   3.9436E+17   2.9248E+19   8.5710E+20   3.4463E+21   8.1171E+21   1.9152E+22   4.7910E+22   8.8599E+22   2.0149E+23   3.5057E+23   5.3004E+23   7.4088E+23   9.7805E+23   1.1146E+24   1.2558E+24   1.4086E+24   1.5742E+24   1.7721E+24   1.9519E+24
    2.2506E+01   1.5219E+15   1.6474E+17   1.5083E+19   5.1965E+20   2.2329E+21   5.4792E+21   1.3472E+22   3.5239E+22   6.7176E+22   1.5927E+23   2.8536E+23   4.4153E+23   6.2930E+23   8.4599E+23   9.7231E+23   1.1049E+24   1.2509E+24   1.4118E+24   1.6088E+24   1.7876E+24
    2.3570E+01   4.7333E+14   6.5174E+16   7.4588E+18   3.0485E+20   1.4048E+21   3.5989E+21   9.2417E+21   2.5333E+22   4.9859E+22   1.2351E+23   2.2824E+23   3.6188E+23   5.2652E+23   7.2160E+23   8.3682E+23   9.5951E+23   1.0972E+24   1.2513E+24   1.4442E+24   1.6198E+24
    2.4685E+01   1.3686E+14   2.4345E+16   3.5299E+18   1.7277E+20   8.5692E+20   2.2972E+21   6.1744E+21   1.7780E+22   3.6188E+22   9.3882E+22   1.7922E+23   2.9159E+23   4.3359E+23   6.0650E+23   7.1005E+23   8.2197E+23   9.4983E+23   1.0953E+24   1.2814E+24   1.4514E+24
    2.5852E+01   3.6649E+13   8.5613E+15   1.5951E+18   9.4430E+19   5.0610E+20   1.4230E+21   4.0126E+21   1.2168E+22   2.5657E+22   6.9870E+22   1.3804E+23   2.3078E+23   3.5114E+23   5.0192E+23   5.9354E+23   6.9411E+23   8.1103E+23   9.4625E+23   1.1230E+24   1.2853E+24
    2.7075E+01   9.0562E+12   2.8255E+15   6.8672E+17   4.9691E+19   2.8895E+20   8.5420E+20   2.5332E+21   8.1112E+21   1.7748E+22   5.0861E+22   1.0418E+23   1.7924E+23   2.7942E+23   4.0865E+23   4.8841E+23   5.7733E+23   6.8257E+23   8.0631E+23   9.7146E+23   1.1243E+24
    2.8355E+01   2.0581E+12   8.7238E+14   2.8098E+17   2.5130E+19   1.5922E+20   4.9618E+20   1.5515E+21   5.2595E+21   1.1965E+22   3.6175E+22   7.6961E+22   1.3648E+23   2.1828E+23   3.2706E+23   3.9531E+23   4.7263E+23   5.6578E+23   6.7719E+23   8.2901E+23   9.7071E+23
    2.9696E+01   4.2888E+11   2.5121E+14   1.0900E+17   1.2191E+19   8.4543E+19   2.7846E+20   9.2050E+20   3.3131E+21   7.8511E+21   2.5110E+22   5.5595E+22   1.0178E+23   1.6724E+23   2.5709E+23   3.1444E+23   3.8050E+23   4.6153E+23   5.6015E+23   6.9738E+23   8.2676E+23
    3.1100E+01   8.1765E+10   6.7259E+13   3.9988E+16   5.6620E+18   4.3180E+19   1.5075E+20   5.2829E+20   2.0248E+21   5.0080E+21   1.6990E+22   3.9227E+22   7.4260E+22   1.2554E+23   1.9829E+23   2.4558E+23   3.0100E+23   3.7022E+23   4.5598E+23   5.7788E+23   6.9414E+23
    3.2571E+01   1.4237E+10   1.6697E+13   1.3839E+16   2.5127E+18   2.1177E+19   7.8596E+19   2.9284E+20   1.1988E+21   3.1013E+21   1.1193E+22   2.7003E+22   5.2952E+22   9.2243E+22   1.4992E+23   1.8815E+23   2.3374E+23   2.9177E+23   3.6499E+23   4.7135E+23   5.7408E+23
    3.4111E+01   2.2614E+09   3.8339E+12   4.5064E+15   1.0633E+18   9.9548E+18   3.9397E+19   1.5653E+20   6.8666E+20   1.8619E+21   7.1693E+21   1.8113E+22   3.6858E+22   6.6266E+22   1.1100E+23   1.4126E+23   1.7803E+23   2.2571E+23   2.8704E+23   3.7812E+23   4.6733E+23
    3.5724E+01   3.2745E+08   8.1248E+11   1.3774E+15   4.2818E+17   4.4770E+18   1.8954E+19   8.0561E+19   3.7992E+20   1.0821E+21   4.4593E+21   1.1824E+22   2.5014E+22   4.6490E+22   8.0395E+22   1.0383E+23   1.3285E+23   1.7123E+23   2.2159E+23   2.9809E+23   3.7417E+23
    3.7414E+01   4.3244E+07   1.5864E+11   3.9427E+14   1.6374E+17   1.9227E+18   8.7367E+18   3.9852E+19   2.0274E+20   6.0798E+20   2.6896E+21   7.5019E+21   1.6530E+22   3.1814E+22   5.6896E+22   7.4635E+22   9.7032E+22   1.2726E+23   1.6775E+23   2.3073E+23   2.9439E+23
    3.9183E+01   5.1837E+06   2.8498E+10   1.0545E+14   5.9344E+16   7.8703E+17   3.8515E+18   1.8918E+19   1.0418E+20   3.2971E+20   1.5709E+21   4.6195E+21   1.0623E+22   2.1209E+22   3.9297E+22   5.2402E+22   6.9290E+22   9.2568E+22   1.2441E+23   1.7518E+23   2.2742E+23
    4.1036E+01   5.3540E+05   4.7053E+09   2.6302E+13   2.0342E+16   3.0649E+17   1.6210E+18   8.6030E+18   5.1470E+19   1.7231E+20   8.8705E+20   2.7569E+21   6.6299E+21   1.3756E+22   2.6456E+22   3.5895E+22   4.8319E+22   6.5820E+22   9.0304E+22   1.3034E+23   1.7234E+23
    4.2976E+01   4.9726E+04   7.1345E+08   6.1072E+12   6.5827E+15   1.1334E+17   6.5015E+17   3.7414E+18   2.4408E+19   8.6652E+19   4.8358E+20   1.5922E+21   4.0123E+21   8.6680E+21   1.7338E+22   2.3957E+22   3.2864E+22   4.5697E+22   6.4076E+22   9.4938E+22   1.2798E+23
    4.5009E+01   6.8241E+03   9.8745E+07   1.3179E+12   2.0072E+15   3.9729E+16   2.4808E+17   1.5535E+18   1.1092E+19   4.1860E+19   2.5410E+20   8.8848E+20   2.3509E+21   5.2985E+21   1.1045E+22   1.5558E+22   2.1773E+22   3.0940E+22   4.4394E+22   6.7622E+22   9.3037E+22
    4.7137E+01   0.0000E+00   1.1980E+07   2.6393E+11   5.7572E+14   1.3178E+16   8.9902E+16   6.1482E+17   4.8226E+18   1.9395E+19   1.2849E+20   4.7826E+20   1.3316E+21   3.1370E+21   6.8291E+21   9.8167E+21   1.4031E+22   2.0402E+22   2.9995E+22   4.7046E+22   6.6141E+22
    4.9366E+01   0.0000E+00   7.3577E+05   4.8984E+10   1.5509E+14   4.1298E+15   3.0893E+16   2.3155E+17   2.0028E+18   8.6051E+18   6.2421E+19   2.4793E+20   7.2782E+20   1.7960E+21   4.0921E+21   6.0093E+21   8.7824E+21   1.3084E+22   1.9738E+22   3.1932E+22   4.5928E+22
    5.1701E+01   0.0000E+00   2.0284E+05   8.4020E+09   3.9176E+13   1.2208E+15   1.0050E+16   8.2861E+16   7.9328E+17   3.6500E+18   2.9086E+19   1.2357E+20   3.8324E+20   9.9260E+20   2.3722E+21   3.5630E+21   5.3310E+21   8.1484E+21   1.2632E+22   2.1116E+22   3.1114E+22
    5.4146E+01   0.0000E+00   2.4125E+05   1.3157E+09   9.2657E+12   3.3993E+14   3.0909E+15   2.8132E+16   2.9920E+17   1.4778E+18   1.2978E+19   5.9102E+19   1.9405E+20   5.2859E+20   1.3281E+21   2.0426E+21   3.1329E+21   4.9202E+21   7.8503E+21   1.3586E+22   2.0536E+22
    5.6706E+01   0.0000E+00   0.0000E+00   1.8145E+08   2.0489E+12   8.9024E+13   8.9740E+14   9.0488E+15   1.0731E+17   5.7030E+17   5.5358E+18   2.7082E+19   9.4303E+19   2.7071E+20   7.1673E+20   1.1302E+21   1.7793E+21   2.8756E+21   4.7303E+21   8.4924E+21   1.3188E+22
    5.9388E+01   0.0000E+00   0.0000E+00   1.8837E+07   4.2270E+11   2.1897E+13   2.4562E+14   2.7539E+15   3.6547E+16   2.0946E+17   2.2537E+18   1.1867E+19   4.3899E+19   1.3306E+20   3.7209E+20   6.0232E+20   9.7479E+20   1.6238E+21   2.7588E+21   5.1493E+21   8.2286E+21
    6.2197E+01   0.0000E+00   0.0000E+00   5.1979E+06   8.0868E+10   5.0509E+12   6.3291E+13   7.9193E+14   1.1804E+16   7.3123E+16   8.7440E+17   4.9637E+18   1.9536E+19   6.2640E+19   1.8543E+20   3.0855E+20   5.1407E+20   8.8421E+20   1.5545E+21   3.0235E+21   4.9801E+21
    6.5138E+01   0.0000E+00   0.0000E+00   1.7530E+06   1.4095E+10   1.0894E+12   1.5330E+13   2.1490E+14   3.6113E+15   2.4231E+16   3.2282E+17   1.9785E+18   8.2943E+18   2.8180E+19   8.8498E+19   1.5159E+20   2.6040E+20   4.6331E+20   8.4455E+20   1.7161E+21   2.9188E+21
    6.8218E+01   0.0000E+00   0.0000E+00   0.0000E+00   2.1860E+09   2.1790E+11   3.4817E+12   5.4956E+13   1.0451E+15   7.6131E+15   1.1326E+17   7.5021E+17   3.3528E+18   1.2087E+19   4.0354E+19   7.1254E+19   1.2639E+20   2.3308E+20   4.4150E+20   9.3972E+20   1.6537E+21
    7.1444E+01   0.0000E+00   0.0000E+00   0.0000E+00   3.0269E+08   3.9654E+10   7.3642E+11   1.3216E+13   2.8578E+14   2.2651E+15   3.7713E+16   2.7020E+17   1.2877E+18   4.9317E+18   1.7534E+19   3.1961E+19   5.8639E+19   1.1231E+20   2.2157E+20   4.9543E+20   9.0389E+20
    7.4823E+01   0.0000E+00   0.0000E+00   0.0000E+00   9.6275E+07   6.4787E+09   1.4288E+11   2.9731E+12   7.3717E+13   6.3745E+14   1.1904E+16   9.2299E+16   4.6903E+17   1.9094E+18   7.2401E+18   1.3643E+19   2.5932E+19   5.1692E+19   1.0648E+20   2.5091E+20   4.7568E+20
    7.8361E+01   0.0000E+00   0.0000E+00   0.0000E+00   2.1537E+07   1.0596E+09   2.4952E+10   6.1839E+11   1.7882E+13   1.6944E+14   3.5584E+15   2.9866E+16   1.6171E+17   6.9978E+17   2.8327E+18   5.5255E+18   1.0898E+19   2.2662E+19   4.8872E+19   1.2177E+20   2.4047E+20
    8.2067E+01   0.0000E+00   0.0000E+00   0.0000E+00   0.0000E+00   3.6767E+08   9.3084E+09   1.1687E+11   4.0495E+12   4.2427E+13   1.0061E+15   9.1438E+15   5.2689E+16   2.4221E+17   1.0469E+18   2.1166E+18   4.3385E+18   9.4337E+18   2.1359E+19   5.6478E+19   1.1649E+20
    8.5948E+01   0.0000E+00   0.0000E+00   0.0000E+00   0.0000E+00   5.7590E+07   1.0148E+06   1.9775E+10   8.4506E+11   9.9485E+12   2.6872E+14   2.6462E+15   1.6201E+16   7.9000E+16   3.6429E+17   7.6423E+17   1.6303E+18   3.7159E+18   8.8595E+18   2.4963E+19   5.3929E+19
    9.0012E+01   0.0000E+00   0.0000E+00   0.0000E+00   0.0000E+00   0.0000E+00   8.8512E+05   5.5882E+09   1.6169E+11   2.1622E+12   6.7608E+13   7.2313E+14   4.6955E+15   2.4232E+16   1.1896E+17   2.5917E+17   5.7611E+17   1.3798E+18   3.4755E+18   1.0480E+19   2.3791E+19
    9.4269E+01   0.0000E+00   0.0000E+00   0.0000E+00   0.0000E+00   0.0000E+00   0.0000E+00   1.7279E+09   1.6794E+10   4.3198E+11   1.5937E+13   1.8631E+14   1.2816E+15   6.9784E+15   3.6339E+16   8.2242E+16   1.9065E+17   4.8096E+17   1.2843E+18   4.1646E+18   9.9686E+18
    9.8727E+01   0.0000E+00   0.0000E+00   0.0000E+00   0.0000E+00   0.0000E+00   0.0000E+00   1.6603E+05   2.2138E+10   7.6171E+10   3.4949E+12   4.5126E+13   3.2914E+14   1.8845E+15   1.0350E+16   2.4326E+16   5.8820E+16   1.5666E+17   4.4507E+17   1.5602E+18   3.9532E+18
    1.0340E+02   0.0000E+00   0.0000E+00   0.0000E+00   0.0000E+00   0.0000E+00   0.0000E+00   1.6903E+04   7.5235E+09   3.3767E+10   7.1379E+11   1.0230E+13   7.9422E+13   4.7681E+14   2.7404E+15   6.6812E+15   1.6840E+16   4.7438E+16   1.4393E+17   5.4866E+17   1.4779E+18
    1.0829E+02   0.0000E+00   0.0000E+00   0.0000E+00   0.0000E+00   0.0000E+00   0.0000E+00   3.0879E+03   0.0000E+00   2.4670E+09   1.1368E+11   2.1685E+12   1.7970E+13   1.1297E+14   6.7300E+14   1.6978E+15   4.4517E+15   1.3279E+16   4.3190E+16   1.8019E+17   5.1848E+17
    1.1341E+02   0.0000E+00   0.0000E+00   0.0000E+00   0.0000E+00   0.0000E+00   0.0000E+00   1.3253E+02   0.0000E+00   1.5857E+09   9.5092E+10   4.4536E+11   3.8156E+12   2.5045E+13   1.5305E+14   3.9797E+14   1.0814E+15   3.4151E+15   1.1950E+16   5.4959E+16   1.6984E+17
    1.1877E+02   0.0000E+00   0.0000E+00   0.0000E+00   0.0000E+00   0.0000E+00   0.0000E+00   7.3915E+01   0.0000E+00   5.1685E+08   6.4288E+03   1.1363E+11   7.8281E+11   5.1967E+12   3.2218E+13   8.5867E+13   2.4030E+14   8.0148E+14   3.0263E+15   1.5465E+16   5.1649E+16
    1.2439E+02   0.0000E+00   0.0000E+00   0.0000E+00   0.0000E+00   0.0000E+00   0.0000E+00   0.0000E+00   0.0000E+00   5.3288E+04   0.0000E+00   2.8588E+10   1.8330E+11   1.0188E+12   6.2853E+12   1.7041E+13   4.8678E+13   1.7043E+14   6.9564E+14   3.9847E+15   1.4483E+16
    1.3027E+02   0.0000E+00   0.0000E+00   0.0000E+00   0.0000E+00   0.0000E+00   0.0000E+00   0.0000E+00   0.0000E+00   8.6354E+03   0.0000E+00   3.7969E+06   8.9030E+09   2.7307E+11   1.1451E+12   3.1136E+12   8.9787E+12   3.2609E+13   1.4375E+14   9.3170E+14   3.7160E+15
    1.3643E+02   0.0000E+00   0.0000E+00   0.0000E+00   0.0000E+00   0.0000E+00   0.0000E+00   0.0000E+00   0.0000E+00   0.0000E+00   0.0000E+00   1.4027E+06   3.0925E+09   9.7843E+07   2.0055E+11   5.2603E+11   1.5135E+12   5.5803E+12   2.6412E+13   1.9561E+14   8.6427E+14
    1.4288E+02   0.0000E+00   0.0000E+00   0.0000E+00   0.0000E+00   0.0000E+00   0.0000E+00   0.0000E+00   0.0000E+00   0.0000E+00   0.0000E+00   0.0000E+00   9.9585E+08   1.2709E+07   3.6509E+10   1.0850E+11   2.3671E+11   8.5194E+11   4.2632E+12   3.6404E+13   1.8018E+14
    1.4964E+02   0.0000E+00   0.0000E+00   0.0000E+00   0.0000E+00   0.0000E+00   0.0000E+00   0.0000E+00   0.0000E+00   0.0000E+00   0.0000E+00   0.0000E+00   2.5634E+08   1.7531E+06   1.8044E+09   7.4703E+09   3.4464E+10   1.1699E+11   5.9699E+11   5.9123E+12   3.3208E+13
    1.5671E+02   0.0000E+00   0.0000E+00   0.0000E+00   0.0000E+00   0.0000E+00   0.0000E+00   0.0000E+00   0.0000E+00   0.0000E+00   0.0000E+00   0.0000E+00   1.4012E+06   2.4032E+05   3.6497E+05   3.2119E+09   2.5487E+09   1.4569E+10   7.1812E+10   8.2184E+11   5.3169E+12
    1.6412E+02   0.0000E+00   0.0000E+00   0.0000E+00   0.0000E+00   0.0000E+00   0.0000E+00   0.0000E+00   0.0000E+00   0.0000E+00   0.0000E+00   0.0000E+00   4.0606E+06   2.3723E+04   1.2793E+03   1.3933E+08   5.4482E+08   1.0884E+09   7.3764E+09   9.5498E+10   7.2294E+11
    1.7188E+02   0.0000E+00   0.0000E+00   0.0000E+00   0.0000E+00   0.0000E+00   0.0000E+00   0.0000E+00   0.0000E+00   0.0000E+00   0.0000E+00   0.0000E+00   2.2819E+02   1.2728E+03   2.2694E+04   2.8657E+07   1.2148E+08   2.2022E+08   9.3060E+08   9.0294E+09   8.0960E+10
    1.8001E+02   0.0000E+00   0.0000E+00   0.0000E+00   0.0000E+00   0.0000E+00   0.0000E+00   0.0000E+00   0.0000E+00   0.0000E+00   0.0000E+00   0.0000E+00   1.6487E+01   2.0510E+02   1.1962E+03   4.6263E+06   2.3984E+07   2.1862E+07   8.8832E+07   6.7656E+08   7.1543E+09
    1.8853E+02   0.0000E+00   0.0000E+00   0.0000E+00   0.0000E+00   0.0000E+00   0.0000E+00   0.0000E+00   0.0000E+00   0.0000E+00   0.0000E+00   0.0000E+00   7.2330E+00   7.1789E+00   1.4592E+02   1.0603E+06   1.5633E+06   2.8865E+06   9.7224E+06   4.1160E+07   4.6916E+08
    1.9744E+02   0.0000E+00   0.0000E+00   0.0000E+00   0.0000E+00   0.0000E+00   0.0000E+00   0.0000E+00   0.0000E+00   0.0000E+00   0.0000E+00   0.0000E+00   0.0000E+00   1.2190E+00   7.6861E+00   2.4895E+04   1.8563E+05   2.9795E+05   1.0062E+06   2.6859E+06   2.0771E+07
    2.0678E+02   0.0000E+00   0.0000E+00   0.0000E+00   0.0000E+00   0.0000E+00   0.0000E+00   0.0000E+00   0.0000E+00   0.0000E+00   0.0000E+00   0.0000E+00   0.0000E+00   4.2987E-01   4.3915E-01   7.9830E+03   1.6025E+04   3.7715E+04   8.3997E+04   2.4573E+05   7.1172E+05
    2.1656E+02   0.0000E+00   0.0000E+00   0.0000E+00   0.0000E+00   0.0000E+00   0.0000E+00   0.0000E+00   0.0000E+00   0.0000E+00   0.0000E+00   0.0000E+00   0.0000E+00   0.0000E+00   7.9897E-02   3.0855E+02   9.8889E+02   2.6336E+00   7.3956E+03   2.4174E+04   3.8471E+04
    2.2680E+02   0.0000E+00   0.0000E+00   0.0000E+00   0.0000E+00   0.0000E+00   0.0000E+00   0.0000E+00   0.0000E+00   0.0000E+00   0.0000E+00   0.0000E+00   0.0000E+00   0.0000E+00   0.0000E+00   0.0000E+00   1.1055E+02   0.0000E+00   2.5267E+02   1.8214E+03   1.1492E+03
    2.3752E+02   0.0000E+00   0.0000E+00   0.0000E+00   0.0000E+00   0.0000E+00   0.0000E+00   0.0000E+00   0.0000E+00   0.0000E+00   0.0000E+00   0.0000E+00   0.0000E+00   0.0000E+00   0.0000E+00   0.0000E+00   9.1608E+00   0.0000E+00   3.5269E+01   1.7349E+02   1.5430E-02
    2.4876E+02   0.0000E+00   0.0000E+00   0.0000E+00   0.0000E+00   0.0000E+00   0.0000E+00   0.0000E+00   0.0000E+00   0.0000E+00   0.0000E+00   0.0000E+00   0.0000E+00   0.0000E+00   0.0000E+00   0.0000E+00   4.1730E-04   0.0000E+00   9.6587E-01   0.0000E+00   2.0676E-03
    2.6052E+02   0.0000E+00   0.0000E+00   0.0000E+00   0.0000E+00   0.0000E+00   0.0000E+00   0.0000E+00   0.0000E+00   0.0000E+00   0.0000E+00   0.0000E+00   0.0000E+00   0.0000E+00   0.0000E+00   0.0000E+00   0.0000E+00   0.0000E+00   1.4842E-01   0.0000E+00   7.6077E-04
    2.7284E+02   0.0000E+00   0.0000E+00   0.0000E+00   0.0000E+00   0.0000E+00   0.0000E+00   0.0000E+00   0.0000E+00   0.0000E+00   0.0000E+00   0.0000E+00   0.0000E+00   0.0000E+00   0.0000E+00   0.0000E+00   0.0000E+00   0.0000E+00   7.0818E-03   0.0000E+00   0.0000E+00
    2.8574E+02   0.0000E+00   0.0000E+00   0.0000E+00   0.0000E+00   0.0000E+00   0.0000E+00   0.0000E+00   0.0000E+00   0.0000E+00   0.0000E+00   0.0000E+00   0.0000E+00   0.0000E+00   0.0000E+00   0.0000E+00   0.0000E+00   0.0000E+00   1.1711E-04   0.0000E+00   0.0000E+00
    2.9925E+02   0.0000E+00   0.0000E+00   0.0000E+00   0.0000E+00   0.0000E+00   0.0000E+00   0.0000E+00   0.0000E+00   0.0000E+00   0.0000E+00   0.0000E+00   0.0000E+00   0.0000E+00   0.0000E+00   0.0000E+00   0.0000E+00   0.0000E+00   9.5622E-05   0.0000E+00   0.0000E+00
    3.1341E+02   0.0000E+00   0.0000E+00   0.0000E+00   0.0000E+00   0.0000E+00   0.0000E+00   0.0000E+00   0.0000E+00   0.0000E+00   0.0000E+00   0.0000E+00   0.0000E+00   0.0000E+00   0.0000E+00   0.0000E+00   0.0000E+00   0.0000E+00   0.0000E+00   0.0000E+00   0.0000E+00
    3.2823E+02   0.0000E+00   0.0000E+00   0.0000E+00   0.0000E+00   0.0000E+00   0.0000E+00   0.0000E+00   0.0000E+00   0.0000E+00   0.0000E+00   0.0000E+00   0.0000E+00   0.0000E+00   0.0000E+00   0.0000E+00   0.0000E+00   0.0000E+00   0.0000E+00   0.0000E+00   0.0000E+00
    3.4375E+02   0.0000E+00   0.0000E+00   0.0000E+00   0.0000E+00   0.0000E+00   0.0000E+00   0.0000E+00   0.0000E+00   0.0000E+00   0.0000E+00   0.0000E+00   0.0000E+00   0.0000E+00   0.0000E+00   0.0000E+00   0.0000E+00   0.0000E+00   0.0000E+00   0.0000E+00   0.0000E+00
    3.6000E+02   0.0000E+00   0.0000E+00   0.0000E+00   0.0000E+00   0.0000E+00   0.0000E+00   0.0000E+00   0.0000E+00   0.0000E+00   0.0000E+00   0.0000E+00   0.0000E+00   0.0000E+00   0.0000E+00   0.0000E+00   0.0000E+00   0.0000E+00   0.0000E+00   0.0000E+00   0.0000E+00
    3.7703E+02   0.0000E+00   0.0000E+00   0.0000E+00   0.0000E+00   0.0000E+00   0.0000E+00   0.0000E+00   0.0000E+00   0.0000E+00   0.0000E+00   0.0000E+00   0.0000E+00   0.0000E+00   0.0000E+00   0.0000E+00   0.0000E+00   0.0000E+00   0.0000E+00   0.0000E+00   0.0000E+00
    3.9486E+02   0.0000E+00   0.0000E+00   0.0000E+00   0.0000E+00   0.0000E+00   0.0000E+00   0.0000E+00   0.0000E+00   0.0000E+00   0.0000E+00   0.0000E+00   0.0000E+00   0.0000E+00   0.0000E+00   0.0000E+00   0.0000E+00   0.0000E+00   0.0000E+00   0.0000E+00   0.0000E+00
    4.1353E+02   0.0000E+00   0.0000E+00   0.0000E+00   0.0000E+00   0.0000E+00   0.0000E+00   0.0000E+00   0.0000E+00   0.0000E+00   0.0000E+00   0.0000E+00   0.0000E+00   0.0000E+00   0.0000E+00   0.0000E+00   0.0000E+00   0.0000E+00   0.0000E+00   0.0000E+00   0.0000E+00
