    1.2535E-03   6.7572E+16   1.2317E+17   2.2850E+17   3.2684E+17   3.7344E+17   4.0755E+17   4.4437E+17   4.9413E+17   5.3069E+17   5.8927E+17   6.4384E+17   6.9345E+17   7.3906E+17   7.9147E+17   8.1202E+17   8.4925E+17   8.7308E+17   9.2007E+17   9.6889E+17   9.4692E+17
    1.3127E-03   7.3268E+16   1.3270E+17   2.4848E+17   3.5753E+17   4.0900E+17   4.4663E+17   4.8712E+17   5.4184E+17   5.8191E+17   6.4617E+17   7.0598E+17   7.6048E+17   8.1053E+17   8.6780E+17   8.9082E+17   9.3110E+17   9.5743E+17   1.0089E+18   1.0626E+18   1.0386E+18
    1.3748E-03   7.9467E+16   1.4295E+17   2.7012E+17   3.9105E+17   4.4792E+17   4.8943E+17   5.3396E+17   5.9412E+17   6.3806E+17   7.0857E+17   7.7412E+17   8.3396E+17   8.8892E+17   9.5148E+17   9.7728E+17   1.0208E+18   1.0499E+18   1.1062E+18   1.1653E+18   1.1393E+18
    1.4398E-03   8.6216E+16   1.5399E+17   2.9356E+17   4.2765E+17   4.9052E+17   5.3630E+17   5.8530E+17   6.5142E+17   6.9958E+17   7.7698E+17   8.4881E+17   9.1452E+17   9.7491E+17   1.0432E+18   1.0721E+18   1.1192E+18   1.1514E+18   1.2129E+18   1.2780E+18   1.2496E+18
    1.5079E-03   9.3564E+16   1.6588E+17   3.1892E+17   4.6760E+17   5.3715E+17   5.8763E+17   6.4155E+17   7.1421E+17   7.6699E+17   8.5201E+17   9.3069E+17   1.0028E+18   1.0692E+18   1.1438E+18   1.1762E+18   1.2271E+18   1.2627E+18   1.3299E+18   1.4017E+18   1.3707E+18
    1.5792E-03   1.0167E+17   1.7889E+17   3.4648E+17   5.1124E+17   5.8817E+17   6.4381E+17   7.0317E+17   7.8298E+17   8.4082E+17   9.3423E+17   1.0204E+18   1.0996E+18   1.1726E+18   1.2540E+18   1.2902E+18   1.3453E+18   1.3846E+18   1.4579E+18   1.5369E+18   1.5032E+18
    1.6539E-03   1.1038E+17   1.9271E+17   3.7616E+17   5.5882E+17   6.4399E+17   7.0532E+17   7.7070E+17   8.5836E+17   9.2175E+17   1.0244E+18   1.1188E+18   1.2057E+18   1.2861E+18   1.3749E+18   1.4154E+18   1.4750E+18   1.5185E+18   1.5985E+18   1.6857E+18   1.6489E+18
    1.7321E-03   1.1988E+17   2.0763E+17   4.0826E+17   6.1073E+17   7.0505E+17   7.7264E+17   8.4469E+17   9.4096E+17   1.0104E+18   1.1233E+18   1.2266E+18   1.3220E+18   1.4106E+18   1.5075E+18   1.5527E+18   1.6173E+18   1.6654E+18   1.7526E+18   1.8487E+18   1.8086E+18
    1.8140E-03   1.3023E+17   2.2374E+17   4.4295E+17   6.6735E+17   7.7184E+17   8.4632E+17   9.2574E+17   1.0314E+18   1.1076E+18   1.2317E+18   1.3449E+18   1.4495E+18   1.5472E+18   1.6528E+18   1.7034E+18   1.7732E+18   1.8264E+18   1.9216E+18   2.0274E+18   1.9839E+18
    1.8998E-03   1.4150E+17   2.4113E+17   4.8044E+17   7.2908E+17   8.4487E+17   9.2694E+17   1.0145E+18   1.1306E+18   1.2140E+18   1.3506E+18   1.4744E+18   1.5892E+18   1.6970E+18   1.8122E+18   1.8686E+18   1.9442E+18   2.0030E+18   2.1068E+18   2.2234E+18   2.1761E+18
    1.9897E-03   1.5379E+17   2.5993E+17   5.2092E+17   7.9637E+17   9.2471E+17   1.0151E+18   1.1118E+18   1.2392E+18   1.3305E+18   1.4810E+18   1.6165E+18   1.7423E+18   1.8613E+18   1.9870E+18   2.0498E+18   2.1317E+18   2.1967E+18   2.3099E+18   2.4382E+18   2.3869E+18
    2.0838E-03   1.6719E+17   2.8024E+17   5.6463E+17   8.6970E+17   1.0120E+18   1.1116E+18   1.2182E+18   1.3582E+18   1.4582E+18   1.6239E+18   1.7722E+18   1.9102E+18   2.0416E+18   2.1786E+18   2.2486E+18   2.3373E+18   2.4092E+18   2.5326E+18   2.6738E+18   2.6182E+18
    2.1823E-03   1.8181E+17   3.0223E+17   6.1182E+17   9.4961E+17   1.1073E+18   1.2171E+18   1.3349E+18   1.4885E+18   1.5981E+18   1.7806E+18   1.9428E+18   2.0941E+18   2.2392E+18   2.3886E+18   2.4666E+18   2.5628E+18   2.6422E+18   2.7767E+18   2.9320E+18   2.8717E+18
    2.2855E-03   1.9773E+17   3.2599E+17   6.6268E+17   1.0366E+18   1.2115E+18   1.3325E+18   1.4625E+18   1.6312E+18   1.7513E+18   1.9524E+18   2.1299E+18   2.2957E+18   2.4560E+18   2.6190E+18   2.7057E+18   2.8100E+18   2.8978E+18   3.0444E+18   3.2151E+18   3.1500E+18
    2.3936E-03   2.1509E+17   3.5170E+17   7.1751E+17   1.1314E+18   1.3253E+18   1.4586E+18   1.6023E+18   1.7875E+18   1.9191E+18   2.1408E+18   2.3350E+18   2.5167E+18   2.6937E+18   2.8715E+18   2.9679E+18   3.0810E+18   3.1781E+18   3.3379E+18   3.5254E+18   3.4552E+18
    2.5068E-03   2.3402E+17   3.7955E+17   7.7659E+17   1.2345E+18   1.4496E+18   1.5965E+18   1.7553E+18   1.9587E+18   2.1030E+18   2.3473E+18   2.5599E+18   2.7589E+18   2.9544E+18   3.1484E+18   3.2555E+18   3.3782E+18   3.4855E+18   3.6596E+18   3.8656E+18   3.7899E+18
    2.6253E-03   2.5465E+17   4.0972E+17   8.4022E+17   1.3468E+18   1.5852E+18   1.7472E+18   1.9227E+18   2.1462E+18   2.3044E+18   2.5737E+18   2.8064E+18   3.0244E+18   3.2402E+18   3.4519E+18   3.5709E+18   3.7040E+18   3.8226E+18   4.0124E+18   4.2385E+18   4.1572E+18
    2.7495E-03   2.7715E+17   4.4242E+17   9.0873E+17   1.4689E+18   1.7332E+18   1.9119E+18   2.1059E+18   2.3514E+18   2.5250E+18   2.8219E+18   3.0766E+18   3.3155E+18   3.5536E+18   3.7847E+18   3.9168E+18   4.0613E+18   4.1923E+18   4.3992E+18   4.6472E+18   4.5599E+18
    2.8795E-03   3.0167E+17   4.7788E+17   9.8249E+17   1.6017E+18   1.8947E+18   2.0918E+18   2.3063E+18   2.5761E+18   2.7666E+18   3.0940E+18   3.3729E+18   3.6346E+18   3.8972E+18   4.1496E+18   4.2960E+18   4.4531E+18   4.5977E+18   4.8233E+18   5.0952E+18   5.0018E+18
    3.0157E-03   3.2842E+17   5.1635E+17   1.0619E+18   1.7461E+18   2.0709E+18   2.2884E+18   2.5256E+18   2.8221E+18   3.0313E+18   3.3923E+18   3.6977E+18   3.9843E+18   4.2738E+18   4.5495E+18   4.7118E+18   4.8827E+18   5.0423E+18   5.2882E+18   5.5864E+18   5.4864E+18
    3.1583E-03   3.5757E+17   5.5809E+17   1.1473E+18   1.9029E+18   2.2630E+18   2.5030E+18   2.7654E+18   3.0914E+18   3.3213E+18   3.7193E+18   4.0538E+18   4.3678E+18   4.6866E+18   4.9880E+18   5.1678E+18   5.3538E+18   5.5297E+18   5.7979E+18   6.1247E+18   6.0180E+18
    3.3076E-03   3.8936E+17   6.0341E+17   1.2392E+18   2.0733E+18   2.4724E+18   2.7375E+18   3.0277E+18   3.3863E+18   3.6390E+18   4.0778E+18   4.4444E+18   4.7883E+18   5.1393E+18   5.4690E+18   5.6681E+18   5.8708E+18   6.0648E+18   6.3574E+18   6.7159E+18   6.6021E+18
    3.4641E-03   4.2522E+17   6.5624E+17   1.3445E+18   2.2623E+18   2.7029E+18   2.9951E+18   3.3154E+18   3.7094E+18   3.9873E+18   4.4700E+18   4.8719E+18   5.2487E+18   5.6341E+18   5.9952E+18   6.2147E+18   6.4361E+18   6.6493E+18   6.9689E+18   7.3617E+18   7.2398E+18
    3.6279E-03   4.6305E+17   7.0976E+17   1.4511E+18   2.4633E+18   2.9517E+18   3.2747E+18   3.6291E+18   4.0626E+18   4.3685E+18   4.9006E+18   5.3413E+18   5.7539E+18   6.1778E+18   6.5732E+18   6.8159E+18   7.0576E+18   7.2923E+18   7.6411E+18   8.0718E+18   7.9423E+18
    3.7994E-03   5.0429E+17   7.6790E+17   1.5657E+18   2.6815E+18   3.2226E+18   3.5798E+18   3.9720E+18   4.4491E+18   4.7860E+18   5.3723E+18   5.8557E+18   6.3075E+18   6.7733E+18   7.2064E+18   7.4743E+18   7.7385E+18   7.9965E+18   8.3769E+18   8.8488E+18   8.7118E+18
    3.9791E-03   5.4926E+17   8.3109E+17   1.6890E+18   2.9180E+18   3.5177E+18   3.9127E+18   4.3468E+18   4.8721E+18   5.2434E+18   5.8893E+18   6.4196E+18   6.9144E+18   7.4259E+18   7.9006E+18   8.1960E+18   8.4850E+18   8.7685E+18   9.1834E+18   9.7005E+18   9.5557E+18
    4.1673E-03   5.9829E+17   8.9978E+17   1.8216E+18   3.1744E+18   3.8388E+18   4.2758E+18   4.7565E+18   5.3350E+18   5.7443E+18   6.4559E+18   7.0379E+18   7.5795E+18   8.1411E+18   8.6616E+18   8.9871E+18   9.3036E+18   9.6147E+18   1.0067E+19   1.0634E+19   1.0481E+19
    4.3644E-03   6.5177E+17   9.7446E+17   1.9642E+18   3.4523E+18   4.1883E+18   4.6719E+18   5.2041E+18   5.8415E+18   6.2931E+18   7.0767E+18   7.7157E+18   8.3086E+18   8.9249E+18   9.4960E+18   9.8540E+18   1.0201E+19   1.0542E+19   1.1036E+19   1.1657E+19   1.1497E+19
    4.5707E-03   7.1010E+17   1.0557E+18   2.1175E+18   3.7532E+18   4.5684E+18   5.1039E+18   5.6931E+18   6.3957E+18   6.8941E+18   7.7570E+18   8.4587E+18   9.1077E+18   9.7838E+18   1.0411E+19   1.0804E+19   1.1185E+19   1.1559E+19   1.2097E+19   1.2777E+19   1.2610E+19
    4.7869E-03   7.7372E+17   1.1441E+18   2.2825E+18   4.0791E+18   4.9819E+18   5.5748E+18   6.2272E+18   7.0019E+18   7.5523E+18   8.5025E+18   9.2733E+18   9.9835E+18   1.0725E+19   1.1414E+19   1.1845E+19   1.2263E+19   1.2673E+19   1.3260E+19   1.4006E+19   1.3832E+19
    5.0133E-03   8.4311E+17   1.2402E+18   2.4600E+18   4.4318E+18   5.4314E+18   6.0881E+18   6.8105E+18   7.6651E+18   8.2732E+18   9.3192E+18   1.0166E+19   1.0943E+19   1.1757E+19   1.2513E+19   1.2986E+19   1.3446E+19   1.3894E+19   1.4535E+19   1.5351E+19   1.5172E+19
    5.2503E-03   9.1880E+17   1.3448E+18   2.6510E+18   4.8134E+18   5.9199E+18   6.6475E+18   7.4474E+18   8.3904E+18   9.0627E+18   1.0214E+19   1.1145E+19   1.1995E+19   1.2887E+19   1.3718E+19   1.4237E+19   1.4742E+19   1.5233E+19   1.5931E+19   1.6826E+19   1.6641E+19
    5.4986E-03   1.0014E+18   1.4587E+18   2.8566E+18   5.2263E+18   6.4507E+18   7.2569E+18   8.1426E+18   9.1835E+18   9.9271E+18   1.1194E+19   1.2218E+19   1.3148E+19   1.4126E+19   1.5040E+19   1.5607E+19   1.6162E+19   1.6699E+19   1.7461E+19   1.8441E+19   1.8253E+19
    5.7587E-03   1.0915E+18   1.5827E+18   3.0779E+18   5.6728E+18   7.0272E+18   7.9207E+18   8.9015E+18   1.0051E+19   1.0874E+19   1.2268E+19   1.3394E+19   1.4412E+19   1.5485E+19   1.6489E+19   1.7109E+19   1.7719E+19   1.8306E+19   1.9137E+19   2.0211E+19   2.0020E+19
    6.0310E-03   1.1897E+18   1.7178E+18   3.3162E+18   6.1556E+18   7.6532E+18   8.6434E+18   9.7297E+18   1.0999E+19   1.1910E+19   1.3444E+19   1.4683E+19   1.5796E+19   1.6974E+19   1.8078E+19   1.8755E+19   1.9425E+19   2.0068E+19   2.0975E+19   2.2150E+19   2.1960E+19
    6.3162E-03   1.2976E+18   1.8665E+18   3.5781E+18   6.6825E+18   8.3365E+18   9.4330E+18   1.0635E+19   1.2036E+19   1.3044E+19   1.4732E+19   1.6095E+19   1.7313E+19   1.8605E+19   1.9819E+19   2.0558E+19   2.1294E+19   2.1997E+19   2.2986E+19   2.4272E+19   2.4084E+19
    6.6149E-03   1.4146E+18   2.0267E+18   3.8550E+18   7.2468E+18   9.0742E+18   1.0289E+19   1.1621E+19   1.3168E+19   1.4286E+19   1.6143E+19   1.7642E+19   1.8976E+19   2.0393E+19   2.1729E+19   2.2535E+19   2.3342E+19   2.4112E+19   2.5192E+19   2.6598E+19   2.6417E+19
    6.9277E-03   1.5422E+18   2.2012E+18   4.1535E+18   7.8564E+18   9.8743E+18   1.1221E+19   1.2696E+19   1.4405E+19   1.5644E+19   1.7688E+19   1.9338E+19   2.0798E+19   2.2354E+19   2.3822E+19   2.4701E+19   2.5586E+19   2.6428E+19   2.7607E+19   2.9143E+19   2.8974E+19
    7.2553E-03   1.6814E+18   2.3912E+18   4.4756E+18   8.5149E+18   1.0742E+19   1.2234E+19   1.3869E+19   1.5755E+19   1.7130E+19   1.9379E+19   2.1196E+19   2.2795E+19   2.4502E+19   2.6116E+19   2.7075E+19   2.8044E+19   2.8966E+19   3.0253E+19   3.1931E+19   3.1778E+19
    7.5984E-03   1.8332E+18   2.5983E+18   4.8233E+18   9.2259E+18   1.1682E+19   1.3336E+19   1.5147E+19   1.7230E+19   1.8755E+19   2.1229E+19   2.3231E+19   2.4982E+19   2.6856E+19   2.8630E+19   2.9675E+19   3.0736E+19   3.1746E+19   3.3152E+19   3.4982E+19   3.4854E+19
    7.9577E-03   1.9987E+18   2.8240E+18   5.1988E+18   9.9935E+18   1.2701E+19   1.4534E+19   1.6540E+19   1.8841E+19   2.0533E+19   2.3255E+19   2.5460E+19   2.7379E+19   2.9436E+19   3.1386E+19   3.2524E+19   3.3685E+19   3.4792E+19   3.6327E+19   3.8322E+19   3.8225E+19
    8.3341E-03   2.1793E+18   3.0699E+18   5.6046E+18   1.0822E+19   1.3805E+19   1.5835E+19   1.8059E+19   2.0599E+19   2.2477E+19   2.5471E+19   2.7901E+19   3.0006E+19   3.2263E+19   3.4406E+19   3.5646E+19   3.6914E+19   3.8129E+19   3.9805E+19   4.1978E+19   4.1922E+19
    8.7282E-03   2.3763E+18   3.3379E+18   6.0432E+18   1.1717E+19   1.5001E+19   1.7248E+19   1.9713E+19   2.2518E+19   2.4601E+19   2.7897E+19   3.0575E+19   3.2883E+19   3.5360E+19   3.7715E+19   3.9065E+19   4.0450E+19   4.1785E+19   4.3614E+19   4.5980E+19   4.5976E+19
    9.1409E-03   2.5911E+18   3.6301E+18   6.5175E+18   1.2682E+19   1.6296E+19   1.8782E+19   2.1516E+19   2.4613E+19   2.6923E+19   3.0549E+19   3.3502E+19   3.6035E+19   3.8753E+19   4.1341E+19   4.2810E+19   4.4321E+19   4.5789E+19   4.7786E+19   5.0358E+19   5.0419E+19
    9.5732E-03   2.8254E+18   3.9486E+18   7.0307E+18   1.3724E+19   1.7697E+19   2.0448E+19   2.3478E+19   2.6899E+19   2.9459E+19   3.3451E+19   3.6707E+19   3.9487E+19   4.2470E+19   4.5312E+19   4.6912E+19   4.8560E+19   5.0174E+19   5.2354E+19   5.5149E+19   5.5289E+19
    1.0026E-02   3.0809E+18   4.2958E+18   7.5861E+18   1.4848E+19   1.9214E+19   2.2255E+19   2.5614E+19   2.9393E+19   3.2230E+19   3.6625E+19   4.0216E+19   4.3270E+19   4.6541E+19   4.9662E+19   5.1405E+19   5.3200E+19   5.4978E+19   5.7356E+19   6.0391E+19   6.0626E+19
    1.0500E-02   3.3595E+18   4.6744E+18   8.1875E+18   1.6061E+19   2.0854E+19   2.4216E+19   2.7939E+19   3.2115E+19   3.5256E+19   4.0095E+19   4.4056E+19   4.7412E+19   5.1000E+19   5.4427E+19   5.6325E+19   5.8279E+19   6.0238E+19   6.2832E+19   6.6125E+19   6.6475E+19
    1.0997E-02   3.6634E+18   5.0873E+18   8.8391E+18   1.7369E+19   2.2629E+19   2.6343E+19   3.0469E+19   3.5083E+19   3.8559E+19   4.3889E+19   4.8260E+19   5.1949E+19   5.5883E+19   5.9643E+19   6.1712E+19   6.3840E+19   6.5999E+19   6.8826E+19   7.2398E+19   7.2882E+19
    1.1517E-02   3.9948E+18   5.5375E+18   9.5453E+18   1.8780E+19   2.4548E+19   2.8648E+19   3.3220E+19   3.8321E+19   4.2165E+19   4.8036E+19   5.2860E+19   5.6918E+19   6.1230E+19   6.5355E+19   6.7610E+19   6.9926E+19   7.2307E+19   7.5387E+19   7.9258E+19   7.9901E+19
    1.2061E-02   4.3562E+18   6.0286E+18   1.0311E+19   2.0301E+19   2.6623E+19   3.1147E+19   3.6210E+19   4.1853E+19   4.6099E+19   5.2569E+19   5.7893E+19   6.2358E+19   6.7084E+19   7.1608E+19   7.4068E+19   7.6588E+19   7.9214E+19   8.2568E+19   8.6761E+19   8.7587E+19
    1.2632E-02   4.7503E+18   6.5642E+18   1.1142E+19   2.1941E+19   2.8866E+19   3.3854E+19   3.9460E+19   4.5703E+19   5.0392E+19   5.7523E+19   6.3400E+19   6.8316E+19   7.3493E+19   7.8454E+19   8.1140E+19   8.3880E+19   8.6777E+19   9.0428E+19   9.4967E+19   9.6005E+19
    1.3229E-02   5.1801E+18   7.1484E+18   1.2043E+19   2.3710E+19   3.1292E+19   3.6787E+19   4.2993E+19   4.9903E+19   5.5078E+19   6.2941E+19   6.9430E+19   7.4845E+19   8.0518E+19   8.5955E+19   8.8891E+19   9.1872E+19   9.5066E+19   9.9036E+19   1.0395E+20   1.0523E+20
    1.3855E-02   5.6664E+18   7.8105E+18   1.3094E+19   2.5771E+19   3.4070E+19   4.0112E+19   4.6954E+19   5.4572E+19   6.0271E+19   6.8919E+19   7.6065E+19   8.2015E+19   8.8224E+19   9.4175E+19   9.7380E+19   1.0062E+20   1.0413E+20   1.0844E+20   1.1375E+20   1.1530E+20
    1.4510E-02   6.1791E+18   8.5078E+18   1.4162E+19   2.7844E+19   3.6923E+19   4.3570E+19   5.1136E+19   5.9573E+19   6.5856E+19   7.5395E+19   8.3285E+19   8.9845E+19   9.6645E+19   1.0316E+20   1.0667E+20   1.1020E+20   1.1406E+20   1.1875E+20   1.2448E+20   1.2634E+20
    1.5196E-02   6.7381E+18   9.2685E+18   1.5322E+19   3.0079E+19   4.0004E+19   4.7313E+19   5.5674E+19   6.5020E+19   7.1941E+19   8.2464E+19   9.1174E+19   9.8408E+19   1.0585E+20   1.1299E+20   1.1683E+20   1.2067E+20   1.2492E+20   1.3001E+20   1.3621E+20   1.3841E+20
    1.5914E-02   7.3477E+18   1.0098E+19   1.6582E+19   3.2489E+19   4.3333E+19   5.1364E+19   6.0597E+19   7.0952E+19   7.8574E+19   9.0184E+19   9.9799E+19   1.0778E+20   1.1593E+20   1.2374E+20   1.2796E+20   1.3213E+20   1.3681E+20   1.4233E+20   1.4902E+20   1.5161E+20
    1.6667E-02   8.0123E+18   1.1004E+19   1.7952E+19   3.5088E+19   4.6929E+19   5.5747E+19   6.5937E+19   7.7412E+19   8.5803E+19   9.8615E+19   1.0923E+20   1.1804E+20   1.2697E+20   1.3549E+20   1.4013E+20   1.4467E+20   1.4980E+20   1.5580E+20   1.6301E+20   1.6604E+20
    1.7455E-02   8.7370E+18   1.1992E+19   1.9440E+19   3.7890E+19   5.0814E+19   6.0489E+19   7.1728E+19   8.4444E+19   9.3679E+19   1.0782E+20   1.1953E+20   1.2926E+20   1.3904E+20   1.4836E+20   1.5346E+20   1.5840E+20   1.6403E+20   1.7053E+20   1.7831E+20   1.8181E+20
    1.8281E-02   9.5273E+18   1.3070E+19   2.1060E+19   4.0912E+19   5.5012E+19   6.5618E+19   7.8004E+19   9.2095E+19   1.0226E+20   1.1787E+20   1.3079E+20   1.4154E+20   1.5225E+20   1.6242E+20   1.6804E+20   1.7342E+20   1.7958E+20   1.8664E+20   1.9501E+20   1.9905E+20
    1.9145E-02   1.0389E+19   1.4247E+19   2.2821E+19   4.4172E+19   5.9546E+19   7.1165E+19   8.4804E+19   1.0042E+20   1.1160E+20   1.2884E+20   1.4309E+20   1.5497E+20   1.6670E+20   1.7781E+20   1.8400E+20   1.8986E+20   1.9659E+20   2.0426E+20   2.1326E+20   2.1788E+20
    2.0051E-02   1.1329E+19   1.5531E+19   2.4737E+19   4.7689E+19   6.4444E+19   7.7164E+19   9.2171E+19   1.0947E+20   1.2178E+20   1.4081E+20   1.5653E+20   1.6967E+20   1.8252E+20   1.9464E+20   2.0146E+20   2.0784E+20   2.1519E+20   2.2351E+20   2.3318E+20   2.3844E+20
    2.0999E-02   1.2353E+19   1.6932E+19   2.6822E+19   5.1485E+19   6.9735E+19   8.3649E+19   1.0015E+20   1.1930E+20   1.3286E+20   1.5388E+20   1.7121E+20   1.8574E+20   1.9982E+20   2.1304E+20   2.2055E+20   2.2751E+20   2.3553E+20   2.4457E+20   2.5494E+20   2.6089E+20
    2.1992E-02   1.3470E+19   1.8461E+19   2.9091E+19   5.5582E+19   7.5451E+19   9.0662E+19   1.0879E+20   1.2999E+20   1.4492E+20   1.6814E+20   1.8723E+20   2.0331E+20   2.1875E+20   2.3315E+20   2.4145E+20   2.4903E+20   2.5776E+20   2.6758E+20   2.7868E+20   2.8540E+20
    2.3032E-02   1.4688E+19   2.0130E+19   3.1563E+19   6.0006E+19   8.1625E+19   9.8244E+19   1.1814E+20   1.4160E+20   1.5804E+20   1.8370E+20   2.0473E+20   2.2252E+20   2.3945E+20   2.5515E+20   2.6429E+20   2.7255E+20   2.8206E+20   2.9273E+20   3.0460E+20   3.1214E+20
    2.4121E-02   1.6017E+19   2.1951E+19   3.4254E+19   6.4785E+19   8.8294E+19   1.0644E+20   1.2827E+20   1.5421E+20   1.7232E+20   2.0067E+20   2.2384E+20   2.4353E+20   2.6209E+20   2.7919E+20   2.8928E+20   2.9826E+20   3.0861E+20   3.2021E+20   3.3289E+20   3.4132E+20
    2.5262E-02   1.7465E+19   2.3939E+19   3.7184E+19   6.9947E+19   9.5499E+19   1.1530E+20   1.3922E+20   1.6789E+20   1.8785E+20   2.1918E+20   2.4470E+20   2.6649E+20   2.8684E+20   3.0548E+20   3.1659E+20   3.2637E+20   3.3762E+20   3.5024E+20   3.6374E+20   3.7314E+20
    2.6456E-02   1.9044E+19   2.6109E+19   4.0377E+19   7.5526E+19   1.0328E+20   1.2488E+20   1.5108E+20   1.8274E+20   2.0474E+20   2.3937E+20   2.6747E+20   2.9157E+20   3.1390E+20   3.3421E+20   3.4645E+20   3.5709E+20   3.6931E+20   3.8304E+20   3.9739E+20   4.0783E+20
    2.7707E-02   2.0767E+19   2.8478E+19   4.3856E+19   8.1556E+19   1.1169E+20   1.3523E+20   1.6391E+20   1.9885E+20   2.2310E+20   2.6139E+20   2.9231E+20   3.1898E+20   3.4349E+20   3.6561E+20   3.7908E+20   3.9065E+20   4.0393E+20   4.1886E+20   4.3409E+20   4.4564E+20
    2.9018E-02   2.2645E+19   3.1063E+19   4.7646E+19   8.8077E+19   1.2077E+20   1.4643E+20   1.7778E+20   2.1632E+20   2.4307E+20   2.8539E+20   3.1943E+20   3.4892E+20   3.7582E+20   3.9993E+20   4.1473E+20   4.2731E+20   4.4174E+20   4.5798E+20   4.7409E+20   4.8684E+20
    3.0390E-02   2.4693E+19   3.3885E+19   5.1778E+19   9.5132E+19   1.3058E+20   1.5853E+20   1.9279E+20   2.3526E+20   2.6477E+20   3.1156E+20   3.4901E+20   3.8162E+20   4.1115E+20   4.3742E+20   4.5369E+20   4.6736E+20   4.8303E+20   5.0068E+20   5.1769E+20   5.3172E+20
    3.1827E-02   2.6926E+19   3.6965E+19   5.6281E+19   1.0277E+20   1.4119E+20   1.7161E+20   2.0903E+20   2.5578E+20   2.8835E+20   3.4009E+20   3.8129E+20   4.1732E+20   4.4975E+20   4.7840E+20   4.9624E+20   5.1109E+20   5.2811E+20   5.4729E+20   5.6519E+20   5.8060E+20
    3.3332E-02   2.9361E+19   4.0327E+19   6.1190E+19   1.1103E+20   1.5265E+20   1.8575E+20   2.2659E+20   2.7803E+20   3.1397E+20   3.7117E+20   4.1651E+20   4.5629E+20   4.9192E+20   5.2316E+20   5.4272E+20   5.5883E+20   5.7732E+20   5.9814E+20   6.1693E+20   6.3382E+20
    3.4908E-02   3.2016E+19   4.3996E+19   6.6543E+19   1.1998E+20   1.6503E+20   2.0105E+20   2.4558E+20   3.0214E+20   3.4179E+20   4.0505E+20   4.5492E+20   4.9882E+20   5.3799E+20   5.7205E+20   5.9347E+20   6.1096E+20   6.3104E+20   6.5361E+20   6.7327E+20   6.9173E+20
    3.6559E-02   3.4911E+19   4.8002E+19   7.2379E+19   1.2968E+20   1.7842E+20   2.1759E+20   2.6612E+20   3.2826E+20   3.7201E+20   4.4195E+20   4.9681E+20   5.4524E+20   5.8829E+20   6.2545E+20   6.4888E+20   6.6785E+20   6.8967E+20   7.1410E+20   7.3461E+20   7.5474E+20
    3.8288E-02   3.8067E+19   5.2373E+19   7.8744E+19   1.4019E+20   1.9290E+20   2.3548E+20   2.8835E+20   3.5654E+20   4.0483E+20   4.8214E+20   5.4250E+20   5.9588E+20   6.4322E+20   6.8377E+20   7.0937E+20   7.2995E+20   7.5365E+20   7.8005E+20   8.0136E+20   8.2326E+20
    4.0099E-02   4.1508E+19   5.7145E+19   8.5687E+19   1.5158E+20   2.0855E+20   2.5483E+20   3.1238E+20   3.8718E+20   4.4046E+20   5.2591E+20   5.9231E+20   6.5113E+20   7.0318E+20   7.4744E+20   7.7539E+20   7.9770E+20   8.2344E+20   8.5193E+20   8.7398E+20   8.9777E+20
    4.1995E-02   4.5260E+19   6.2352E+19   9.3259E+19   1.6394E+20   2.2548E+20   2.7576E+20   3.3838E+20   4.2035E+20   4.7912E+20   5.7356E+20   6.4663E+20   7.1139E+20   7.6864E+20   8.1695E+20   8.4744E+20   8.7161E+20   8.9958E+20   9.3025E+20   9.5296E+20   9.7876E+20
    4.3981E-02   4.9349E+19   6.8035E+19   1.0152E+20   1.7735E+20   2.4380E+20   2.9840E+20   3.6651E+20   4.5627E+20   5.2109E+20   6.2542E+20   7.0583E+20   7.7710E+20   8.4007E+20   8.9282E+20   9.2607E+20   9.5224E+20   9.8261E+20   1.0156E+21   1.0388E+21   1.0668E+21
    4.6061E-02   5.3807E+19   7.4238E+19   1.1053E+20   1.9191E+20   2.6362E+20   3.2289E+20   3.9694E+20   4.9516E+20   5.6662E+20   6.8185E+20   7.7036E+20   8.4875E+20   9.1800E+20   9.7561E+20   1.0118E+21   1.0402E+21   1.0731E+21   1.1084E+21   1.1322E+21   1.1623E+21
    4.8239E-02   5.8665E+19   8.1006E+19   1.2036E+20   2.0771E+20   2.8507E+20   3.4941E+20   4.2986E+20   5.3726E+20   6.1601E+20   7.4324E+20   8.4068E+20   9.2686E+20   1.0030E+21   1.0659E+21   1.1054E+21   1.1360E+21   1.1718E+21   1.2096E+21   1.2336E+21   1.2661E+21
    5.0520E-02   6.3960E+19   8.8392E+19   1.3109E+20   2.2487E+20   3.0830E+20   3.7810E+20   4.6550E+20   5.8283E+20   6.6958E+20   8.1000E+20   9.1729E+20   1.0120E+21   1.0958E+21   1.1645E+21   1.2075E+21   1.2406E+21   1.2794E+21   1.3196E+21   1.3437E+21   1.3787E+21
    5.2909E-02   6.9729E+19   9.6451E+19   1.4280E+20   2.4352E+20   3.3346E+20   4.0917E+20   5.0408E+20   6.3220E+20   7.2771E+20   8.8264E+20   1.0008E+21   1.1049E+21   1.1970E+21   1.2720E+21   1.3188E+21   1.3545E+21   1.3966E+21   1.4394E+21   1.4633E+21   1.5010E+21
    5.5411E-02   7.5934E+19   1.0522E+20   1.5571E+20   2.6426E+20   3.6129E+20   4.4336E+20   5.4637E+20   6.8608E+20   7.9108E+20   9.6176E+20   1.0918E+21   1.2060E+21   1.3072E+21   1.3892E+21   1.4401E+21   1.4786E+21   1.5241E+21   1.5695E+21   1.5930E+21   1.6334E+21
    5.8032E-02   8.2752E+19   1.1479E+20   1.6964E+20   2.8632E+20   3.9088E+20   4.7985E+20   5.9165E+20   7.4399E+20   8.5947E+20   1.0476E+21   1.1908E+21   1.3162E+21   1.4274E+21   1.5171E+21   1.5725E+21   1.6139E+21   1.6632E+21   1.7112E+21   1.7338E+21   1.7771E+21
    6.0776E-02   9.0175E+19   1.2523E+20   1.8485E+20   3.1031E+20   4.2294E+20   5.1935E+20   6.4065E+20   8.0664E+20   9.3358E+20   1.1408E+21   1.2986E+21   1.4361E+21   1.5584E+21   1.6564E+21   1.7166E+21   1.7612E+21   1.8144E+21   1.8650E+21   1.8864E+21   1.9327E+21
    6.3650E-02   9.8255E+19   1.3662E+20   2.0144E+20   3.3639E+20   4.5770E+20   5.6213E+20   6.9371E+20   8.7446E+20   1.0139E+21   1.2420E+21   1.4159E+21   1.5667E+21   1.7011E+21   1.8081E+21   1.8736E+21   1.9215E+21   1.9789E+21   2.0322E+21   2.0517E+21   2.1013E+21
    6.6660E-02   1.0705E+20   1.4904E+20   2.1954E+20   3.6476E+20   4.9540E+20   6.0849E+20   7.5119E+20   9.4789E+20   1.1010E+21   1.3519E+21   1.5435E+21   1.7089E+21   1.8564E+21   1.9735E+21   2.0446E+21   2.0961E+21   2.1579E+21   2.2137E+21   2.2308E+21   2.2837E+21
    6.9813E-02   1.1662E+20   1.6257E+20   2.3929E+20   3.9564E+20   5.3629E+20   6.5872E+20   8.1345E+20   1.0274E+21   1.1953E+21   1.4712E+21   1.6823E+21   1.8635E+21   2.0256E+21   2.1536E+21   2.2308E+21   2.2861E+21   2.3525E+21   2.4108E+21   2.4247E+21   2.4810E+21
    7.3114E-02   1.2702E+20   1.7733E+20   2.6084E+20   4.2923E+20   5.8066E+20   7.1316E+20   8.8090E+20   1.1135E+21   1.2976E+21   1.6007E+21   1.8332E+21   2.0319E+21   2.2098E+21   2.3497E+21   2.4334E+21   2.4928E+21   2.5639E+21   2.6247E+21   2.6344E+21   2.6944E+21
    7.6571E-02   1.3834E+20   1.9341E+20   2.8435E+20   4.6581E+20   6.2882E+20   7.7218E+20   9.5400E+20   1.2067E+21   1.4084E+21   1.7413E+21   1.9973E+21   2.2150E+21   2.4102E+21   2.5632E+21   2.6539E+21   2.7177E+21   2.7936E+21   2.8567E+21   2.8613E+21   2.9251E+21
    8.0193E-02   1.5065E+20   2.1093E+20   3.1000E+20   5.0562E+20   6.8111E+20   8.3618E+20   1.0332E+21   1.3077E+21   1.5285E+21   1.8938E+21   2.1757E+21   2.4141E+21   2.6283E+21   2.7956E+21   2.8938E+21   2.9623E+21   3.0431E+21   3.1084E+21   3.1066E+21   3.1742E+21
    8.3985E-02   1.6403E+20   2.3003E+20   3.3799E+20   5.4898E+20   7.3789E+20   9.0558E+20   1.1191E+21   1.4170E+21   1.6586E+21   2.0592E+21   2.3697E+21   2.6307E+21   2.8656E+21   3.0484E+21   3.1546E+21   3.2282E+21   3.3139E+21   3.3811E+21   3.3715E+21   3.4432E+21
    8.7956E-02   1.7857E+20   2.5083E+20   3.6852E+20   5.9620E+20   7.9957E+20   9.8086E+20   1.2122E+21   1.5355E+21   1.7996E+21   2.2386E+21   2.5804E+21   2.8662E+21   3.1236E+21   3.3234E+21   3.4381E+21   3.5173E+21   3.6078E+21   3.6767E+21   3.6576E+21   3.7335E+21
    9.2116E-02   1.9437E+20   2.7349E+20   4.0182E+20   6.4763E+20   8.6659E+20   1.0626E+21   1.3132E+21   1.6638E+21   1.9524E+21   2.4331E+21   2.8093E+21   3.1222E+21   3.4041E+21   3.6224E+21   3.7463E+21   3.8314E+21   3.9266E+21   3.9969E+21   3.9664E+21   4.0465E+21
    9.6472E-02   2.1152E+20   2.9816E+20   4.3815E+20   7.0365E+20   9.3943E+20   1.1512E+21   1.4227E+21   1.8029E+21   2.1180E+21   2.6440E+21   3.0580E+21   3.4004E+21   3.7091E+21   3.9473E+21   4.0810E+21   4.1726E+21   4.2722E+21   4.3435E+21   4.2994E+21   4.3839E+21
    1.0103E-01   2.3015E+20   3.2503E+20   4.7777E+20   7.6469E+20   1.0186E+21   1.2474E+21   1.5415E+21   1.9536E+21   2.2975E+21   2.8727E+21   3.3280E+21   3.7027E+21   4.0404E+21   4.3004E+21   4.4445E+21   4.5432E+21   4.6469E+21   4.7186E+21   4.6584E+21   4.7473E+21
    1.0581E-01   2.5037E+20   3.5427E+20   5.2099E+20   8.3119E+20   1.1047E+21   1.3519E+21   1.6703E+21   2.1170E+21   2.4920E+21   3.1206E+21   3.6212E+21   4.0312E+21   4.4004E+21   4.6838E+21   4.8391E+21   4.9454E+21   5.0529E+21   5.1244E+21   5.0452E+21   5.1386E+21
    1.1082E-01   2.7230E+20   3.8609E+20   5.6811E+20   9.0365E+20   1.1983E+21   1.4653E+21   1.8102E+21   2.2941E+21   2.7027E+21   3.3893E+21   3.9394E+21   4.3879E+21   4.7914E+21   5.1001E+21   5.2673E+21   5.3818E+21   5.4925E+21   5.5631E+21   5.4617E+21   5.5596E+21
    1.1606E-01   2.9610E+20   4.2071E+20   6.1949E+20   9.8262E+20   1.3001E+21   1.5885E+21   1.9619E+21   2.4861E+21   2.9312E+21   3.6805E+21   4.2848E+21   4.7753E+21   5.2159E+21   5.5520E+21   5.7318E+21   5.8552E+21   5.9685E+21   6.0371E+21   5.9099E+21   6.0122E+21
    1.2154E-01   3.2189E+20   4.5837E+20   6.7551E+20   1.0687E+21   1.4109E+21   1.7224E+21   2.1266E+21   2.6943E+21   3.1788E+21   3.9961E+21   4.6596E+21   5.1959E+21   5.6767E+21   6.0421E+21   6.2354E+21   6.3684E+21   6.4835E+21   6.5491E+21   6.3920E+21   6.4986E+21
    1.2729E-01   3.4985E+20   4.9931E+20   7.3657E+20   1.1625E+21   1.5314E+21   1.8678E+21   2.3055E+21   2.9201E+21   3.4472E+21   4.3381E+21   5.0662E+21   5.6524E+21   6.1768E+21   6.5737E+21   6.7813E+21   6.9246E+21   7.0407E+21   7.1017E+21   6.9102E+21   7.0209E+21
    1.3331E-01   3.8014E+20   5.4382E+20   8.0312E+20   1.2647E+21   1.6625E+21   2.0259E+21   2.4996E+21   3.1650E+21   3.7381E+21   4.7088E+21   5.5073E+21   6.1478E+21   6.7193E+21   7.1499E+21   7.3728E+21   7.5269E+21   7.6431E+21   7.6979E+21   7.4668E+21   7.5813E+21
    1.3962E-01   4.1293E+20   5.9218E+20   8.7564E+20   1.3761E+21   1.8053E+21   2.1976E+21   2.7104E+21   3.4308E+21   4.0535E+21   5.1104E+21   5.9856E+21   6.6852E+21   7.3077E+21   7.7743E+21   8.0134E+21   8.1789E+21   8.2941E+21   8.3407E+21   8.0645E+21   8.1824E+21
    1.4622E-01   4.4842E+20   6.4472E+20   9.5465E+20   1.4975E+21   1.9606E+21   2.3844E+21   2.9394E+21   3.7191E+21   4.3955E+21   5.5457E+21   6.5042E+21   7.2681E+21   7.9456E+21   8.4506E+21   8.7067E+21   8.8843E+21   8.9973E+21   9.0334E+21   8.7058E+21   8.8265E+21
    1.5313E-01   4.8681E+20   7.0177E+20   1.0407E+21   1.6298E+21   2.1297E+21   2.5874E+21   3.1881E+21   4.0319E+21   4.7662E+21   6.0174E+21   7.0664E+21   7.9001E+21   8.6371E+21   9.1828E+21   9.4569E+21   9.6472E+21   9.7566E+21   9.7793E+21   9.3934E+21   9.5162E+21
    1.6038E-01   5.2832E+20   7.6369E+20   1.1345E+21   1.7740E+21   2.3138E+21   2.8081E+21   3.4582E+21   4.3714E+21   5.1681E+21   6.5286E+21   7.6757E+21   8.5852E+21   9.3864E+21   9.9752E+21   1.0268E+22   1.0472E+22   1.0576E+22   1.0582E+22   1.0130E+22   1.0254E+22
    1.6796E-01   5.7318E+20   8.3088E+20   1.2365E+21   1.9312E+21   2.5141E+21   3.0481E+21   3.7516E+21   4.7398E+21   5.6040E+21   7.0826E+21   8.3361E+21   9.3276E+21   1.0198E+22   1.0832E+22   1.1145E+22   1.1362E+22   1.1459E+22   1.1445E+22   1.0919E+22   1.1043E+22
    1.7590E-01   6.2163E+20   9.0375E+20   1.3476E+21   2.1024E+21   2.7323E+21   3.3091E+21   4.0704E+21   5.1397E+21   6.0766E+21   7.6830E+21   9.0516E+21   1.0132E+22   1.1077E+22   1.1759E+22   1.2093E+22   1.2323E+22   1.2412E+22   1.2373E+22   1.1764E+22   1.1886E+22
    1.8422E-01   6.7392E+20   9.8276E+20   1.4685E+21   2.2890E+21   2.9698E+21   3.5929E+21   4.4168E+21   5.5738E+21   6.5891E+21   8.3336E+21   9.8266E+21   1.1003E+22   1.2028E+22   1.2761E+22   1.3116E+22   1.3360E+22   1.3438E+22   1.3370E+22   1.2667E+22   1.2786E+22
    1.9293E-01   7.3031E+20   1.0684E+21   1.6001E+21   2.4922E+21   3.2283E+21   3.9016E+21   4.7932E+21   6.0449E+21   7.1449E+21   9.0387E+21   1.0666E+22   1.1947E+22   1.3058E+22   1.3843E+22   1.4220E+22   1.4478E+22   1.4542E+22   1.4440E+22   1.3631E+22   1.3746E+22
    2.0206E-01   7.9110E+20   1.1611E+21   1.7432E+21   2.7137E+21   3.5098E+21   4.2374E+21   5.2021E+21   6.5564E+21   7.7477E+21   9.8029E+21   1.1575E+22   1.2968E+22   1.4171E+22   1.5011E+22   1.5412E+22   1.5683E+22   1.5731E+22   1.5587E+22   1.4662E+22   1.4769E+22
    2.1161E-01   8.5658E+20   1.2614E+21   1.8987E+21   2.9548E+21   3.8163E+21   4.6026E+21   5.6464E+21   7.1117E+21   8.4013E+21   1.0631E+22   1.2559E+22   1.4073E+22   1.5376E+22   1.6272E+22   1.6697E+22   1.6980E+22   1.7009E+22   1.6817E+22   1.5761E+22   1.5858E+22
    2.2162E-01   9.2707E+20   1.3700E+21   2.0678E+21   3.2174E+21   4.1498E+21   4.9998E+21   6.1293E+21   7.7144E+21   9.1102E+21   1.1528E+22   1.3624E+22   1.5269E+22   1.6677E+22   1.7633E+22   1.8081E+22   1.8377E+22   1.8382E+22   1.8135E+22   1.6932E+22   1.7016E+22
    2.3210E-01   1.0029E+21   1.4875E+21   2.2516E+21   3.5034E+21   4.5129E+21   5.4318E+21   6.6539E+21   8.3687E+21   9.8790E+21   1.2500E+22   1.4776E+22   1.6562E+22   1.8084E+22   1.9099E+22   1.9573E+22   1.9879E+22   1.9856E+22   1.9545E+22   1.8180E+22   1.8247E+22
    2.4307E-01   1.0843E+21   1.6143E+21   2.4512E+21   3.8147E+21   4.9081E+21   5.9017E+21   7.2239E+21   9.0790E+21   1.0713E+22   1.3553E+22   1.6023E+22   1.7960E+22   1.9603E+22   2.0679E+22   2.1178E+22   2.1493E+22   2.1439E+22   2.1053E+22   1.9508E+22   1.9553E+22
    2.5457E-01   1.1718E+21   1.7514E+21   2.6679E+21   4.1534E+21   5.3381E+21   6.4126E+21   7.8432E+21   9.8499E+21   1.1617E+22   1.4694E+22   1.7371E+22   1.9471E+22   2.1242E+22   2.2382E+22   2.2906E+22   2.3227E+22   2.3135E+22   2.2665E+22   2.0920E+22   2.0939E+22
    2.6661E-01   1.2655E+21   1.8993E+21   2.9031E+21   4.5221E+21   5.8059E+21   6.9682E+21   8.5161E+21   1.0687E+22   1.2597E+22   1.5930E+22   1.8829E+22   2.1104E+22   2.3012E+22   2.4214E+22   2.4764E+22   2.5088E+22   2.4954E+22   2.4387E+22   2.2420E+22   2.2406E+22
    2.7922E-01   1.3661E+21   2.0588E+21   3.1582E+21   4.9230E+21   6.3149E+21   7.5722E+21   9.2469E+21   1.1594E+22   1.3659E+22   1.7267E+22   2.0406E+22   2.2867E+22   2.4920E+22   2.6185E+22   2.6760E+22   2.7084E+22   2.6901E+22   2.6225E+22   2.4011E+22   2.3959E+22
    2.9242E-01   1.4737E+21   2.2308E+21   3.4349E+21   5.3591E+21   6.8684E+21   8.2289E+21   1.0041E+22   1.2580E+22   1.4811E+22   1.8716E+22   2.2109E+22   2.4770E+22   2.6977E+22   2.8306E+22   2.8905E+22   2.9225E+22   2.8984E+22   2.8184E+22   2.5698E+22   2.5601E+22
    3.0625E-01   1.5888E+21   2.4160E+21   3.7347E+21   5.8332E+21   7.4703E+21   8.9425E+21   1.0903E+22   1.3648E+22   1.6060E+22   2.0283E+22   2.3949E+22   2.6825E+22   2.9193E+22   3.0584E+22   3.1207E+22   3.1517E+22   3.1211E+22   3.0271E+22   2.7485E+22   2.7334E+22
    3.2073E-01   1.7118E+21   2.6153E+21   4.0595E+21   6.3484E+21   8.1246E+21   9.7179E+21   1.1839E+22   1.4808E+22   1.7412E+22   2.1979E+22   2.5936E+22   2.9040E+22   3.1578E+22   3.3031E+22   3.3676E+22   3.3971E+22   3.3591E+22   3.2494E+22   2.9375E+22   2.9161E+22
    3.3590E-01   1.8430E+21   2.8297E+21   4.4110E+21   6.9081E+21   8.8356E+21   1.0560E+22   1.2854E+22   1.6065E+22   1.8878E+22   2.3813E+22   2.8081E+22   3.1429E+22   3.4146E+22   3.5658E+22   3.6323E+22   3.6596E+22   3.6131E+22   3.4857E+22   3.1372E+22   3.1086E+22
    3.5178E-01   1.9827E+21   3.0599E+21   4.7914E+21   7.5159E+21   9.6080E+21   1.1475E+22   1.3957E+22   1.7427E+22   2.0465E+22   2.5796E+22   3.0396E+22   3.4003E+22   3.6906E+22   3.8475E+22   3.9159E+22   3.9401E+22   3.8841E+22   3.7369E+22   3.3480E+22   3.3112E+22
    3.6842E-01   2.1315E+21   3.3070E+21   5.2026E+21   8.1755E+21   1.0447E+22   1.2468E+22   1.5153E+22   1.8904E+22   2.2184E+22   2.7940E+22   3.2893E+22   3.6775E+22   3.9873E+22   4.1496E+22   4.2194E+22   4.2397E+22   4.1728E+22   4.0035E+22   3.5703E+22   3.5240E+22
    3.8584E-01   2.2896E+21   3.5719E+21   5.6470E+21   8.8912E+21   1.1357E+22   1.3546E+22   1.6450E+22   2.0505E+22   2.4045E+22   3.0256E+22   3.5585E+22   3.9758E+22   4.3058E+22   4.4731E+22   4.5439E+22   4.5593E+22   4.4802E+22   4.2863E+22   3.8044E+22   3.7474E+22
    4.0409E-01   2.4575E+21   3.8558E+21   6.1268E+21   9.6672E+21   1.2345E+22   1.4715E+22   1.7856E+22   2.2238E+22   2.6058E+22   3.2758E+22   3.8486E+22   4.2967E+22   4.6476E+22   4.8193E+22   4.8907E+22   4.9000E+22   4.8072E+22   4.5859E+22   4.0507E+22   3.9817E+22
    4.2320E-01   2.6355E+21   4.1596E+21   6.6445E+21   1.0508E+22   1.3417E+22   1.5983E+22   1.9379E+22   2.4114E+22   2.8235E+22   3.5458E+22   4.1610E+22   4.6416E+22   5.0140E+22   5.1896E+22   5.2610E+22   5.2629E+22   5.1548E+22   4.9030E+22   4.3096E+22   4.2270E+22
    4.4321E-01   2.8238E+21   4.4843E+21   7.2026E+21   1.1419E+22   1.4578E+22   1.7357E+22   2.1029E+22   2.6144E+22   3.0589E+22   3.8371E+22   4.4972E+22   5.0120E+22   5.4065E+22   5.5854E+22   5.6559E+22   5.6490E+22   5.5237E+22   5.2383E+22   4.5814E+22   4.4838E+22
    4.6417E-01   3.0226E+21   4.8309E+21   7.8036E+21   1.2405E+22   1.5836E+22   1.8846E+22   2.2816E+22   2.8340E+22   3.3133E+22   4.1512E+22   4.8589E+22   5.4096E+22   5.8267E+22   6.0078E+22   6.0768E+22   6.0595E+22   5.9149E+22   5.5923E+22   4.8664E+22   4.7521E+22
    4.8612E-01   3.2323E+21   5.2005E+21   8.4504E+21   1.3471E+22   1.7198E+22   2.0457E+22   2.4748E+22   3.0714E+22   3.5879E+22   4.4896E+22   5.2477E+22   5.8359E+22   6.2760E+22   6.4585E+22   6.5248E+22   6.4955E+22   6.3293E+22   5.9657E+22   5.1650E+22   5.0323E+22
    5.0911E-01   3.4518E+21   5.5930E+21   9.1450E+21   1.4623E+22   1.8670E+22   2.2199E+22   2.6837E+22   3.3277E+22   3.8843E+22   4.8540E+22   5.6652E+22   6.2926E+22   6.7561E+22   6.9388E+22   7.0013E+22   6.9580E+22   6.7679E+22   6.3592E+22   5.4776E+22   5.3246E+22
    5.3318E-01   3.6833E+21   6.0111E+21   9.8914E+21   1.5867E+22   2.0263E+22   2.4083E+22   2.9094E+22   3.6045E+22   4.2040E+22   5.2462E+22   6.1134E+22   6.7816E+22   7.2685E+22   7.4501E+22   7.5075E+22   7.4482E+22   7.2315E+22   6.7734E+22   5.8046E+22   5.6294E+22
    5.5840E-01   3.9260E+21   6.4548E+21   1.0692E+22   1.7209E+22   2.1982E+22   2.6118E+22   3.1531E+22   3.9030E+22   4.5485E+22   5.6677E+22   6.5939E+22   7.3044E+22   7.8149E+22   7.9940E+22   8.0447E+22   7.9671E+22   7.7209E+22   7.2088E+22   6.1463E+22   5.9470E+22
    5.8480E-01   4.1797E+21   6.9250E+21   1.1549E+22   1.8655E+22   2.3838E+22   2.8314E+22   3.4159E+22   4.2247E+22   4.9195E+22   6.1206E+22   7.1088E+22   7.8630E+22   8.3970E+22   8.5717E+22   8.6141E+22   8.5160E+22   8.2371E+22   7.6661E+22   6.5032E+22   6.2777E+22
    6.1246E-01   4.4443E+21   7.4223E+21   1.2466E+22   2.0211E+22   2.5838E+22   3.0681E+22   3.6992E+22   4.5711E+22   5.3186E+22   6.6066E+22   7.6598E+22   8.4591E+22   9.0163E+22   9.1849E+22   9.2170E+22   9.0957E+22   8.7809E+22   8.1459E+22   6.8757E+22   6.6220E+22
    6.4142E-01   4.7194E+21   7.9473E+21   1.3446E+22   2.1885E+22   2.7991E+22   3.3230E+22   4.0041E+22   4.9437E+22   5.7474E+22   7.1277E+22   8.2490E+22   9.0946E+22   9.6747E+22   9.8349E+22   9.8547E+22   9.7074E+22   9.3531E+22   8.6488E+22   7.2644E+22   6.9803E+22
    6.7175E-01   5.0032E+21   8.4996E+21   1.4490E+22   2.3682E+22   3.0307E+22   3.5973E+22   4.3320E+22   5.3441E+22   6.2078E+22   7.6857E+22   8.8782E+22   9.7714E+22   1.0374E+23   1.0523E+23   1.0528E+23   1.0352E+23   9.9544E+22   9.1753E+22   7.6699E+22   7.3533E+22
    7.0352E-01   5.2982E+21   9.0812E+21   1.5603E+22   2.5610E+22   3.2795E+22   3.8920E+22   4.6843E+22   5.7739E+22   6.7016E+22   8.2826E+22   9.5495E+22   1.0491E+23   1.1115E+23   1.1251E+23   1.1239E+23   1.1031E+23   1.0586E+23   9.7262E+22   8.0929E+22   7.7415E+22
    7.3679E-01   5.6019E+21   9.6910E+21   1.6785E+22   2.7675E+22   3.5464E+22   4.2082E+22   5.0621E+22   6.2346E+22   7.2304E+22   8.9203E+22   1.0265E+23   1.1256E+23   1.1900E+23   1.2020E+23   1.1988E+23   1.1744E+23   1.1248E+23   1.0302E+23   8.5341E+22   8.1457E+22
    7.7163E-01   5.9123E+21   1.0328E+22   1.8039E+22   2.9882E+22   3.8323E+22   4.5470E+22   5.4669E+22   6.7278E+22   7.7960E+22   9.6008E+22   1.1026E+23   1.2067E+23   1.2730E+23   1.2831E+23   1.2776E+23   1.2494E+23   1.1942E+23   1.0904E+23   8.9944E+22   8.5668E+22
    8.0812E-01   6.2308E+21   1.0994E+22   1.9367E+22   3.2238E+22   4.1380E+22   4.9094E+22   5.8998E+22   7.2551E+22   8.4001E+22   1.0326E+23   1.1835E+23   1.2927E+23   1.3608E+23   1.3685E+23   1.3604E+23   1.3280E+23   1.2668E+23   1.1532E+23   9.4749E+22   9.0058E+22
    8.4634E-01   6.5548E+21   1.1685E+22   2.0770E+22   3.4749E+22   4.4643E+22   5.2966E+22   6.3622E+22   7.8179E+22   9.0444E+22   1.1097E+23   1.2693E+23   1.3836E+23   1.4534E+23   1.4584E+23   1.4474E+23   1.4104E+23   1.3427E+23   1.2188E+23   9.9766E+22   9.4638E+22
    8.8636E-01   6.8352E+21   1.2371E+22   2.2229E+22   3.7408E+22   4.8114E+22   5.7088E+22   6.8549E+22   8.4174E+22   9.7303E+22   1.1917E+23   1.3602E+23   1.4797E+23   1.5509E+23   1.5529E+23   1.5386E+23   1.4967E+23   1.4221E+23   1.2873E+23   1.0501E+23   9.9423E+22
    9.2828E-01   7.1638E+21   1.3109E+22   2.3781E+22   4.0238E+22   5.1811E+22   6.1479E+22   7.3795E+22   9.0554E+22   1.0460E+23   1.2786E+23   1.4565E+23   1.5812E+23   1.6536E+23   1.6521E+23   1.6341E+23   1.5869E+23   1.5050E+23   1.3588E+23   1.1050E+23   1.0443E+23
    9.7218E-01   7.4930E+21   1.3868E+22   2.5407E+22   4.3235E+22   5.5734E+22   6.6142E+22   7.9366E+22   9.7327E+22   1.1233E+23   1.3706E+23   1.5581E+23   1.6880E+23   1.7615E+23   1.7561E+23   1.7341E+23   1.6813E+23   1.5915E+23   1.4334E+23   1.1624E+23   1.0967E+23
    1.0182E+00   7.8202E+21   1.4645E+22   2.7105E+22   4.6398E+22   5.9886E+22   7.1081E+22   8.5270E+22   1.0450E+23   1.2053E+23   1.4679E+23   1.6653E+23   1.8004E+23   1.8747E+23   1.8650E+23   1.8386E+23   1.7798E+23   1.6818E+23   1.5112E+23   1.2226E+23   1.1516E+23
    1.0663E+00   8.1428E+21   1.5437E+22   2.8872E+22   4.9729E+22   6.4270E+22   7.6302E+22   9.1513E+22   1.1209E+23   1.2919E+23   1.5705E+23   1.7781E+23   1.9184E+23   1.9934E+23   1.9789E+23   1.9478E+23   1.8826E+23   1.7761E+23   1.5926E+23   1.2859E+23   1.2094E+23
    1.1167E+00   8.4580E+21   1.6238E+22   3.0706E+22   5.3227E+22   6.8888E+22   8.1807E+22   9.8100E+22   1.2010E+23   1.3832E+23   1.6785E+23   1.8967E+23   2.0422E+23   2.1175E+23   2.0979E+23   2.0618E+23   1.9899E+23   1.8744E+23   1.6776E+23   1.3525E+23   1.2702E+23
    1.1695E+00   8.7620E+21   1.7045E+22   3.2599E+22   5.6888E+22   7.3737E+22   8.7595E+22   1.0503E+23   1.2853E+23   1.4793E+23   1.7921E+23   2.0210E+23   2.1718E+23   2.2473E+23   2.2222E+23   2.1806E+23   2.1018E+23   1.9770E+23   1.7666E+23   1.4226E+23   1.3344E+23
    1.2248E+00   9.0405E+21   1.7850E+22   3.4547E+22   6.0707E+22   7.8813E+22   9.3665E+22   1.1231E+23   1.3738E+23   1.5803E+23   1.9112E+23   2.1513E+23   2.3073E+23   2.3828E+23   2.3518E+23   2.3046E+23   2.2185E+23   2.0842E+23   1.8598E+23   1.4966E+23   1.4023E+23
    1.2828E+00   9.3144E+21   1.8651E+22   3.6540E+22   6.4677E+22   8.4112E+22   1.0001E+23   1.1992E+23   1.4665E+23   1.6860E+23   2.0358E+23   2.2874E+23   2.4487E+23   2.5240E+23   2.4869E+23   2.4337E+23   2.3402E+23   2.1961E+23   1.9575E+23   1.5748E+23   1.4741E+23
    1.3434E+00   9.5665E+21   1.9439E+22   3.8569E+22   6.8788E+22   8.9624E+22   1.0662E+23   1.2787E+23   1.5634E+23   1.7965E+23   2.1659E+23   2.4294E+23   2.5961E+23   2.6712E+23   2.6277E+23   2.5683E+23   2.4672E+23   2.3131E+23   2.0602E+23   1.6577E+23   1.5504E+23
    1.4070E+00   9.7301E+21   2.0155E+22   4.0595E+22   7.3015E+22   9.5328E+22   1.1349E+23   1.3614E+23   1.6644E+23   1.9118E+23   2.3016E+23   2.5773E+23   2.7496E+23   2.8243E+23   2.7742E+23   2.7086E+23   2.5998E+23   2.4355E+23   2.1681E+23   1.7458E+23   1.6316E+23
    1.4735E+00   9.9303E+21   2.0895E+22   4.2662E+22   7.7368E+22   1.0123E+23   1.2060E+23   1.4472E+23   1.7693E+23   2.0316E+23   2.4427E+23   2.7311E+23   2.9090E+23   2.9834E+23   2.9268E+23   2.8548E+23   2.7381E+23   2.5637E+23   2.2817E+23   1.8394E+23   1.7182E+23
    1.5432E+00   1.0101E+22   2.1599E+22   4.4726E+22   8.1818E+22   1.0729E+23   1.2793E+23   1.5359E+23   1.8780E+23   2.1559E+23   2.5891E+23   2.8907E+23   3.0746E+23   3.1488E+23   3.0857E+23   3.0072E+23   2.8828E+23   2.6982E+23   2.4016E+23   1.9392E+23   1.8106E+23
    1.6162E+00   1.0234E+22   2.2257E+22   4.6773E+22   8.6343E+22   1.1350E+23   1.3547E+23   1.6273E+23   1.9903E+23   2.2844E+23   2.7407E+23   3.0561E+23   3.2463E+23   3.3206E+23   3.2511E+23   3.1662E+23   3.0340E+23   2.8394E+23   2.5282E+23   2.0457E+23   1.9096E+23
    1.6926E+00   1.0319E+22   2.2858E+22   4.8784E+22   9.0919E+22   1.1984E+23   1.4318E+23   1.7212E+23   2.1061E+23   2.4171E+23   2.8974E+23   3.2273E+23   3.4242E+23   3.4989E+23   3.4234E+23   3.3322E+23   3.1924E+23   2.9879E+23   2.6623E+23   2.1596E+23   2.0157E+23
    1.7726E+00   1.0305E+22   2.3369E+22   5.0738E+22   9.5523E+22   1.2626E+23   1.5105E+23   1.8173E+23   2.2249E+23   2.5537E+23   3.0591E+23   3.4041E+23   3.6084E+23   3.6840E+23   3.6029E+23   3.5056E+23   3.3585E+23   3.1442E+23   2.8044E+23   2.2816E+23   2.1296E+23
    1.8564E+00   1.0233E+22   2.3794E+22   5.2622E+22   1.0013E+23   1.3276E+23   1.5904E+23   1.9154E+23   2.3467E+23   2.6940E+23   3.2256E+23   3.5867E+23   3.7991E+23   3.8761E+23   3.7901E+23   3.6869E+23   3.5327E+23   3.3090E+23   2.9553E+23   2.4124E+23   2.2521E+23
    1.9442E+00   1.0189E+22   2.4173E+22   5.4411E+22   1.0470E+23   1.3928E+23   1.6711E+23   2.0150E+23   2.4711E+23   2.8377E+23   3.3968E+23   3.7749E+23   3.9963E+23   4.0756E+23   3.9854E+23   3.8767E+23   3.7159E+23   3.4831E+23   3.1157E+23   2.5528E+23   2.3840E+23
    2.0362E+00   1.0034E+22   2.4349E+22   5.6013E+22   1.0917E+23   1.4579E+23   1.7522E+23   2.1158E+23   2.5977E+23   2.9845E+23   3.5725E+23   3.9689E+23   4.2003E+23   4.2828E+23   4.1894E+23   4.0757E+23   3.9086E+23   3.6672E+23   3.2865E+23   2.7038E+23   2.5261E+23
    2.1325E+00   9.8825E+21   2.4501E+22   5.7521E+22   1.1357E+23   1.5226E+23   1.8336E+23   2.2176E+23   2.7264E+23   3.1342E+23   3.7527E+23   4.1686E+23   4.4112E+23   4.4981E+23   4.4027E+23   4.2844E+23   4.1116E+23   3.8622E+23   3.4686E+23   2.8662E+23   2.6794E+23
    2.2333E+00   9.7055E+21   2.4599E+22   5.8912E+22   1.1786E+23   1.5867E+23   1.9148E+23   2.3199E+23   2.8567E+23   3.2866E+23   3.9372E+23   4.3741E+23   4.6294E+23   4.7221E+23   4.6259E+23   4.5037E+23   4.3257E+23   4.0689E+23   3.6630E+23   3.0410E+23   2.8449E+23
    2.3389E+00   9.4653E+21   2.4573E+22   6.0121E+22   1.2198E+23   1.6496E+23   1.9953E+23   2.4224E+23   2.9883E+23   3.4414E+23   4.1260E+23   4.5857E+23   4.8552E+23   4.9551E+23   4.8596E+23   4.7342E+23   4.5518E+23   4.2882E+23   3.8705E+23   3.2293E+23   3.0235E+23
    2.4495E+00   9.0715E+21   2.4310E+22   6.1101E+22   1.2590E+23   1.7110E+23   2.0749E+23   2.5246E+23   3.1210E+23   3.5984E+23   4.3190E+23   4.8033E+23   5.0889E+23   5.1977E+23   5.1046E+23   4.9768E+23   4.7908E+23   4.5211E+23   4.0922E+23   3.4320E+23   3.2164E+23
    2.5654E+00   8.7597E+21   2.4072E+22   6.1910E+22   1.2959E+23   1.7704E+23   2.1531E+23   2.6263E+23   3.2545E+23   3.7574E+23   4.5161E+23   5.0272E+23   5.3309E+23   5.4505E+23   5.3617E+23   5.2323E+23   5.0435E+23   4.7686E+23   4.3292E+23   3.6503E+23   3.4246E+23
    2.6867E+00   8.3865E+21   2.3620E+22   6.2327E+22   1.3293E+23   1.8272E+23   2.2292E+23   2.7270E+23   3.3883E+23   3.9180E+23   4.7174E+23   5.2575E+23   5.5815E+23   5.7140E+23   5.6316E+23   5.5016E+23   5.3109E+23   5.0317E+23   4.5826E+23   3.8853E+23   3.6493E+23
    2.8137E+00   8.0073E+21   2.3172E+22   6.2700E+22   1.3608E+23   1.8818E+23   2.3035E+23   2.8264E+23   3.5223E+23   4.0802E+23   4.9229E+23   5.4944E+23   5.8411E+23   5.9889E+23   5.9150E+23   5.7855E+23   5.5939E+23   5.3114E+23   4.8534E+23   4.1382E+23   3.8918E+23
    2.9468E+00   7.5971E+21   2.2622E+22   6.2841E+22   1.3891E+23   1.9335E+23   2.3752E+23   2.9242E+23   3.6561E+23   4.2436E+23   5.1323E+23   5.7380E+23   6.1101E+23   6.2756E+23   6.2128E+23   6.0848E+23   5.8935E+23   5.6087E+23   5.1426E+23   4.4100E+23   4.1530E+23
    3.0862E+00   7.1524E+21   2.1956E+22   6.2725E+22   1.4139E+23   1.9817E+23   2.4441E+23   3.0199E+23   3.7893E+23   4.4080E+23   5.3458E+23   5.9885E+23   6.3888E+23   6.5747E+23   6.5255E+23   6.4003E+23   6.2104E+23   5.9245E+23   5.4514E+23   4.7019E+23   4.4343E+23
    3.2321E+00   6.6365E+21   2.1089E+22   6.2256E+22   1.4348E+23   2.0262E+23   2.5096E+23   3.1131E+23   3.9216E+23   4.5730E+23   5.5630E+23   6.2458E+23   6.6774E+23   6.8865E+23   6.8538E+23   6.7326E+23   6.5455E+23   6.2598E+23   5.7806E+23   5.0149E+23   4.7367E+23
    3.3849E+00   6.1640E+21   2.0242E+22   6.1620E+22   1.4516E+23   2.0666E+23   2.5712E+23   3.2033E+23   4.0525E+23   4.7383E+23   5.7837E+23   6.5099E+23   6.9759E+23   7.2113E+23   7.1981E+23   7.0824E+23   6.8994E+23   6.6152E+23   6.1312E+23   5.3501E+23   5.0614E+23
    3.5450E+00   5.6857E+21   1.9303E+22   6.0648E+22   1.4633E+23   2.1019E+23   2.6283E+23   3.2898E+23   4.1813E+23   4.9033E+23   6.0076E+23   6.7806E+23   7.2844E+23   7.5494E+23   7.5588E+23   7.4501E+23   7.2728E+23   6.9915E+23   6.5040E+23   5.7083E+23   5.4094E+23
    3.7127E+00   5.2083E+21   1.8321E+22   5.9521E+22   1.4714E+23   2.1327E+23   2.6808E+23   3.3722E+23   4.3075E+23   5.0673E+23   6.2340E+23   7.0573E+23   7.6025E+23   7.9006E+23   7.9361E+23   7.8359E+23   7.6658E+23   7.3891E+23   6.8995E+23   6.0904E+23   5.7815E+23
    3.8882E+00   4.7334E+21   1.7282E+22   5.8152E+22   1.4748E+23   2.1581E+23   2.7279E+23   3.4497E+23   4.4301E+23   5.2294E+23   6.4622E+23   7.3395E+23   7.9298E+23   8.2645E+23   8.3299E+23   8.2399E+23   8.0788E+23   7.8083E+23   7.3182E+23   6.4970E+23   6.1787E+23
    4.0721E+00   4.2642E+21   1.6190E+22   5.6534E+22   1.4729E+23   2.1774E+23   2.7687E+23   3.5212E+23   4.5482E+23   5.3886E+23   6.6910E+23   7.6262E+23   8.2655E+23   8.6408E+23   8.7397E+23   8.6617E+23   8.5115E+23   8.2492E+23   7.7602E+23   6.9284E+23   6.6014E+23
    4.2647E+00   3.8037E+21   1.5046E+22   5.4640E+22   1.4653E+23   2.1900E+23   2.8024E+23   3.5859E+23   4.6604E+23   5.5435E+23   6.9193E+23   7.9162E+23   8.6086E+23   9.0283E+23   9.1649E+23   9.1008E+23   8.9635E+23   8.7113E+23   8.2255E+23   7.3849E+23   7.0500E+23
    4.4664E+00   3.3664E+21   1.3894E+22   5.2537E+22   1.4517E+23   2.1950E+23   2.8281E+23   3.6424E+23   4.7653E+23   5.6925E+23   7.1452E+23   8.2078E+23   8.9574E+23   9.4259E+23   9.6043E+23   9.5563E+23   9.4340E+23   9.1941E+23   8.7136E+23   7.8663E+23   7.5247E+23
    4.6776E+00   2.9506E+21   1.2730E+22   5.0225E+22   1.4323E+23   2.1922E+23   2.8449E+23   3.6895E+23   4.8613E+23   5.8339E+23   7.3669E+23   8.4991E+23   9.3102E+23   9.8317E+23   1.0056E+24   1.0027E+24   9.9218E+23   9.6965E+23   9.2237E+23   8.3722E+23   8.0252E+23
    4.8988E+00   2.5585E+21   1.1563E+22   4.7701E+22   1.4065E+23   2.1807E+23   2.8516E+23   3.7258E+23   4.9465E+23   5.9654E+23   7.5818E+23   8.7875E+23   9.6644E+23   1.0244E+24   1.0519E+24   1.0510E+24   1.0425E+24   1.0217E+24   9.7546E+23   8.9016E+23   8.5511E+23
    5.1304E+00   2.1911E+21   1.0397E+22   4.4954E+22   1.3735E+23   2.1594E+23   2.8472E+23   3.7496E+23   5.0189E+23   6.0847E+23   7.7873E+23   9.0703E+23   1.0017E+24   1.0659E+24   1.0990E+24   1.1004E+24   1.0942E+24   1.0753E+24   1.0304E+24   9.4532E+23   9.1011E+23
    5.3730E+00   1.8564E+21   9.2676E+21   4.2077E+22   1.3340E+23   2.1282E+23   2.8305E+23   3.7594E+23   5.0761E+23   6.1891E+23   7.9802E+23   9.3440E+23   1.0365E+24   1.1074E+24   1.1466E+24   1.1505E+24   1.1469E+24   1.1303E+24   1.0871E+24   1.0025E+24   9.6740E+23
    5.6271E+00   1.5529E+21   8.1744E+21   3.9059E+22   1.2874E+23   2.0859E+23   2.8004E+23   3.7535E+23   5.1158E+23   6.2756E+23   8.1570E+23   9.6049E+23   1.0705E+24   1.1485E+24   1.1943E+24   1.2011E+24   1.2003E+24   1.1863E+24   1.1451E+24   1.0615E+24   1.0267E+24
    5.8932E+00   1.2809E+21   7.1274E+21   3.5934E+22   1.2342E+23   2.0329E+23   2.7564E+23   3.7305E+23   5.1358E+23   6.3415E+23   8.3139E+23   9.8486E+23   1.1031E+24   1.1887E+24   1.2417E+24   1.2516E+24   1.2540E+24   1.2429E+24   1.2041E+24   1.1220E+24   1.0879E+24
    6.1719E+00   1.0404E+21   6.1363E+21   3.2735E+22   1.1744E+23   1.9687E+23   2.6977E+23   3.6890E+23   5.1336E+23   6.3835E+23   8.4468E+23   1.0071E+24   1.1338E+24   1.2276E+24   1.2883E+24   1.3015E+24   1.3074E+24   1.2997E+24   1.2637E+24   1.1835E+24   1.1505E+24
    6.4638E+00   8.3098E+20   5.2106E+21   2.9501E+22   1.1085E+23   1.8931E+23   2.6237E+23   3.6278E+23   5.1070E+23   6.3987E+23   8.5515E+23   1.0266E+24   1.1623E+24   1.2646E+24   1.3334E+24   1.3504E+24   1.3602E+24   1.3560E+24   1.3233E+24   1.2457E+24   1.2142E+24
    6.7695E+00   6.5168E+20   4.3584E+21   2.6276E+22   1.0369E+23   1.8066E+23   2.5342E+23   3.5461E+23   5.0542E+23   6.3841E+23   8.6237E+23   1.0429E+24   1.1877E+24   1.2990E+24   1.3765E+24   1.3975E+24   1.4115E+24   1.4114E+24   1.3824E+24   1.3081E+24   1.2785E+24
    7.0896E+00   5.0097E+20   3.5864E+21   2.3105E+22   9.6052E+22   1.7096E+23   2.4294E+23   3.4432E+23   4.9734E+23   6.3372E+23   8.6592E+23   1.0555E+24   1.2096E+24   1.3302E+24   1.4169E+24   1.4422E+24   1.4608E+24   1.4651E+24   1.4404E+24   1.3700E+24   1.3429E+24
    7.4249E+00   3.7679E+20   2.8988E+21   2.0035E+22   8.8039E+22   1.6031E+23   2.3100E+23   3.3193E+23   4.8636E+23   6.2559E+23   8.6541E+23   1.0638E+24   1.2274E+24   1.3575E+24   1.4537E+24   1.4837E+24   1.5073E+24   1.5163E+24   1.4965E+24   1.4307E+24   1.4067E+24
    7.7760E+00   2.7663E+20   2.2976E+21   1.7110E+22   7.9763E+22   1.4884E+23   2.1770E+23   3.1747E+23   4.7242E+23   6.1383E+23   8.6049E+23   1.0674E+24   1.2403E+24   1.3802E+24   1.4864E+24   1.5212E+24   1.5501E+24   1.5644E+24   1.5499E+24   1.4896E+24   1.4691E+24
    8.1437E+00   1.9767E+20   1.7819E+21   1.4367E+22   7.1346E+22   1.3667E+23   2.0315E+23   3.0103E+23   4.5551E+23   5.9836E+23   8.5084E+23   1.0657E+24   1.2477E+24   1.3976E+24   1.5139E+24   1.5539E+24   1.5885E+24   1.6083E+24   1.5998E+24   1.5458E+24   1.5295E+24
    8.5288E+00   1.3652E+20   1.3475E+21   1.1839E+22   6.2905E+22   1.2396E+23   1.8750E+23   2.8271E+23   4.3570E+23   5.7915E+23   8.3626E+23   1.0583E+24   1.2492E+24   1.4089E+24   1.5356E+24   1.5810E+24   1.6216E+24   1.6473E+24   1.6453E+24   1.5984E+24   1.5870E+24
    8.9322E+00   9.1618E+19   9.8905E+20   9.5130E+21   5.4384E+22   1.1054E+23   1.7050E+23   2.6232E+23   4.1299E+23   5.5624E+23   8.1660E+23   1.0450E+24   1.2442E+24   1.4136E+24   1.5507E+24   1.6016E+24   1.6485E+24   1.6803E+24   1.6854E+24   1.6465E+24   1.6407E+24
    9.3546E+00   6.0382E+19   7.1790E+20   7.5905E+21   4.6761E+22   9.8011E+22   1.5404E+23   2.4143E+23   3.8786E+23   5.2973E+23   7.9180E+23   1.0255E+24   1.2322E+24   1.4109E+24   1.5584E+24   1.6150E+24   1.6683E+24   1.7066E+24   1.7193E+24   1.6892E+24   1.6896E+24
    9.7969E+00   3.8782E+19   5.1074E+20   5.9649E+21   3.9734E+22   8.5997E+22   1.3783E+23   2.2029E+23   3.6133E+23   5.0046E+23   7.6212E+23   9.9964E+23   1.2130E+24   1.4005E+24   1.5580E+24   1.6204E+24   1.6803E+24   1.7253E+24   1.7459E+24   1.7256E+24   1.7327E+24
    1.0260E+01   2.4208E+19   3.5507E+20   4.6043E+21   3.3293E+22   7.4519E+22   1.2192E+23   1.9888E+23   3.3338E+23   4.6856E+23   7.2774E+23   9.6753E+23   1.1863E+24   1.3819E+24   1.5490E+24   1.6171E+24   1.6836E+24   1.7354E+24   1.7644E+24   1.7545E+24   1.7691E+24
    1.0745E+01   1.4642E+19   2.4068E+20   3.4844E+21   2.7463E+22   6.3678E+22   1.0646E+23   1.7744E+23   3.0435E+23   4.3445E+23   6.8901E+23   9.2934E+23   1.1522E+24   1.3549E+24   1.5310E+24   1.6046E+24   1.6777E+24   1.7363E+24   1.7741E+24   1.7753E+24   1.7979E+24
    1.1254E+01   8.5601E+18   1.5879E+20   2.5826E+21   2.2288E+22   5.3630E+22   9.1716E+22   1.5636E+23   2.7475E+23   3.9866E+23   6.4646E+23   8.8543E+23   1.1109E+24   1.3194E+24   1.5036E+24   1.5826E+24   1.6620E+24   1.7274E+24   1.7740E+24   1.7869E+24   1.8180E+24
    1.1786E+01   4.8250E+18   1.0175E+20   1.8715E+21   1.7770E+22   4.4462E+22   7.7875E+22   1.3597E+23   2.4509E+23   3.6183E+23   6.0072E+23   8.3634E+23   1.0626E+24   1.2756E+24   1.4668E+24   1.5507E+24   1.6362E+24   1.7082E+24   1.7638E+24   1.7887E+24   1.8287E+24
    1.2343E+01   2.6157E+18   6.3212E+19   1.3239E+21   1.3903E+22   3.6246E+22   6.5105E+22   1.1658E+23   2.1587E+23   3.2458E+23   5.5252E+23   7.8273E+23   1.0080E+24   1.2238E+24   1.4206E+24   1.5090E+24   1.6002E+24   1.6784E+24   1.7428E+24   1.7801E+24   1.8293E+24
    1.2927E+01   1.3605E+18   3.7995E+19   9.1299E+20   1.0662E+22   2.9026E+22   5.3541E+22   9.8454E+22   1.8758E+23   2.8759E+23   5.0271E+23   7.2545E+23   9.4766E+23   1.1645E+24   1.3654E+24   1.4578E+24   1.5540E+24   1.6380E+24   1.7110E+24   1.7606E+24   1.8190E+24
    1.3538E+01   6.7718E+17   2.2054E+19   6.1284E+20   8.0048E+21   2.2810E+22   4.3272E+22   8.1837E+22   1.6070E+23   2.5149E+23   4.5216E+23   6.6544E+23   8.8258E+23   1.0985E+24   1.3019E+24   1.3973E+24   1.4979E+24   1.5871E+24   1.6681E+24   1.7300E+24   1.7975E+24
    1.4178E+01   3.2173E+17   1.2338E+19   3.9982E+20   5.8771E+21   1.7573E+22   3.4336E+22   6.6893E+22   1.3562E+23   2.1690E+23   4.0177E+23   6.0374E+23   8.1379E+23   1.0268E+24   1.2307E+24   1.3284E+24   1.4325E+24   1.5260E+24   1.6146E+24   1.6881E+24   1.7646E+24
    1.4849E+01   1.4549E+17   6.6383E+18   2.5313E+20   4.2145E+21   1.3257E+22   2.6725E+22   5.3719E+22   1.1264E+23   1.8436E+23   3.5244E+23   5.4146E+23   7.4247E+23   9.5049E+23   1.1529E+24   1.2520E+24   1.3585E+24   1.4556E+24   1.5507E+24   1.6353E+24   1.7203E+24
    1.5551E+01   6.2437E+16   3.4279E+18   1.5528E+20   2.9483E+21   9.7838E+21   2.0381E+22   4.2344E+22   9.2009E+22   1.5430E+23   3.0500E+23   4.7970E+23   6.6986E+23   8.7084E+23   1.0697E+24   1.1691E+24   1.2770E+24   1.3766E+24   1.4774E+24   1.5721E+24   1.6649E+24
    1.6286E+01   2.5350E+16   1.6949E+18   9.2134E+19   2.0095E+21   7.0550E+21   1.5215E+22   3.2730E+22   7.3843E+22   1.2706E+23   2.6019E+23   4.1953E+23   5.9726E+23   7.8924E+23   9.8255E+23   1.0812E+24   1.1893E+24   1.2903E+24   1.3954E+24   1.4990E+24   1.5988E+24
    1.7057E+01   9.7047E+15   8.0048E+17   5.2789E+19   1.3327E+21   4.9650E+21   1.1106E+22   2.4783E+22   5.8176E+22   1.0286E+23   2.1865E+23   3.6195E+23   5.2593E+23   7.0713E+23   8.9290E+23   9.8965E+23   1.0967E+24   1.1979E+24   1.3062E+24   1.4172E+24   1.5228E+24
    1.7863E+01   3.4906E+15   3.6022E+17   2.9154E+19   8.5881E+20   3.4060E+21   7.9170E+21   1.8365E+22   4.4949E+22   8.1780E+22   1.8084E+23   3.0781E+23   4.5707E+23   6.2594E+23   8.0233E+23   8.9613E+23   1.0009E+24   1.1011E+24   1.2110E+24   1.3278E+24   1.4381E+24
    1.8708E+01   1.1751E+15   1.5403E+17   1.5489E+19   5.3699E+20   2.2747E+21   5.5058E+21   1.3303E+22   3.4025E+22   6.3803E+22   1.4709E+23   2.5784E+23   3.9176E+23   5.4706E+23   7.1245E+23   8.0224E+23   9.0354E+23   1.0015E+24   1.1116E+24   1.2324E+24   1.3458E+24
    1.9593E+01   3.6880E+14   6.2407E+16   7.9011E+18   3.2529E+20   1.4770E+21   3.7307E+21   9.4087E+21   2.5208E+22   4.8798E+22   1.1755E+23   2.1257E+23   3.3092E+23   4.7174E+23   6.2477E+23   7.0962E+23   8.0630E+23   9.0091E+23   1.0096E+24   1.1324E+24   1.2476E+24
    2.0519E+01   1.0744E+14   2.3885E+16   3.8615E+18   1.9062E+20   9.3110E+20   2.4599E+21   6.4901E+21   1.8259E+22   3.6550E+22   9.2217E+22   1.7234E+23   2.7527E+23   4.0108E+23   5.4070E+23   6.1980E+23   7.1085E+23   8.0099E+23   9.0683E+23   1.0297E+24   1.1450E+24
    2.1490E+01   2.8928E+13   8.6075E+15   1.8041E+18   1.0787E+20   5.6908E+20   1.5761E+21   4.3608E+21   1.2916E+22   2.6782E+22   7.0951E+22   1.3728E+23   2.2531E+23   3.3596E+23   4.6151E+23   5.3419E+23   6.1875E+23   7.0345E+23   8.0504E+23   9.2608E+23   1.0399E+24
    2.2506E+01   7.1668E+12   2.9111E+15   8.0393E+17   5.8851E+19   3.3670E+20   9.8006E+20   2.8505E+21   8.9114E+21   1.9177E+22   5.3483E+22   1.0734E+23   1.8130E+23   2.7704E+23   3.8821E+23   4.5400E+23   5.3140E+23   6.0986E+23   7.0594E+23   8.2325E+23   9.3404E+23
    2.3570E+01   1.6267E+12   9.2072E+14   3.4084E+17   3.0899E+19   1.9254E+20   5.9053E+20   1.8102E+21   5.9902E+21   1.3404E+22   3.9459E+22   8.2309E+22   1.4330E+23   2.2472E+23   3.2157E+23   3.8021E+23   4.4998E+23   5.2158E+23   6.1108E+23   7.2299E+23   8.2927E+23
    2.4685E+01   3.3697E+11   2.7137E+14   1.3714E+17   1.5583E+19   1.0624E+20   3.4428E+20   1.1153E+21   3.9178E+21   9.1336E+21   2.8462E+22   6.1835E+22   1.1116E+23   1.7915E+23   2.6211E+23   3.1352E+23   3.7542E+23   4.3976E+23   5.2182E+23   6.2686E+23   7.2733E+23
    2.5852E+01   6.3492E+10   7.4263E+13   5.2226E+16   7.5344E+18   5.6469E+19   1.9389E+20   6.6568E+20   2.4898E+21   6.0601E+21   2.0049E+22   4.5463E+22   8.4533E+22   1.4024E+23   2.1005E+23   2.5435E+23   3.0837E+23   3.6524E+23   4.3928E+23   5.3625E+23   6.2979E+23
    2.7075E+01   1.0856E+10   1.8805E+13   1.8774E+16   3.4853E+18   2.8862E+19   1.0532E+20   3.8432E+20   1.5354E+21   3.9100E+21   1.3775E+22   3.2677E+22   6.2963E+22   1.0770E+23   1.6535E+23   2.0285E+23   2.4916E+23   2.9860E+23   3.6429E+23   4.5231E+23   5.3805E+23
    2.8355E+01   1.6822E+09   4.3918E+12   6.3531E+15   1.5393E+18   1.4158E+19   5.5077E+19   2.1428E+20   9.1739E+20   2.4499E+21   9.2197E+21   2.2935E+22   4.5882E+22   8.1056E+22   1.2774E+23   1.5889E+23   1.9789E+23   2.4011E+23   2.9738E+23   3.7589E+23   4.5322E+23
    2.9696E+01   2.3599E+08   9.4324E+11   2.0181E+15   6.4771E+17   6.6536E+18   2.7683E+19   1.1520E+20   5.3032E+20   1.4885E+21   6.0037E+21   1.5699E+22   3.2675E+22   5.9726E+22   9.6764E+22   1.2212E+23   1.5434E+23   1.8974E+23   2.3877E+23   3.0756E+23   3.7614E+23
    3.1100E+01   2.9965E+07   1.8587E+11   6.0015E+14   2.5908E+17   2.9895E+18   1.3349E+19   5.9612E+19   2.9612E+20   8.7575E+20   3.7984E+21   1.0468E+22   2.2714E+22   4.3040E+22   7.1793E+22   9.2017E+22   1.1810E+23   1.4721E+23   1.8840E+23   2.4756E+23   3.0735E+23
    3.2571E+01   3.4511E+06   3.3544E+10   1.6664E+14   9.8297E+16   1.2817E+18   6.1634E+18   2.9640E+19   1.5946E+20   4.9812E+20   2.3315E+21   6.7891E+21   1.5393E+22   3.0297E+22   5.2117E+22   6.7898E+22   8.8582E+22   1.1204E+23   1.4597E+23   1.9588E+23   2.4706E+23
    3.4111E+01   3.6109E+05   5.5365E+09   4.3101E+13   3.5295E+16   5.2327E+17   2.7198E+18   1.4136E+19   8.2675E+19   2.7347E+20   1.3863E+21   4.2772E+21   1.0156E+22   2.0807E+22   3.6975E+22   4.9012E+22   6.5056E+22   8.3564E+22   1.1094E+23   1.5222E+23   1.9521E+23
    3.5724E+01   3.1378E+04   8.3490E+08   1.0361E+13   1.1968E+16   2.0301E+17   1.1449E+18   6.4540E+18   4.1195E+19   1.4468E+20   7.9725E+20   2.6137E+21   6.5154E+21   1.3924E+22   2.5608E+22   3.4570E+22   4.6733E+22   6.1015E+22   8.2631E+22   1.1607E+23   1.5149E+23
    3.7414E+01   2.1647E+03   1.1502E+08   2.3103E+12   3.8241E+15   7.4698E+16   4.5880E+17   2.8159E+18   1.9693E+19   7.3627E+19   4.4272E+20   1.5467E+21   4.0578E+21   9.0672E+21   1.7291E+22   2.3798E+22   3.2797E+22   4.3565E+22   6.0255E+22   8.6757E+22   1.1535E+23
    3.9183E+01   4.4088E+02   1.4448E+07   4.7711E+11   1.1491E+15   2.6015E+16   1.7470E+17   1.1718E+18   9.0152E+18   3.5980E+19   2.3698E+20   8.8489E+20   2.4496E+21   5.7370E+21   1.1367E+22   1.5968E+22   2.2460E+22   3.0383E+22   4.2969E+22   6.3507E+22   8.6106E+22
    4.1036E+01   7.1202E+02   1.6059E+06   9.1105E+10   3.2413E+14   8.5593E+15   6.3088E+16   4.6426E+17   3.9449E+18   1.6853E+19   1.2205E+20   4.8861E+20   1.4311E+21   3.5217E+21   7.2653E+21   1.0430E+22   1.4990E+22   2.0671E+22   2.9932E+22   4.5477E+22   6.2943E+22
    4.2976E+01   0.0000E+00   1.6377E+05   1.6066E+10   8.5673E+13   2.6556E+15   2.1568E+16   1.7479E+17   1.6470E+18   7.5520E+18   6.0375E+19   2.5991E+20   8.0765E+20   2.0939E+21   4.5081E+21   6.6215E+21   9.7362E+21   1.3703E+22   2.0343E+22   3.1822E+22   4.5011E+22
    4.5009E+01   0.0000E+00   1.4187E+04   2.6127E+09   2.1185E+13   7.7570E+14   6.9678E+15   6.2421E+16   6.5489E+17   3.2317E+18   2.8627E+19   1.3294E+20   4.3950E+20   1.2038E+21   2.7112E+21   4.0798E+21   6.1455E+21   8.8374E+21   1.3471E+22   2.1733E+22   3.1452E+22
    4.7137E+01   0.0000E+00   1.8599E+04   3.8931E+08   4.8935E+12   2.1297E+14   2.1239E+15   2.1110E+16   2.4755E+17   1.3181E+18   1.2985E+19   6.5243E+19   2.3016E+20   6.6792E+20   1.5777E+21   2.4357E+21   3.7638E+21   5.5373E+21   8.6799E+21   1.4468E+22   2.1449E+22
    4.9366E+01   0.0000E+00   1.8346E+03   5.1473E+07   1.0543E+12   5.4880E+13   6.0991E+14   6.7502E+15   8.8802E+16   5.1145E+17   5.6234E+18   3.0660E+19   1.1575E+20   3.5696E+20   8.8668E+20   1.4065E+21   2.2329E+21   3.3654E+21   5.4340E+21   9.3752E+21   1.4258E+22
    5.1701E+01   0.0000E+00   0.0000E+00   5.2895E+06   2.1153E+11   1.3254E+13   1.6476E+14   2.0377E+15   3.0182E+16   1.8847E+17   2.3202E+18   1.3766E+19   5.5778E+19   1.8337E+20   4.8034E+20   7.8411E+20   1.2810E+21   1.9807E+21   3.3001E+21   5.9055E+21   9.2263E+21
    5.4146E+01   0.0000E+00   0.0000E+00   9.6839E+05   3.9414E+10   2.9955E+12   4.1813E+13   5.7994E+14   9.7046E+15   6.5843E+16   9.1014E+17   5.8915E+18   2.5694E+19   9.0330E+19   2.5030E+20   4.2118E+20   7.0926E+20   1.1268E+21   1.9410E+21   3.6103E+21   5.8032E+21
    5.6706E+01   0.0000E+00   0.0000E+00   3.4848E+05   6.7523E+09   6.3251E+11   9.9544E+12   1.5540E+14   2.9478E+15   2.1773E+16   3.3876E+17   2.3977E+18   1.1286E+19   4.2569E+19   1.2517E+20   2.1750E+20   3.7824E+20   6.1842E+20   1.1036E+21   2.1387E+21   3.5425E+21
    5.9388E+01   0.0000E+00   0.0000E+00   8.4730E+03   1.0340E+09   1.2431E+11   2.2197E+12   3.9154E+13   8.4479E+14   6.8050E+15   1.1940E+17   9.2569E+17   4.7146E+18   1.9141E+19   5.9929E+19   1.0773E+20   1.9385E+20   3.2677E+20   6.0547E+20   1.2255E+21   2.0953E+21
    6.2197E+01   0.0000E+00   0.0000E+00   5.3409E+02   1.2753E+08   2.2489E+10   4.6221E+11   9.2627E+12   2.2813E+14   2.0075E+15   3.9781E+16   3.3820E+17   1.8678E+18   8.1888E+18   2.7397E+19   5.1053E+19   9.5248E+19   1.6586E+20   3.1983E+20   6.7793E+20   1.1987E+21
    6.5138E+01   0.0000E+00   0.0000E+00   2.7001E+03   3.1331E+07   3.6558E+09   8.9156E+10   2.0529E+12   5.7976E+13   5.5834E+14   1.2507E+16   1.1665E+17   6.9972E+17   3.3230E+18   1.1924E+19   2.3083E+19   4.4753E+19   8.0667E+19   1.6231E+20   3.6134E+20   6.6208E+20
    6.8218E+01   0.0000E+00   0.0000E+00   0.0000E+00   1.0769E+07   4.9979E+08   1.5644E+10   4.2398E+11   1.3845E+13   1.4622E+14   3.7052E+15   3.7896E+16   2.4713E+17   1.2749E+18   4.9259E+18   9.9273E+18   2.0051E+19   3.7495E+19   7.8937E+19   1.8516E+20   3.5231E+20
    7.1444E+01   0.0000E+00   0.0000E+00   0.0000E+00   7.1617E+05   1.2110E+08   2.4751E+09   8.0610E+10   3.0979E+12   3.6011E+13   1.0330E+15   1.1571E+16   8.2034E+16   4.6080E+17   1.9248E+18   4.0478E+18   8.5392E+18   1.6607E+19   3.6694E+19   9.0997E+19   1.8022E+20
    7.4823E+01   0.0000E+00   0.0000E+00   0.0000E+00   9.4423E+04   3.8585E+07   4.4857E+08   1.3876E+10   6.4551E+11   8.3224E+12   2.7074E+14   3.3145E+15   2.5516E+16   1.5632E+17   7.0876E+17   1.5591E+18   3.4451E+18   6.9869E+18   1.6256E+19   4.2781E+19   8.8408E+19
    7.8361E+01   0.0000E+00   0.0000E+00   0.0000E+00   1.1598E+04   1.0681E+06   1.2279E+08   3.2208E+09   1.2389E+11   1.7968E+12   6.6640E+13   8.8940E+14   7.4153E+15   4.9571E+16   2.4494E+17   5.6499E+17   1.3117E+18   2.7823E+18   6.8415E+18   1.9185E+19   4.1484E+19
    8.2067E+01   0.0000E+00   0.0000E+00   0.0000E+00   0.0000E+00   8.3353E+04   9.1195E+06   2.8450E+08   2.1978E+10   3.5951E+11   1.5380E+13   2.2333E+14   2.0082E+15   1.4634E+16   7.9093E+16   1.9178E+17   4.6934E+17   1.0446E+18   2.7256E+18   8.1816E+18   1.8566E+19
    8.5948E+01   0.0000E+00   0.0000E+00   0.0000E+00   0.0000E+00   6.3214E+04   1.0148E+06   6.9352E+07   4.3761E+09   6.6345E+10   3.3184E+12   5.2437E+13   5.0572E+14   4.0041E+15   2.3747E+16   6.0669E+16   1.5707E+17   3.6811E+17   1.0238E+18   3.3064E+18   7.9003E+18
    9.0012E+01   0.0000E+00   0.0000E+00   0.0000E+00   0.0000E+00   0.0000E+00   8.8512E+05   1.8844E+05   7.6594E+08   1.0758E+10   6.6635E+11   1.1503E+13   1.1827E+14   1.0113E+15   6.5943E+15   1.7789E+16   4.8905E+16   1.2117E+17   3.6101E+17   1.2614E+18   3.1852E+18
    9.4269E+01   0.0000E+00   0.0000E+00   0.0000E+00   0.0000E+00   0.0000E+00   0.0000E+00   7.4235E+05   1.2652E+08   4.3644E+09   1.2462E+11   2.3540E+12   2.5670E+13   2.3485E+14   1.6841E+15   4.8043E+15   1.4081E+16   3.7043E+16   1.1890E+17   4.5235E+17   1.2120E+18
    9.8727E+01   0.0000E+00   0.0000E+00   0.0000E+00   0.0000E+00   0.0000E+00   0.0000E+00   1.6603E+05   5.5894E+07   6.4260E+08   2.1477E+10   4.4953E+11   5.1719E+12   4.9999E+13   3.9320E+14   1.1869E+15   3.7233E+15   1.0451E+16   3.6366E+16   1.5174E+17   4.3341E+17
    1.0340E+02   0.0000E+00   0.0000E+00   0.0000E+00   0.0000E+00   0.0000E+00   0.0000E+00   1.6903E+04   1.4559E+07   1.1281E+04   7.0673E+09   8.1765E+10   9.6828E+11   9.7440E+12   8.3437E+13   2.6617E+14   8.9704E+14   2.7009E+15   1.0262E+16   4.7351E+16   1.4492E+17
    1.0829E+02   0.0000E+00   0.0000E+00   0.0000E+00   0.0000E+00   0.0000E+00   0.0000E+00   3.0879E+03   0.0000E+00   3.8223E+03   6.9042E+08   1.5689E+10   1.6941E+11   1.7394E+12   1.6006E+13   5.3735E+13   1.9512E+14   6.3386E+14   2.6514E+15   1.3658E+16   4.5062E+16
    1.1341E+02   0.0000E+00   0.0000E+00   0.0000E+00   0.0000E+00   0.0000E+00   0.0000E+00   1.3253E+02   0.0000E+00   1.0506E+06   1.1765E+04   1.8082E+09   2.7742E+10   2.8586E+11   2.7654E+12   9.6833E+12   3.7921E+13   1.3371E+14   6.2149E+14   3.6147E+15   1.2944E+16
    1.1877E+02   0.0000E+00   0.0000E+00   0.0000E+00   0.0000E+00   0.0000E+00   0.0000E+00   7.3915E+01   0.0000E+00   5.0390E+03   6.4288E+03   2.6785E+07   6.1099E+09   4.4043E+10   4.3024E+11   1.5457E+12   6.5069E+12   2.5046E+13   1.3074E+14   8.7005E+14   3.4093E+15
    1.2439E+02   0.0000E+00   0.0000E+00   0.0000E+00   0.0000E+00   0.0000E+00   0.0000E+00   0.0000E+00   0.0000E+00   5.3288E+04   0.0000E+00   2.1082E+07   1.7825E+08   6.4732E+09   6.0889E+10   2.1763E+11   9.7325E+11   4.1062E+12   2.4357E+13   1.8846E+14   8.1595E+14
    1.3027E+02   0.0000E+00   0.0000E+00   0.0000E+00   0.0000E+00   0.0000E+00   0.0000E+00   0.0000E+00   0.0000E+00   8.6354E+03   0.0000E+00   3.7969E+06   5.6227E+06   4.9735E+08   8.0143E+09   2.7202E+10   1.2536E+11   5.7925E+11   3.9525E+12   3.6264E+13   1.7553E+14
    1.3643E+02   0.0000E+00   0.0000E+00   0.0000E+00   0.0000E+00   0.0000E+00   0.0000E+00   0.0000E+00   0.0000E+00   0.0000E+00   0.0000E+00   1.4027E+06   8.8754E+06   9.7843E+07   4.8225E+08   3.0354E+09   1.3823E+10   6.8981E+10   5.4699E+11   6.0985E+12   3.3488E+13
    1.4288E+02   0.0000E+00   0.0000E+00   0.0000E+00   0.0000E+00   0.0000E+00   0.0000E+00   0.0000E+00   0.0000E+00   0.0000E+00   0.0000E+00   0.0000E+00   1.4422E+06   1.2709E+07   1.1645E+08   2.2899E+08   1.3078E+09   6.8207E+09   6.2816E+10   8.7752E+11   5.5706E+12
    1.4964E+02   0.0000E+00   0.0000E+00   0.0000E+00   0.0000E+00   0.0000E+00   0.0000E+00   0.0000E+00   0.0000E+00   0.0000E+00   0.0000E+00   0.0000E+00   1.7995E+05   1.7531E+06   9.7966E+06   3.8349E+07   8.2296E+07   5.6056E+08   5.7770E+09   1.0500E+11   7.9007E+11
    1.5671E+02   0.0000E+00   0.0000E+00   0.0000E+00   0.0000E+00   0.0000E+00   0.0000E+00   0.0000E+00   0.0000E+00   0.0000E+00   0.0000E+00   0.0000E+00   1.7737E+04   2.4032E+05   1.5159E+06   3.5801E+06   6.1460E+07   3.6270E+07   4.0773E+08   1.0033E+10   9.2652E+10
    1.6412E+02   0.0000E+00   0.0000E+00   0.0000E+00   0.0000E+00   0.0000E+00   0.0000E+00   0.0000E+00   0.0000E+00   0.0000E+00   0.0000E+00   0.0000E+00   6.3729E+02   2.3723E+04   1.7752E+05   4.3555E+05   1.1037E+06   1.2637E+06   2.0883E+07   7.1996E+08   8.5902E+09
    1.7188E+02   0.0000E+00   0.0000E+00   0.0000E+00   0.0000E+00   0.0000E+00   0.0000E+00   0.0000E+00   0.0000E+00   0.0000E+00   0.0000E+00   0.0000E+00   2.2819E+02   1.2728E+03   2.2694E+04   5.0939E+04   1.2776E+05   3.2685E+05   1.3146E+06   3.5067E+07   5.8610E+08
    1.8001E+02   0.0000E+00   0.0000E+00   0.0000E+00   0.0000E+00   0.0000E+00   0.0000E+00   0.0000E+00   0.0000E+00   0.0000E+00   0.0000E+00   0.0000E+00   1.6487E+01   2.0510E+02   1.1962E+03   2.7596E+03   1.1368E+04   3.8697E+04   8.9041E+04   1.0166E+06   2.5790E+07
    1.8853E+02   0.0000E+00   0.0000E+00   0.0000E+00   0.0000E+00   0.0000E+00   0.0000E+00   0.0000E+00   0.0000E+00   0.0000E+00   0.0000E+00   0.0000E+00   7.2330E+00   7.1789E+00   1.4592E+02   1.3221E+03   2.5949E+02   2.9913E+03   3.5651E+03   2.2722E+04   5.0461E+05
    1.9744E+02   0.0000E+00   0.0000E+00   0.0000E+00   0.0000E+00   0.0000E+00   0.0000E+00   0.0000E+00   0.0000E+00   0.0000E+00   0.0000E+00   0.0000E+00   0.0000E+00   1.2190E+00   7.6861E+00   3.2430E+01   1.2311E+02   8.5148E+01   3.7387E+02   3.2179E+03   9.6862E+03
    2.0678E+02   0.0000E+00   0.0000E+00   0.0000E+00   0.0000E+00   0.0000E+00   0.0000E+00   0.0000E+00   0.0000E+00   0.0000E+00   0.0000E+00   0.0000E+00   0.0000E+00   4.2987E-01   4.3915E-01   5.5169E-01   2.1290E+00   5.8923E+00   2.9410E+01   1.8408E+02   6.2493E+02
    2.1656E+02   0.0000E+00   0.0000E+00   0.0000E+00   0.0000E+00   0.0000E+00   0.0000E+00   0.0000E+00   0.0000E+00   0.0000E+00   0.0000E+00   0.0000E+00   0.0000E+00   0.0000E+00   7.9897E-02   5.3874E-03   1.4415E-01   2.6336E+00   1.4902E+00   8.9182E+00   1.6622E+01
    2.2680E+02   0.0000E+00   0.0000E+00   0.0000E+00   0.0000E+00   0.0000E+00   0.0000E+00   0.0000E+00   0.0000E+00   0.0000E+00   0.0000E+00   0.0000E+00   0.0000E+00   0.0000E+00   0.0000E+00   0.0000E+00   8.0494E-02   0.0000E+00   1.0610E-01   3.4198E-01   3.2110E+00
    2.3752E+02   0.0000E+00   0.0000E+00   0.0000E+00   0.0000E+00   0.0000E+00   0.0000E+00   0.0000E+00   0.0000E+00   0.0000E+00   0.0000E+00   0.0000E+00   0.0000E+00   0.0000E+00   0.0000E+00   0.0000E+00   1.6195E-04   0.0000E+00   5.7998E-03   8.0536E-03   1.2834E-01
    2.4876E+02   0.0000E+00   0.0000E+00   0.0000E+00   0.0000E+00   0.0000E+00   0.0000E+00   0.0000E+00   0.0000E+00   0.0000E+00   0.0000E+00   0.0000E+00   0.0000E+00   0.0000E+00   0.0000E+00   0.0000E+00   4.1730E-04   0.0000E+00   0.0000E+00   0.0000E+00   2.8697E-02
    2.6052E+02   0.0000E+00   0.0000E+00   0.0000E+00   0.0000E+00   0.0000E+00   0.0000E+00   0.0000E+00   0.0000E+00   0.0000E+00   0.0000E+00   0.0000E+00   0.0000E+00   0.0000E+00   0.0000E+00   0.0000E+00   0.0000E+00   0.0000E+00   0.0000E+00   0.0000E+00   0.0000E+00
    2.7284E+02   0.0000E+00   0.0000E+00   0.0000E+00   0.0000E+00   0.0000E+00   0.0000E+00   0.0000E+00   0.0000E+00   0.0000E+00   0.0000E+00   0.0000E+00   0.0000E+00   0.0000E+00   0.0000E+00   0.0000E+00   0.0000E+00   0.0000E+00   0.0000E+00   0.0000E+00   0.0000E+00
    2.8574E+02   0.0000E+00   0.0000E+00   0.0000E+00   0.0000E+00   0.0000E+00   0.0000E+00   0.0000E+00   0.0000E+00   0.0000E+00   0.0000E+00   0.0000E+00   0.0000E+00   0.0000E+00   0.0000E+00   0.0000E+00   0.0000E+00   0.0000E+00   0.0000E+00   0.0000E+00   0.0000E+00
    2.9925E+02   0.0000E+00   0.0000E+00   0.0000E+00   0.0000E+00   0.0000E+00   0.0000E+00   0.0000E+00   0.0000E+00   0.0000E+00   0.0000E+00   0.0000E+00   0.0000E+00   0.0000E+00   0.0000E+00   0.0000E+00   0.0000E+00   0.0000E+00   0.0000E+00   0.0000E+00   0.0000E+00
    3.1341E+02   0.0000E+00   0.0000E+00   0.0000E+00   0.0000E+00   0.0000E+00   0.0000E+00   0.0000E+00   0.0000E+00   0.0000E+00   0.0000E+00   0.0000E+00   0.0000E+00   0.0000E+00   0.0000E+00   0.0000E+00   0.0000E+00   0.0000E+00   0.0000E+00   0.0000E+00   0.0000E+00
    3.2823E+02   0.0000E+00   0.0000E+00   0.0000E+00   0.0000E+00   0.0000E+00   0.0000E+00   0.0000E+00   0.0000E+00   0.0000E+00   0.0000E+00   0.0000E+00   0.0000E+00   0.0000E+00   0.0000E+00   0.0000E+00   0.0000E+00   0.0000E+00   0.0000E+00   0.0000E+00   0.0000E+00
    3.4375E+02   0.0000E+00   0.0000E+00   0.0000E+00   0.0000E+00   0.0000E+00   0.0000E+00   0.0000E+00   0.0000E+00   0.0000E+00   0.0000E+00   0.0000E+00   0.0000E+00   0.0000E+00   0.0000E+00   0.0000E+00   0.0000E+00   0.0000E+00   0.0000E+00   0.0000E+00   0.0000E+00
    3.6000E+02   0.0000E+00   0.0000E+00   0.0000E+00   0.0000E+00   0.0000E+00   0.0000E+00   0.0000E+00   0.0000E+00   0.0000E+00   0.0000E+00   0.0000E+00   0.0000E+00   0.0000E+00   0.0000E+00   0.0000E+00   0.0000E+00   0.0000E+00   0.0000E+00   0.0000E+00   0.0000E+00
    3.7703E+02   0.0000E+00   0.0000E+00   0.0000E+00   0.0000E+00   0.0000E+00   0.0000E+00   0.0000E+00   0.0000E+00   0.0000E+00   0.0000E+00   0.0000E+00   0.0000E+00   0.0000E+00   0.0000E+00   0.0000E+00   0.0000E+00   0.0000E+00   0.0000E+00   0.0000E+00   0.0000E+00
    3.9486E+02   0.0000E+00   0.0000E+00   0.0000E+00   0.0000E+00   0.0000E+00   0.0000E+00   0.0000E+00   0.0000E+00   0.0000E+00   0.0000E+00   0.0000E+00   0.0000E+00   0.0000E+00   0.0000E+00   0.0000E+00   0.0000E+00   0.0000E+00   0.0000E+00   0.0000E+00   0.0000E+00
    4.1353E+02   0.0000E+00   0.0000E+00   0.0000E+00   0.0000E+00   0.0000E+00   0.0000E+00   0.0000E+00   0.0000E+00   0.0000E+00   0.0000E+00   0.0000E+00   0.0000E+00   0.0000E+00   0.0000E+00   0.0000E+00   0.0000E+00   0.0000E+00   0.0000E+00   0.0000E+00   0.0000E+00
