    1.2535E-03   4.2216E+16   8.9451E+16   1.9948E+17   3.1238E+17   3.6280E+17   3.9567E+17   4.3275E+17   4.7656E+17   5.1023E+17   5.6030E+17   6.0276E+17   6.4068E+17   6.7945E+17   7.2326E+17   7.4402E+17   7.7370E+17   7.9666E+17   8.3915E+17   8.8727E+17   9.1361E+17
    1.3127E-03   4.5660E+16   9.5756E+16   2.1557E+17   3.4102E+17   3.9681E+17   4.3297E+17   4.7392E+17   5.2218E+17   5.5923E+17   6.1440E+17   6.6112E+17   7.0272E+17   7.4529E+17   7.9315E+17   8.1586E+17   8.4833E+17   8.7358E+17   9.2006E+17   9.7286E+17   1.0026E+18
    1.3748E-03   4.9415E+16   1.0253E+17   2.3286E+17   3.7220E+17   4.3396E+17   4.7374E+17   5.1897E+17   5.7213E+17   6.1291E+17   6.7368E+17   7.2512E+17   7.7078E+17   8.1753E+17   8.6979E+17   8.9462E+17   9.3018E+17   9.5793E+17   1.0088E+18   1.0667E+18   1.1003E+18
    1.4398E-03   5.3507E+16   1.0983E+17   2.5143E+17   4.0611E+17   4.7452E+17   5.1830E+17   5.6826E+17   6.2683E+17   6.7172E+17   7.3866E+17   7.9529E+17   8.4544E+17   8.9677E+17   9.5383E+17   9.8095E+17   1.0200E+18   1.0504E+18   1.1060E+18   1.1696E+18   1.2075E+18
    1.5079E-03   5.7970E+16   1.1769E+17   2.7137E+17   4.4299E+17   5.1879E+17   5.6701E+17   6.2218E+17   6.8673E+17   7.3615E+17   8.0988E+17   8.7223E+17   9.2734E+17   9.8369E+17   1.0460E+18   1.0756E+18   1.1185E+18   1.1519E+18   1.2126E+18   1.2823E+18   1.3252E+18
    1.5792E-03   6.2851E+16   1.2618E+17   2.9279E+17   4.8308E+17   5.6712E+17   6.2022E+17   6.8116E+17   7.5230E+17   8.0674E+17   8.8793E+17   9.5658E+17   1.0172E+18   1.0790E+18   1.1470E+18   1.1793E+18   1.2265E+18   1.2632E+18   1.3294E+18   1.4060E+18   1.4542E+18
    1.6539E-03   6.8162E+16   1.3532E+17   3.1577E+17   5.2663E+17   6.1986E+17   6.7837E+17   7.4567E+17   8.2410E+17   8.8408E+17   9.7346E+17   1.0491E+18   1.1157E+18   1.1836E+18   1.2579E+18   1.2931E+18   1.3450E+18   1.3852E+18   1.4576E+18   1.5415E+18   1.5958E+18
    1.7321E-03   7.3958E+16   1.4518E+17   3.4042E+17   5.7392E+17   6.7738E+17   7.4190E+17   8.1622E+17   9.0269E+17   9.6879E+17   1.0672E+18   1.1504E+18   1.2238E+18   1.2983E+18   1.3794E+18   1.4178E+18   1.4750E+18   1.5191E+18   1.5980E+18   1.6902E+18   1.7511E+18
    1.8140E-03   8.0286E+16   1.5582E+17   3.6686E+17   6.2526E+17   7.4010E+17   8.1130E+17   8.9337E+17   9.8873E+17   1.0616E+18   1.1699E+18   1.2616E+18   1.3424E+18   1.4241E+18   1.5127E+18   1.5544E+18   1.6175E+18   1.6659E+18   1.7520E+18   1.8532E+18   1.9215E+18
    1.8998E-03   8.7194E+16   1.6730E+17   3.9519E+17   6.8095E+17   8.0848E+17   8.8709E+17   9.7773E+17   1.0829E+18   1.1632E+18   1.2825E+18   1.3834E+18   1.4725E+18   1.5621E+18   1.6589E+18   1.7043E+18   1.7739E+18   1.8270E+18   1.9209E+18   2.0318E+18   2.1085E+18
    1.9897E-03   9.4738E+16   1.7971E+17   4.2554E+17   7.4134E+17   8.8300E+17   9.6987E+17   1.0700E+18   1.1860E+18   1.2745E+18   1.4059E+18   1.5169E+18   1.6151E+18   1.7133E+18   1.8193E+18   1.8686E+18   1.9455E+18   2.0037E+18   2.1060E+18   2.2278E+18   2.3135E+18
    2.0838E-03   1.0298E+17   1.9313E+17   4.5802E+17   8.0678E+17   9.6418E+17   1.0602E+18   1.1708E+18   1.2988E+18   1.3964E+18   1.5412E+18   1.6632E+18   1.7714E+18   1.8792E+18   1.9952E+18   2.0487E+18   2.1336E+18   2.1975E+18   2.3090E+18   2.4427E+18   2.5384E+18
    2.1823E-03   1.1204E+17   2.0780E+17   4.9296E+17   8.7775E+17   1.0526E+18   1.1589E+18   1.2811E+18   1.4222E+18   1.5299E+18   1.6893E+18   1.8236E+18   1.9428E+18   2.0609E+18   2.1881E+18   2.2460E+18   2.3399E+18   2.4099E+18   2.5314E+18   2.6779E+18   2.7846E+18
    2.2855E-03   1.2188E+17   2.2351E+17   5.3015E+17   9.5451E+17   1.1488E+18   1.2666E+18   1.4015E+18   1.5573E+18   1.6760E+18   1.8518E+18   1.9994E+18   2.1308E+18   2.2603E+18   2.3998E+18   2.4625E+18   2.5663E+18   2.6430E+18   2.7755E+18   2.9362E+18   3.0551E+18
    2.3936E-03   1.3263E+17   2.4054E+17   5.6991E+17   1.0376E+18   1.2535E+18   1.3842E+18   1.5332E+18   1.7051E+18   1.8360E+18   2.0298E+18   2.1920E+18   2.3369E+18   2.4787E+18   2.6320E+18   2.6998E+18   2.8145E+18   2.8987E+18   3.0430E+18   3.2193E+18   3.3516E+18
    2.5068E-03   1.4437E+17   2.5900E+17   6.1242E+17   1.1275E+18   1.3674E+18   1.5124E+18   1.6771E+18   1.8668E+18   2.0112E+18   2.2248E+18   2.4032E+18   2.5627E+18   2.7182E+18   2.8868E+18   2.9600E+18   3.0868E+18   3.1791E+18   3.3364E+18   3.5297E+18   3.6767E+18
    2.6253E-03   1.5721E+17   2.7902E+17   6.5789E+17   1.2247E+18   1.4911E+18   1.6523E+18   1.8344E+18   2.0437E+18   2.2029E+18   2.4386E+18   2.6346E+18   2.8103E+18   2.9807E+18   3.1662E+18   3.2453E+18   3.3854E+18   3.4865E+18   3.6580E+18   3.8699E+18   4.0331E+18
    2.7495E-03   1.7125E+17   3.0077E+17   7.0654E+17   1.3297E+18   1.6256E+18   1.8047E+18   2.0062E+18   2.2372E+18   2.4128E+18   2.6728E+18   2.8883E+18   3.0817E+18   3.2684E+18   3.4727E+18   3.5580E+18   3.7127E+18   3.8237E+18   4.0107E+18   4.2429E+18   4.4238E+18
    2.8795E-03   1.8661E+17   3.2438E+17   7.5862E+17   1.4432E+18   1.7718E+18   1.9710E+18   2.1939E+18   2.4489E+18   2.6425E+18   2.9295E+18   3.1664E+18   3.3791E+18   3.5837E+18   3.8088E+18   3.9008E+18   4.0717E+18   4.1933E+18   4.3973E+18   4.6518E+18   4.8521E+18
    3.0157E-03   2.0340E+17   3.5004E+17   8.1440E+17   1.5658E+18   1.9304E+18   2.1521E+18   2.3989E+18   2.6804E+18   2.8938E+18   3.2108E+18   3.4711E+18   3.7051E+18   3.9292E+18   4.1775E+18   4.2767E+18   4.4653E+18   4.5986E+18   4.8213E+18   5.1000E+18   5.3217E+18
    3.1583E-03   2.2176E+17   3.7793E+17   8.7420E+17   1.6981E+18   2.1026E+18   2.3495E+18   2.6228E+18   2.9337E+18   3.1690E+18   3.5189E+18   3.8051E+18   4.0623E+18   4.3079E+18   4.5817E+18   4.6889E+18   4.8967E+18   5.0429E+18   5.2862E+18   5.5914E+18   5.8364E+18
    3.3076E-03   2.4185E+17   4.0826E+17   9.3835E+17   1.8407E+18   2.2895E+18   2.5645E+18   2.8673E+18   3.2106E+18   3.4701E+18   3.8566E+18   4.1712E+18   4.4540E+18   4.7230E+18   5.0251E+18   5.1408E+18   5.3698E+18   5.5303E+18   5.7962E+18   6.1305E+18   6.4011E+18
    3.4641E-03   2.6413E+17   4.4233E+17   1.0094E+18   1.9962E+18   2.4933E+18   2.7992E+18   3.1346E+18   3.5138E+18   3.7997E+18   4.2263E+18   4.5722E+18   4.8826E+18   5.1773E+18   5.5103E+18   5.6356E+18   5.8873E+18   6.0634E+18   6.3542E+18   6.7198E+18   7.0178E+18
    3.6279E-03   2.8817E+17   4.7824E+17   1.0834E+18   2.1620E+18   2.7130E+18   3.0539E+18   3.4259E+18   3.8449E+18   4.1602E+18   4.6315E+18   5.0120E+18   5.3531E+18   5.6758E+18   6.0433E+18   6.1788E+18   6.4557E+18   6.6491E+18   6.9674E+18   7.3675E+18   7.6961E+18
    3.7994E-03   3.1448E+17   5.1733E+17   1.1629E+18   2.3405E+18   2.9512E+18   3.3310E+18   3.7436E+18   4.2070E+18   4.5548E+18   5.0753E+18   5.4940E+18   5.8687E+18   6.2221E+18   6.6273E+18   6.7742E+18   7.0785E+18   7.2910E+18   7.6394E+18   8.0770E+18   8.4390E+18
    3.9791E-03   3.4327E+17   5.5990E+17   1.2484E+18   2.5328E+18   3.2093E+18   3.6322E+18   4.0902E+18   4.6027E+18   4.9864E+18   5.5615E+18   6.0223E+18   6.4338E+18   6.8207E+18   7.2675E+18   7.4270E+18   7.7610E+18   7.9948E+18   8.3763E+18   8.8547E+18   9.2532E+18
    4.1673E-03   3.7479E+17   6.0628E+17   1.3403E+18   2.7398E+18   3.4888E+18   3.9597E+18   4.4680E+18   5.0353E+18   5.4586E+18   6.0939E+18   6.6013E+18   7.0533E+18   7.4768E+18   7.9692E+18   8.1425E+18   8.5091E+18   8.7662E+18   9.1843E+18   9.7073E+18   1.0145E+19
    4.3644E-03   4.0928E+17   6.5682E+17   1.4392E+18   2.9625E+18   3.7913E+18   4.3155E+18   4.8798E+18   5.5079E+18   5.9751E+18   6.6769E+18   7.2359E+18   7.7323E+18   8.1958E+18   8.7382E+18   8.9270E+18   9.3289E+18   9.6119E+18   1.0070E+19   1.0642E+19   1.1123E+19
    4.5707E-03   4.4704E+17   7.1193E+17   1.5456E+18   3.2022E+18   4.1187E+18   4.7021E+18   5.3284E+18   6.0244E+18   6.5401E+18   7.3153E+18   7.9312E+18   8.4766E+18   8.9837E+18   9.5808E+18   9.7870E+18   1.0227E+19   1.0539E+19   1.1042E+19   1.1666E+19   1.2195E+19
    4.7869E-03   4.8838E+17   7.7202E+17   1.6601E+18   3.4599E+18   4.4727E+18   5.1218E+18   5.8170E+18   6.5885E+18   7.1580E+18   8.0143E+18   8.6932E+18   9.2924E+18   9.8471E+18   1.0504E+19   1.0730E+19   1.1212E+19   1.1555E+19   1.2107E+19   1.2789E+19   1.3370E+19
    5.0133E-03   5.3364E+17   8.3756E+17   1.7834E+18   3.7371E+18   4.8553E+18   5.5772E+18   6.3490E+18   7.2046E+18   7.8335E+18   8.7796E+18   9.5282E+18   1.0187E+19   1.0793E+19   1.1516E+19   1.1763E+19   1.2291E+19   1.2669E+19   1.3274E+19   1.4019E+19   1.4657E+19
    5.2503E-03   5.8320E+17   9.0908E+17   1.9164E+18   4.0351E+18   5.2688E+18   6.0713E+18   6.9279E+18   7.8773E+18   8.5720E+18   9.6173E+18   1.0443E+19   1.1167E+19   1.1830E+19   1.2624E+19   1.2895E+19   1.3474E+19   1.3890E+19   1.4554E+19   1.5368E+19   1.6068E+19
    5.4986E-03   6.3747E+17   9.8712E+17   2.0597E+18   4.3553E+18   5.7154E+18   6.6071E+18   7.5577E+18   8.6116E+18   9.3792E+18   1.0534E+19   1.1445E+19   1.2240E+19   1.2966E+19   1.3839E+19   1.4137E+19   1.4770E+19   1.5229E+19   1.5957E+19   1.6846E+19   1.7613E+19
    5.7587E-03   6.9690E+17   1.0723E+18   2.2145E+18   4.6994E+18   6.1976E+18   7.1877E+18   8.2425E+18   9.4130E+18   1.0261E+19   1.1538E+19   1.2543E+19   1.3417E+19   1.4211E+19   1.5169E+19   1.5497E+19   1.6191E+19   1.6695E+19   1.7495E+19   1.8465E+19   1.9307E+19
    6.0310E-03   7.6198E+17   1.1653E+18   2.3816E+18   5.0690E+18   6.7183E+18   7.8170E+18   8.9872E+18   1.0287E+19   1.1225E+19   1.2636E+19   1.3746E+19   1.4707E+19   1.5575E+19   1.6627E+19   1.6989E+19   1.7750E+19   1.8304E+19   1.9183E+19   2.0242E+19   2.1165E+19
    6.3162E-03   8.3382E+17   1.2710E+18   2.5804E+18   5.4940E+18   7.3051E+18   8.5188E+18   9.8117E+18   1.1251E+19   1.2285E+19   1.3842E+19   1.5064E+19   1.6120E+19   1.7071E+19   1.8225E+19   1.8624E+19   1.9458E+19   2.0066E+19   2.1030E+19   2.2186E+19   2.3199E+19
    6.6149E-03   9.1184E+17   1.3820E+18   2.7762E+18   5.9216E+18   7.9126E+18   9.2580E+18   1.0692E+19   1.2292E+19   1.3435E+19   1.5157E+19   1.6507E+19   1.7668E+19   1.8709E+19   1.9974E+19   2.0415E+19   2.1330E+19   2.1999E+19   2.3057E+19   2.4319E+19   2.5429E+19
    6.9277E-03   9.9730E+17   1.5032E+18   2.9881E+18   6.3806E+18   8.5675E+18   1.0058E+19   1.1648E+19   1.3426E+19   1.4691E+19   1.6596E+19   1.8087E+19   1.9363E+19   2.0502E+19   2.1890E+19   2.2378E+19   2.3381E+19   2.4114E+19   2.5276E+19   2.6652E+19   2.7870E+19
    7.2553E-03   1.0909E+18   1.6356E+18   3.2175E+18   6.8733E+18   9.2731E+18   1.0923E+19   1.2686E+19   1.4662E+19   1.6061E+19   1.8169E+19   1.9816E+19   2.1218E+19   2.2467E+19   2.3987E+19   2.4528E+19   2.5628E+19   2.6433E+19   2.7708E+19   2.9207E+19   3.0542E+19
    7.5984E-03   1.1935E+18   1.7803E+18   3.4660E+18   7.4023E+18   1.0033E+19   1.1858E+19   1.3812E+19   1.6008E+19   1.7557E+19   1.9890E+19   2.1709E+19   2.3250E+19   2.4619E+19   2.6284E+19   2.6883E+19   2.8091E+19   2.8973E+19   3.0373E+19   3.2006E+19   3.3469E+19
    7.9577E-03   1.3058E+18   1.9384E+18   3.7353E+18   7.9702E+18   1.0852E+19   1.2869E+19   1.5033E+19   1.7474E+19   1.9189E+19   2.1771E+19   2.3781E+19   2.5475E+19   2.6977E+19   2.8800E+19   2.9465E+19   3.0790E+19   3.1757E+19   3.3292E+19   3.5070E+19   3.6675E+19
    8.3341E-03   1.4288E+18   2.1113E+18   4.0272E+18   8.5799E+18   1.1733E+19   1.3960E+19   1.6358E+19   1.9070E+19   2.0970E+19   2.3829E+19   2.6049E+19   2.7910E+19   2.9560E+19   3.1556E+19   3.2293E+19   3.3747E+19   3.4808E+19   3.6491E+19   3.8426E+19   4.0185E+19
    8.7282E-03   1.5637E+18   2.3003E+18   4.3440E+18   9.2348E+18   1.2681E+19   1.5139E+19   1.7794E+19   2.0807E+19   2.2912E+19   2.6077E+19   2.8529E+19   3.0576E+19   3.2388E+19   3.4573E+19   3.5391E+19   3.6988E+19   3.8151E+19   3.9995E+19   4.2100E+19   4.4029E+19
    9.1409E-03   1.7114E+18   2.5070E+18   4.6877E+18   9.9383E+18   1.3701E+19   1.6411E+19   1.9350E+19   2.2697E+19   2.5030E+19   2.8534E+19   3.1243E+19   3.3493E+19   3.5486E+19   3.7878E+19   3.8785E+19   4.0539E+19   4.1814E+19   4.3834E+19   4.6123E+19   4.8237E+19
    9.5732E-03   1.8732E+18   2.7330E+18   5.0610E+18   1.0694E+19   1.4799E+19   1.7783E+19   2.1035E+19   2.4751E+19   2.7338E+19   3.1219E+19   3.4212E+19   3.6685E+19   3.8878E+19   4.1497E+19   4.2504E+19   4.4429E+19   4.5827E+19   4.8039E+19   5.0526E+19   5.2843E+19
    1.0026E-02   2.0506E+18   2.9802E+18   5.4665E+18   1.1507E+19   1.5979E+19   1.9264E+19   2.2860E+19   2.6984E+19   2.9855E+19   3.4152E+19   3.7458E+19   4.0179E+19   4.2593E+19   4.5460E+19   4.6577E+19   4.8690E+19   5.0225E+19   5.2644E+19   5.5346E+19   5.7886E+19
    1.0500E-02   2.2449E+18   3.2506E+18   5.9072E+18   1.2382E+19   1.7249E+19   2.0860E+19   2.4835E+19   2.9412E+19   3.2597E+19   3.7355E+19   4.1007E+19   4.4001E+19   4.6660E+19   4.9800E+19   5.1039E+19   5.3357E+19   5.5043E+19   5.7688E+19   6.0621E+19   6.3406E+19
    1.0997E-02   2.4578E+18   3.5465E+18   6.3864E+18   1.3323E+19   1.8615E+19   2.2582E+19   2.6973E+19   3.2048E+19   3.5583E+19   4.0852E+19   4.4886E+19   4.8182E+19   5.1113E+19   5.4552E+19   5.5926E+19   5.8470E+19   6.0322E+19   6.3212E+19   6.6395E+19   6.9447E+19
    1.1517E-02   2.6911E+18   3.8703E+18   6.9076E+18   1.4337E+19   2.0084E+19   2.4437E+19   2.9285E+19   3.4912E+19   3.8836E+19   4.4670E+19   4.9126E+19   5.2757E+19   5.5987E+19   5.9756E+19   6.1278E+19   6.4069E+19   6.6105E+19   6.9260E+19   7.2714E+19   7.6059E+19
    1.2061E-02   2.9468E+18   4.2246E+18   7.4748E+18   1.5428E+19   2.1664E+19   2.6437E+19   3.1786E+19   3.8020E+19   4.2376E+19   4.8836E+19   5.3759E+19   5.7762E+19   6.1323E+19   6.5455E+19   6.7139E+19   7.0200E+19   7.2440E+19   7.5882E+19   7.9628E+19   8.3294E+19
    1.2632E-02   3.2271E+18   4.6123E+18   8.0923E+18   1.6604E+19   2.3363E+19   2.8591E+19   3.4488E+19   4.1393E+19   4.6229E+19   5.3382E+19   5.8819E+19   6.3236E+19   6.7163E+19   7.1695E+19   7.3556E+19   7.6914E+19   7.9380E+19   8.3131E+19   8.7195E+19   9.1212E+19
    1.3229E-02   3.5342E+18   5.0368E+18   8.7647E+18   1.7872E+19   2.5192E+19   3.0912E+19   3.7409E+19   4.5054E+19   5.0423E+19   5.8343E+19   6.4350E+19   6.9227E+19   7.3560E+19   7.8532E+19   8.0589E+19   8.4271E+19   8.6986E+19   9.1072E+19   9.5481E+19   9.9882E+19
    1.3855E-02   3.8681E+18   5.5074E+18   9.5374E+18   1.9376E+19   2.7342E+19   3.3603E+19   4.0743E+19   4.9173E+19   5.5105E+19   6.3841E+19   7.0457E+19   7.5825E+19   8.0591E+19   8.6040E+19   8.8305E+19   9.2337E+19   9.5320E+19   9.9765E+19   1.0454E+20   1.0936E+20
    1.4510E-02   4.2362E+18   6.0159E+18   1.0338E+19   2.0861E+19   2.9476E+19   3.6315E+19   4.4171E+19   5.3496E+19   6.0080E+19   6.9754E+19   7.7062E+19   8.2996E+19   8.8256E+19   9.4240E+19   9.6737E+19   1.0116E+20   1.0444E+20   1.0928E+20   1.1446E+20   1.1973E+20
    1.5196E-02   4.6395E+18   6.5725E+18   1.1209E+19   2.2462E+19   3.1771E+19   3.9234E+19   4.7870E+19   5.8180E+19   6.5485E+19   7.6197E+19   8.4268E+19   9.0831E+19   9.6638E+19   1.0321E+20   1.0596E+20   1.1081E+20   1.1443E+20   1.1968E+20   1.2531E+20   1.3108E+20
    1.5914E-02   5.0814E+18   7.1819E+18   1.2160E+19   2.4190E+19   3.4241E+19   4.2377E+19   5.1863E+19   6.3255E+19   7.1357E+19   8.3220E+19   9.2132E+19   9.9396E+19   1.0581E+20   1.1303E+20   1.1605E+20   1.2136E+20   1.2536E+20   1.3105E+20   1.3717E+20   1.4348E+20
    1.6667E-02   5.5656E+18   7.8491E+18   1.3196E+19   2.6057E+19   3.6901E+19   4.5761E+19   5.6172E+19   6.8751E+19   7.7735E+19   9.0874E+19   1.0071E+20   1.0876E+20   1.1584E+20   1.2378E+20   1.2709E+20   1.3292E+20   1.3732E+20   1.4350E+20   1.5015E+20   1.5704E+20
    1.7455E-02   6.0963E+18   8.5797E+18   1.4327E+19   2.8075E+19   3.9766E+19   4.9404E+19   6.0820E+19   7.4703E+19   8.4661E+19   9.9213E+19   1.1007E+20   1.1899E+20   1.2682E+20   1.3554E+20   1.3918E+20   1.4556E+20   1.5041E+20   1.5711E+20   1.6434E+20   1.7187E+20
    1.8281E-02   6.6778E+18   9.3797E+18   1.5560E+19   3.0256E+19   4.2851E+19   5.3327E+19   6.5834E+19   8.1146E+19   9.2178E+19   1.0830E+20   1.2029E+20   1.3017E+20   1.3882E+20   1.4841E+20   1.5240E+20   1.5940E+20   1.6474E+20   1.7199E+20   1.7987E+20   1.8808E+20
    1.9145E-02   7.3150E+18   1.0256E+19   1.6906E+19   3.2617E+19   4.6174E+19   5.7550E+19   7.1241E+19   8.8117E+19   1.0034E+20   1.1819E+20   1.3142E+20   1.4238E+20   1.5195E+20   1.6249E+20   1.6686E+20   1.7453E+20   1.8042E+20   1.8826E+20   1.9685E+20   2.0581E+20
    2.0051E-02   8.0133E+18   1.1216E+19   1.8375E+19   3.5173E+19   4.9756E+19   6.2098E+19   7.7071E+19   9.5658E+19   1.0918E+20   1.2897E+20   1.4357E+20   1.5572E+20   1.6630E+20   1.7789E+20   1.8267E+20   1.9109E+20   1.9757E+20   2.0605E+20   2.1543E+20   2.2518E+20
    2.0999E-02   8.7785E+18   1.2267E+19   1.9979E+19   3.7940E+19   5.3617E+19   6.6995E+19   8.3355E+19   1.0381E+20   1.1878E+20   1.4070E+20   1.5681E+20   1.7028E+20   1.8199E+20   1.9473E+20   1.9996E+20   2.0919E+20   2.1633E+20   2.2550E+20   2.3573E+20   2.4634E+20
    2.1992E-02   9.6170E+18   1.3418E+19   2.1730E+19   4.0939E+19   5.7782E+19   7.2270E+19   9.0130E+19   1.1263E+20   1.2918E+20   1.5347E+20   1.7124E+20   1.8618E+20   1.9915E+20   2.1316E+20   2.1887E+20   2.2900E+20   2.3685E+20   2.4675E+20   2.5794E+20   2.6947E+20
    2.3032E-02   1.0536E+19   1.4679E+19   2.3643E+19   4.4189E+19   6.2277E+19   7.7953E+19   9.7432E+19   1.2216E+20   1.4046E+20   1.6736E+20   1.8697E+20   2.0354E+20   2.1789E+20   2.3330E+20   2.3955E+20   2.5065E+20   2.5929E+20   2.6999E+20   2.8221E+20   2.9474E+20
    2.4121E-02   1.1543E+19   1.6060E+19   2.5733E+19   4.7714E+19   6.7130E+19   8.4079E+19   1.0530E+20   1.3245E+20   1.5267E+20   1.8248E+20   2.0411E+20   2.2249E+20   2.3837E+20   2.5532E+20   2.6215E+20   2.7433E+20   2.8382E+20   2.9538E+20   3.0874E+20   3.2233E+20
    2.5262E-02   1.2646E+19   1.7574E+19   2.8017E+19   5.1539E+19   7.2373E+19   9.0684E+19   1.1379E+20   1.4358E+20   1.6591E+20   1.9892E+20   2.2278E+20   2.4317E+20   2.6074E+20   2.7939E+20   2.8686E+20   3.0021E+20   3.1064E+20   3.2313E+20   3.3773E+20   3.5247E+20
    2.6456E-02   1.3855E+19   1.9232E+19   3.0512E+19   5.5691E+19   7.8039E+19   9.7808E+19   1.2294E+20   1.5560E+20   1.8024E+20   2.1679E+20   2.4313E+20   2.6572E+20   2.8517E+20   3.0570E+20   3.1387E+20   3.2851E+20   3.3995E+20   3.5346E+20   3.6940E+20   3.8538E+20
    2.7707E-02   1.5180E+19   2.1048E+19   3.3240E+19   6.0200E+19   8.4164E+19   1.0549E+20   1.3280E+20   1.6858E+20   1.9575E+20   2.3621E+20   2.6529E+20   2.9033E+20   3.1184E+20   3.3445E+20   3.4339E+20   3.5944E+20   3.7199E+20   3.8660E+20   4.0400E+20   4.2130E+20
    2.9018E-02   1.6631E+19   2.3038E+19   3.6222E+19   6.5097E+19   9.0790E+19   1.1379E+20   1.4344E+20   1.8260E+20   2.1255E+20   2.5732E+20   2.8942E+20   3.1716E+20   3.4095E+20   3.6586E+20   3.7565E+20   3.9324E+20   4.0699E+20   4.2280E+20   4.4178E+20   4.6051E+20
    3.0390E-02   1.8222E+19   2.5219E+19   3.9482E+19   7.0420E+19   9.7960E+19   1.2274E+20   1.5491E+20   1.9773E+20   2.3072E+20   2.8025E+20   3.1570E+20   3.4641E+20   3.7273E+20   4.0018E+20   4.1089E+20   4.3017E+20   4.4523E+20   4.6236E+20   4.8304E+20   5.0329E+20
    3.1827E-02   1.9964E+19   2.7608E+19   4.3048E+19   7.6206E+19   1.0572E+20   1.3241E+20   1.6728E+20   2.1407E+20   2.5038E+20   3.0515E+20   3.4430E+20   3.7831E+20   4.0739E+20   4.3766E+20   4.4940E+20   4.7052E+20   4.8700E+20   5.0556E+20   5.2807E+20   5.4997E+20
    3.3332E-02   2.1873E+19   3.0226E+19   4.6947E+19   8.2500E+19   1.1413E+20   1.4285E+20   1.8062E+20   2.3172E+20   2.7165E+20   3.3219E+20   3.7544E+20   4.1307E+20   4.4522E+20   4.7858E+20   4.9147E+20   5.1461E+20   5.3261E+20   5.5275E+20   5.7721E+20   6.0088E+20
    3.4908E-02   2.3964E+19   3.3094E+19   5.1212E+19   8.9349E+19   1.2324E+20   1.5414E+20   1.9502E+20   2.5076E+20   2.9465E+20   3.6154E+20   4.0933E+20   4.5095E+20   4.8647E+20   5.2327E+20   5.3743E+20   5.6276E+20   5.8242E+20   6.0428E+20   6.3082E+20   6.5638E+20
    3.6559E-02   2.6255E+19   3.6237E+19   5.5878E+19   9.6803E+19   1.3311E+20   1.6634E+20   2.1056E+20   2.7132E+20   3.1953E+20   3.9339E+20   4.4619E+20   4.9222E+20   5.3147E+20   5.7204E+20   5.8761E+20   6.1534E+20   6.3680E+20   6.6054E+20   6.8930E+20   7.1690E+20
    3.8288E-02   2.8764E+19   3.9680E+19   6.0983E+19   1.0492E+20   1.4382E+20   1.7954E+20   2.2734E+20   2.9352E+20   3.4642E+20   4.2795E+20   4.8630E+20   5.3717E+20   5.8053E+20   6.2528E+20   6.4242E+20   6.7276E+20   6.9616E+20   7.2194E+20   7.5306E+20   7.8285E+20
    4.0099E-02   3.1513E+19   4.3453E+19   6.6568E+19   1.1376E+20   1.5544E+20   1.9382E+20   2.4546E+20   3.1749E+20   3.7549E+20   4.6543E+20   5.2992E+20   5.8614E+20   6.3402E+20   6.8338E+20   7.0225E+20   7.3546E+20   7.6094E+20   7.8896E+20   8.2257E+20   8.5471E+20
    4.1995E-02   3.4523E+19   4.7587E+19   7.2680E+19   1.2338E+20   1.6805E+20   2.0928E+20   2.6503E+20   3.4337E+20   4.0692E+20   5.0609E+20   5.7734E+20   6.3946E+20   6.9233E+20   7.4676E+20   7.6757E+20   8.0389E+20   8.3163E+20   8.6207E+20   8.9832E+20   9.3298E+20
    4.3981E-02   3.7819E+19   5.2115E+19   7.9369E+19   1.3388E+20   1.8175E+20   2.2603E+20   2.8618E+20   3.7131E+20   4.4089E+20   5.5016E+20   6.2890E+20   6.9752E+20   7.5588E+20   8.1591E+20   8.3885E+20   8.7859E+20   9.0875E+20   9.4183E+20   9.8085E+20   1.0182E+21
    4.6061E-02   4.1427E+19   5.7076E+19   8.6689E+19   1.4531E+20   1.9662E+20   2.4417E+20   3.0905E+20   4.0149E+20   4.7761E+20   5.9793E+20   6.8493E+20   7.6072E+20   8.2513E+20   8.9132E+20   9.1664E+20   9.6009E+20   9.9287E+20   1.0288E+21   1.0708E+21   1.1110E+21
    4.8239E-02   4.5377E+19   6.2511E+19   9.4700E+19   1.5778E+20   2.1279E+20   2.6384E+20   3.3378E+20   4.3408E+20   5.1729E+20   6.4969E+20   7.4581E+20   8.2953E+20   9.0059E+20   9.7355E+20   1.0015E+21   1.0490E+21   1.0846E+21   1.1236E+21   1.1687E+21   1.2120E+21
    5.0520E-02   4.9700E+19   6.8464E+19   1.0347E+20   1.7138E+20   2.3036E+20   2.8517E+20   3.6052E+20   4.6930E+20   5.6018E+20   7.0579E+20   8.1195E+20   9.0442E+20   9.8282E+20   1.0632E+21   1.0941E+21   1.1461E+21   1.1847E+21   1.2271E+21   1.2754E+21   1.3220E+21
    5.2909E-02   5.4431E+19   7.4984E+19   1.1307E+20   1.8622E+20   2.4948E+20   3.0833E+20   3.8951E+20   5.0741E+20   6.0663E+20   7.6667E+20   8.8394E+20   9.8609E+20   1.0726E+21   1.1612E+21   1.1953E+21   1.2522E+21   1.2941E+21   1.3400E+21   1.3917E+21   1.4419E+21
    5.5411E-02   5.7874E+19   8.0888E+19   1.2328E+20   2.0348E+20   2.7206E+20   3.3563E+20   4.2330E+20   5.5098E+20   6.5894E+20   8.3408E+20   9.6305E+20   1.0755E+21   1.1705E+21   1.2679E+21   1.3055E+21   1.3675E+21   1.4129E+21   1.4626E+21   1.5176E+21   1.5716E+21
    5.8032E-02   6.3276E+19   8.8496E+19   1.3466E+20   2.2118E+20   2.9481E+20   3.6309E+20   4.5752E+20   5.9579E+20   7.1349E+20   9.0573E+20   1.0481E+21   1.1722E+21   1.2770E+21   1.3843E+21   1.4258E+21   1.4937E+21   1.5429E+21   1.5966E+21   1.6552E+21   1.7133E+21
    6.0776E-02   6.9171E+19   9.6815E+19   1.4711E+20   2.4047E+20   3.1954E+20   3.9287E+20   4.9453E+20   6.4416E+20   7.7238E+20   9.8317E+20   1.1402E+21   1.2773E+21   1.3928E+21   1.5109E+21   1.5567E+21   1.6309E+21   1.6842E+21   1.7423E+21   1.8046E+21   1.8670E+21
    6.3650E-02   7.5606E+19   1.0591E+20   1.6073E+20   2.6152E+20   3.4646E+20   4.2521E+20   5.3463E+20   6.9648E+20   8.3604E+20   1.0670E+21   1.2403E+21   1.3916E+21   1.5188E+21   1.6487E+21   1.6993E+21   1.7804E+21   1.8381E+21   1.9008E+21   1.9669E+21   2.0339E+21
    6.6660E-02   8.2626E+19   1.1585E+20   1.7561E+20   2.8448E+20   3.7575E+20   4.6034E+20   5.7809E+20   7.5307E+20   9.0489E+20   1.1578E+21   1.3488E+21   1.5158E+21   1.6559E+21   1.7987E+21   1.8547E+21   1.9433E+21   2.0057E+21   2.0734E+21   2.1432E+21   2.2151E+21
    6.9813E-02   9.0285E+19   1.2671E+20   1.9189E+20   3.0954E+20   4.0765E+20   4.9851E+20   6.2521E+20   8.1431E+20   9.7935E+20   1.2560E+21   1.4665E+21   1.6509E+21   1.8050E+21   1.9621E+21   2.0238E+21   2.1207E+21   2.1881E+21   2.2611E+21   2.3347E+21   2.4118E+21
    7.3114E-02   9.8637E+19   1.3859E+20   2.0968E+20   3.3688E+20   4.4238E+20   5.4001E+20   6.7632E+20   8.8059E+20   1.0599E+21   1.3623E+21   1.5942E+21   1.7976E+21   1.9673E+21   2.1399E+21   2.2079E+21   2.3140E+21   2.3867E+21   2.4654E+21   2.5425E+21   2.6252E+21
    7.6571E-02   1.0774E+20   1.5155E+20   2.2914E+20   3.6672E+20   4.8022E+20   5.8513E+20   7.3177E+20   9.5235E+20   1.1470E+21   1.4774E+21   1.7327E+21   1.9571E+21   2.1438E+21   2.3333E+21   2.4084E+21   2.5243E+21   2.6028E+21   2.6875E+21   2.7680E+21   2.8567E+21
    8.0193E-02   1.1766E+20   1.6572E+20   2.5041E+20   3.9930E+20   5.2143E+20   6.3419E+20   7.9195E+20   1.0301E+21   1.2413E+21   1.6020E+21   1.8830E+21   2.1303E+21   2.3357E+21   2.5438E+21   2.6265E+21   2.7532E+21   2.8380E+21   2.9290E+21   3.0127E+21   3.1076E+21
    8.3985E-02   1.2847E+20   1.8119E+20   2.7366E+20   4.3485E+20   5.6634E+20   6.8756E+20   8.5728E+20   1.1142E+21   1.3434E+21   1.7369E+21   2.0458E+21   2.3184E+21   2.5444E+21   2.7727E+21   2.8637E+21   3.0023E+21   3.0937E+21   3.1916E+21   3.2780E+21   3.3796E+21
    8.7956E-02   1.4025E+20   1.9808E+20   2.9906E+20   4.7366E+20   6.1528E+20   7.4563E+20   9.2822E+20   1.2054E+21   1.4538E+21   1.8829E+21   2.2224E+21   2.5227E+21   2.7713E+21   3.0216E+21   3.1218E+21   3.2732E+21   3.3718E+21   3.4769E+21   3.5655E+21   3.6742E+21
    9.2116E-02   1.5306E+20   2.1651E+20   3.2683E+20   5.1603E+20   6.6861E+20   8.0883E+20   1.0053E+21   1.3043E+21   1.5734E+21   2.0410E+21   2.4139E+21   2.7445E+21   3.0178E+21   3.2922E+21   3.4024E+21   3.5678E+21   3.6740E+21   3.7869E+21   3.8770E+21   3.9931E+21
    9.6472E-02   1.6701E+20   2.3663E+20   3.5717E+20   5.6228E+20   7.2675E+20   8.7762E+20   1.0890E+21   1.4115E+21   1.7030E+21   2.2120E+21   2.6214E+21   2.9852E+21   3.2858E+21   3.5863E+21   3.7075E+21   3.8880E+21   4.0025E+21   4.1236E+21   4.2144E+21   4.3383E+21
    1.0103E-01   1.8218E+20   2.5857E+20   3.9033E+20   6.1277E+20   7.9013E+20   9.5250E+20   1.1800E+21   1.5277E+21   1.8433E+21   2.3973E+21   2.8463E+21   3.2464E+21   3.5769E+21   3.9059E+21   4.0390E+21   4.2360E+21   4.3593E+21   4.4892E+21   4.5797E+21   4.7116E+21
    1.0581E-01   1.9868E+20   2.8250E+20   4.2654E+20   6.6789E+20   8.5923E+20   1.0340E+21   1.2789E+21   1.6537E+21   1.9953E+21   2.5978E+21   3.0901E+21   3.5297E+21   3.8931E+21   4.2531E+21   4.3992E+21   4.6141E+21   4.7468E+21   4.8860E+21   4.9750E+21   5.1152E+21
    1.1082E-01   2.1660E+20   3.0858E+20   4.6608E+20   7.2807E+20   9.3457E+20   1.1228E+21   1.3864E+21   1.7905E+21   2.1600E+21   2.8150E+21   3.3543E+21   3.8371E+21   4.2366E+21   4.6303E+21   4.7905E+21   5.0247E+21   5.1675E+21   5.3165E+21   5.4025E+21   5.5512E+21
    1.1606E-01   2.3608E+20   3.3702E+20   5.0927E+20   7.9376E+20   1.0167E+21   1.2196E+21   1.5033E+21   1.9390E+21   2.3386E+21   3.0502E+21   3.6406E+21   4.1705E+21   4.6095E+21   5.0399E+21   5.2154E+21   5.4704E+21   5.6240E+21   5.7834E+21   5.8647E+21   6.0222E+21
    1.2154E-01   2.5722E+20   3.6799E+20   5.5642E+20   8.6547E+20   1.1063E+21   1.3249E+21   1.6305E+21   2.1001E+21   2.5322E+21   3.3050E+21   3.9509E+21   4.5320E+21   5.0144E+21   5.4846E+21   5.6768E+21   5.9543E+21   6.1193E+21   6.2896E+21   6.3642E+21   6.5305E+21
    1.2729E-01   2.8017E+20   4.0173E+20   6.0790E+20   9.4375E+20   1.2040E+21   1.4397E+21   1.7689E+21   2.2751E+21   2.7422E+21   3.5809E+21   4.2871E+21   4.9240E+21   5.4538E+21   5.9673E+21   6.1776E+21   6.4793E+21   6.6565E+21   6.8382E+21   6.9037E+21   7.0788E+21
    1.3331E-01   3.0506E+20   4.3846E+20   6.6407E+20   1.0292E+21   1.3106E+21   1.5648E+21   1.9194E+21   2.4651E+21   2.9699E+21   3.8799E+21   4.6514E+21   5.3489E+21   5.9307E+21   6.4912E+21   6.7212E+21   7.0487E+21   7.2388E+21   7.4323E+21   7.4861E+21   7.6699E+21
    1.3962E-01   3.3203E+20   4.7842E+20   7.2535E+20   1.1224E+21   1.4268E+21   1.7011E+21   2.0833E+21   2.6716E+21   3.2170E+21   4.2038E+21   5.0463E+21   5.8095E+21   6.4481E+21   7.0596E+21   7.3109E+21   7.6662E+21   7.8699E+21   8.0756E+21   8.1144E+21   8.3068E+21
    1.4622E-01   3.6127E+20   5.2190E+20   7.9221E+20   1.2242E+21   1.5535E+21   1.8496E+21   2.2616E+21   2.8959E+21   3.4851E+21   4.5548E+21   5.4741E+21   6.3087E+21   7.0094E+21   7.6761E+21   7.9505E+21   8.3355E+21   8.5534E+21   8.7718E+21   8.7919E+21   8.9927E+21
    1.5313E-01   3.9291E+20   5.6918E+20   8.6511E+20   1.3353E+21   1.6918E+21   2.0114E+21   2.4557E+21   3.1397E+21   3.7761E+21   4.9353E+21   5.9377E+21   6.8498E+21   7.6182E+21   8.3446E+21   8.6442E+21   9.0609E+21   9.2937E+21   9.5247E+21   9.5221E+21   9.7309E+21
    1.6038E-01   4.2714E+20   6.2055E+20   9.4458E+20   1.4564E+21   1.8425E+21   2.1878E+21   2.6670E+21   3.4046E+21   4.0920E+21   5.3477E+21   6.4401E+21   7.4361E+21   8.2783E+21   9.0694E+21   9.3962E+21   9.8466E+21   1.0095E+22   1.0339E+22   1.0309E+22   1.0525E+22
    1.6796E-01   4.6416E+20   6.7635E+20   1.0312E+21   1.5886E+21   2.0069E+21   2.3801E+21   2.8971E+21   3.6927E+21   4.4350E+21   5.7948E+21   6.9846E+21   8.0714E+21   8.9939E+21   9.8550E+21   1.0211E+22   1.0698E+22   1.0962E+22   1.1218E+22   1.1155E+22   1.1378E+22
    1.7590E-01   5.0418E+20   7.3697E+20   1.1256E+21   1.7328E+21   2.1862E+21   2.5896E+21   3.1477E+21   4.0059E+21   4.8074E+21   6.2796E+21   7.5747E+21   8.7598E+21   9.7695E+21   1.0706E+22   1.1095E+22   1.1619E+22   1.1900E+22   1.2167E+22   1.2066E+22   1.2295E+22
    1.8422E-01   5.4739E+20   8.0273E+20   1.2284E+21   1.8901E+21   2.3817E+21   2.8179E+21   3.4205E+21   4.3464E+21   5.2120E+21   6.8053E+21   8.2141E+21   9.5056E+21   1.0610E+22   1.1629E+22   1.2051E+22   1.2616E+22   1.2914E+22   1.3192E+22   1.3045E+22   1.3279E+22
    1.9293E-01   5.9399E+20   8.7405E+20   1.3403E+21   2.0616E+21   2.5948E+21   3.0668E+21   3.7175E+21   4.7168E+21   5.6515E+21   7.3755E+21   8.9072E+21   1.0314E+22   1.1521E+22   1.2627E+22   1.3087E+22   1.3695E+22   1.4010E+22   1.4297E+22   1.4097E+22   1.4335E+22
    2.0206E-01   6.4421E+20   9.5134E+20   1.4622E+21   2.2486E+21   2.8272E+21   3.3380E+21   4.0411E+21   5.1197E+21   6.1289E+21   7.9939E+21   9.6582E+21   1.1189E+22   1.2507E+22   1.3709E+22   1.4209E+22   1.4862E+22   1.5194E+22   1.5489E+22   1.5227E+22   1.5466E+22
    2.1161E-01   6.9835E+20   1.0351E+21   1.5947E+21   2.4524E+21   3.0805E+21   3.6336E+21   4.3934E+21   5.5578E+21   6.6476E+21   8.6648E+21   1.0472E+22   1.2137E+22   1.3576E+22   1.4880E+22   1.5422E+22   1.6123E+22   1.6472E+22   1.6773E+22   1.6440E+22   1.6679E+22
    2.2162E-01   7.5665E+20   1.1258E+21   1.7389E+21   2.6746E+21   3.3566E+21   3.9557E+21   4.7770E+21   6.0345E+21   7.2112E+21   9.3926E+21   1.1354E+22   1.3163E+22   1.4733E+22   1.6146E+22   1.6735E+22   1.7486E+22   1.7853E+22   1.8155E+22   1.7740E+22   1.7977E+22
    2.3210E-01   8.1934E+20   1.2240E+21   1.8957E+21   2.9166E+21   3.6575E+21   4.3066E+21   5.1948E+21   6.5530E+21   7.8238E+21   1.0182E+22   1.2311E+22   1.4275E+22   1.5986E+22   1.7517E+22   1.8155E+22   1.8958E+22   1.9342E+22   1.9642E+22   1.9133E+22   1.9365E+22
    2.4307E-01   8.8667E+20   1.3301E+21   2.0660E+21   3.1803E+21   3.9854E+21   4.6889E+21   5.6498E+21   7.1170E+21   8.4894E+21   1.1039E+22   1.3347E+22   1.5480E+22   1.7341E+22   1.8999E+22   1.9689E+22   2.0548E+22   2.0948E+22   2.1241E+22   2.0626E+22   2.0849E+22
    2.5457E-01   9.5892E+20   1.4448E+21   2.2510E+21   3.4674E+21   4.3426E+21   5.1054E+21   6.1451E+21   7.7306E+21   9.2128E+21   1.1969E+22   1.4470E+22   1.6783E+22   1.8808E+22   2.0602E+22   2.1348E+22   2.2264E+22   2.2680E+22   2.2960E+22   2.2222E+22   2.2435E+22
    2.6661E-01   1.0364E+21   1.5685E+21   2.4518E+21   3.7799E+21   4.7317E+21   5.5590E+21   6.6844E+21   8.3980E+21   9.9990E+21   1.2977E+22   1.5687E+22   1.8195E+22   2.0395E+22   2.2334E+22   2.3138E+22   2.4116E+22   2.4546E+22   2.4807E+22   2.3930E+22   2.4126E+22
    2.7922E-01   1.1194E+21   1.7022E+21   2.6698E+21   4.1201E+21   5.1554E+21   6.0529E+21   7.2716E+21   9.1241E+21   1.0853E+22   1.4072E+22   1.7006E+22   1.9723E+22   2.2112E+22   2.4205E+22   2.5072E+22   2.6112E+22   2.6555E+22   2.6789E+22   2.5754E+22   2.5930E+22
    2.9242E-01   1.2083E+21   1.8463E+21   2.9062E+21   4.4903E+21   5.6167E+21   6.5908E+21   7.9107E+21   9.9137E+21   1.1782E+22   1.5259E+22   1.8436E+22   2.1377E+22   2.3968E+22   2.6225E+22   2.7158E+22   2.8263E+22   2.8717E+22   2.8915E+22   2.7702E+22   2.7852E+22
    3.0625E-01   1.3034E+21   2.0016E+21   3.1625E+21   4.8929E+21   6.1189E+21   7.1763E+21   8.6063E+21   1.0773E+22   1.2791E+22   1.6548E+22   1.9984E+22   2.3168E+22   2.5974E+22   2.8406E+22   2.9407E+22   3.0580E+22   3.1042E+22   3.1194E+22   2.9780E+22   2.9898E+22
    3.2073E-01   1.4048E+21   2.1687E+21   3.4401E+21   5.3306E+21   6.6652E+21   7.8135E+21   9.3631E+21   1.1706E+22   1.3887E+22   1.7946E+22   2.1662E+22   2.5104E+22   2.8142E+22   3.0760E+22   3.1833E+22   3.3074E+22   3.3540E+22   3.3635E+22   3.1995E+22   3.2074E+22
    3.3590E-01   1.5129E+21   2.3483E+21   3.7406E+21   5.8062E+21   7.2596E+21   8.5067E+21   1.0187E+22   1.2722E+22   1.5078E+22   1.9462E+22   2.3479E+22   2.7200E+22   3.0485E+22   3.3298E+22   3.4446E+22   3.5757E+22   3.6224E+22   3.6249E+22   3.4353E+22   3.4385E+22
    3.5178E-01   1.6280E+21   2.5413E+21   4.0657E+21   6.3229E+21   7.9058E+21   9.2608E+21   1.1082E+22   1.3826E+22   1.6372E+22   2.1106E+22   2.5447E+22   2.9466E+22   3.3015E+22   3.6034E+22   3.7259E+22   3.8642E+22   3.9104E+22   3.9045E+22   3.6862E+22   3.6838E+22
    3.6842E-01   1.7504E+21   2.7484E+21   4.4172E+21   6.8839E+21   8.6082E+21   1.0081E+22   1.2056E+22   1.5025E+22   1.7777E+22   2.2889E+22   2.7577E+22   3.1915E+22   3.5746E+22   3.8982E+22   4.0287E+22   4.1742E+22   4.2193E+22   4.2033E+22   3.9528E+22   3.9438E+22
    3.8584E-01   1.8802E+21   2.9704E+21   4.7969E+21   7.4926E+21   9.3714E+21   1.0972E+22   1.3114E+22   1.6329E+22   1.9302E+22   2.4823E+22   2.9884E+22   3.4563E+22   3.8693E+22   4.2157E+22   4.3544E+22   4.5069E+22   4.5503E+22   4.5224E+22   4.2360E+22   4.2193E+22
    4.0409E-01   2.0181E+21   3.2084E+21   5.2070E+21   8.1531E+21   1.0200E+22   1.1940E+22   1.4265E+22   1.7744E+22   2.0958E+22   2.6918E+22   3.2380E+22   3.7424E+22   4.1872E+22   4.5574E+22   4.7045E+22   4.8639E+22   4.9046E+22   4.8629E+22   4.5363E+22   4.5107E+22
    4.2320E-01   2.1642E+21   3.4633E+21   5.6497E+21   8.8693E+21   1.1101E+22   1.2992E+22   1.5514E+22   1.9282E+22   2.2756E+22   2.9189E+22   3.5081E+22   4.0515E+22   4.5299E+22   4.9250E+22   5.0806E+22   5.2467E+22   5.2837E+22   5.2260E+22   4.8545E+22   4.8186E+22
    4.4321E-01   2.3187E+21   3.7356E+21   6.1269E+21   9.6453E+21   1.2077E+22   1.4134E+22   1.6871E+22   2.0951E+22   2.4706E+22   3.1649E+22   3.8001E+22   4.3851E+22   4.8991E+22   5.3201E+22   5.4843E+22   5.6566E+22   5.6889E+22   5.6127E+22   5.1913E+22   5.1436E+22
    4.6417E-01   2.4816E+21   4.0261E+21   6.6407E+21   1.0485E+22   1.3136E+22   1.5373E+22   1.8344E+22   2.2762E+22   2.6820E+22   3.4313E+22   4.1159E+22   4.7451E+22   5.2967E+22   5.7445E+22   5.9173E+22   6.0954E+22   6.1216E+22   6.0243E+22   5.5475E+22   5.4862E+22
    4.8612E-01   2.6530E+21   4.3358E+21   7.1935E+21   1.1395E+22   1.4284E+22   1.6717E+22   1.9942E+22   2.4727E+22   2.9112E+22   3.7196E+22   4.4571E+22   5.1334E+22   5.7247E+22   6.2000E+22   6.3814E+22   6.5645E+22   6.5833E+22   6.4618E+22   5.9237E+22   5.8471E+22
    5.0911E-01   2.8332E+21   4.6652E+21   7.7876E+21   1.2378E+22   1.5527E+22   1.8174E+22   2.1675E+22   2.6856E+22   3.1596E+22   4.0316E+22   4.8256E+22   5.5520E+22   6.1850E+22   6.6887E+22   6.8785E+22   7.0658E+22   7.0753E+22   6.9265E+22   6.3206E+22   6.2266E+22
    5.3318E-01   3.0220E+21   5.0152E+21   8.4255E+21   1.3440E+22   1.6873E+22   1.9751E+22   2.3552E+22   2.9164E+22   3.4286E+22   4.3690E+22   5.2234E+22   6.0029E+22   6.6797E+22   7.2124E+22   7.4104E+22   7.6008E+22   7.5993E+22   7.4195E+22   6.7390E+22   6.6254E+22
    5.5840E-01   3.2196E+21   5.3864E+21   9.1095E+21   1.4586E+22   1.8328E+22   2.1459E+22   2.5585E+22   3.1662E+22   3.7198E+22   4.7336E+22   5.6526E+22   6.4884E+22   7.2110E+22   7.7733E+22   7.9791E+22   8.1713E+22   8.1566E+22   7.9419E+22   7.1794E+22   7.0438E+22
    5.8480E-01   3.4258E+21   5.7795E+21   9.8420E+21   1.5822E+22   1.9900E+22   2.3306E+22   2.7784E+22   3.4366E+22   4.0347E+22   5.1275E+22   6.1154E+22   7.0108E+22   7.7812E+22   8.3734E+22   8.5866E+22   8.7790E+22   8.7488E+22   8.4950E+22   7.6425E+22   7.4824E+22
    6.1246E-01   3.6404E+21   6.1949E+21   1.0626E+22   1.7154E+22   2.1598E+22   2.5302E+22   3.0163E+22   3.7290E+22   4.3751E+22   5.5526E+22   6.6139E+22   7.5723E+22   8.3925E+22   9.0149E+22   9.2349E+22   9.4257E+22   9.3773E+22   9.0797E+22   8.1291E+22   7.9417E+22
    6.4142E-01   3.8633E+21   6.6331E+21   1.1463E+22   1.8588E+22   2.3430E+22   2.7457E+22   3.2733E+22   4.0449E+22   4.7428E+22   6.0111E+22   7.1506E+22   8.1753E+22   9.0473E+22   9.7000E+22   9.9259E+22   1.0113E+23   1.0044E+23   9.6974E+22   8.6397E+22   8.4221E+22
    6.7175E-01   4.0944E+21   7.0950E+21   1.2356E+22   2.0129E+22   2.5404E+22   2.9783E+22   3.5508E+22   4.3861E+22   5.1396E+22   6.5052E+22   7.7278E+22   8.8224E+22   9.7480E+22   1.0431E+23   1.0662E+23   1.0843E+23   1.0749E+23   1.0349E+23   9.1751E+22   8.9242E+22
    7.0352E-01   4.3336E+21   7.5809E+21   1.3308E+22   2.1785E+22   2.7529E+22   3.2290E+22   3.8500E+22   4.7540E+22   5.5675E+22   7.0371E+22   8.3480E+22   9.5161E+22   1.0497E+23   1.1210E+23   1.1445E+23   1.1617E+23   1.1496E+23   1.1036E+23   9.7360E+22   9.4486E+22
    7.3679E-01   4.5798E+21   8.0902E+21   1.4320E+22   2.3561E+22   2.9815E+22   3.4988E+22   4.1724E+22   5.1505E+22   6.0284E+22   7.6093E+22   9.0138E+22   1.0259E+23   1.1297E+23   1.2039E+23   1.2276E+23   1.2437E+23   1.2285E+23   1.1758E+23   1.0323E+23   9.9957E+22
    7.7163E-01   4.8322E+21   8.6228E+21   1.5394E+22   2.5463E+22   3.2269E+22   3.7889E+22   4.5194E+22   5.5773E+22   6.5244E+22   8.2241E+22   9.7277E+22   1.1053E+23   1.2150E+23   1.2920E+23   1.3159E+23   1.3305E+23   1.3117E+23   1.2518E+23   1.0937E+23   1.0566E+23
    8.0812E-01   5.0900E+21   9.1781E+21   1.6531E+22   2.7497E+22   3.4901E+22   4.1004E+22   4.8922E+22   6.0362E+22   7.0574E+22   8.8838E+22   1.0492E+23   1.1902E+23   1.3059E+23   1.3856E+23   1.4094E+23   1.4222E+23   1.3994E+23   1.3316E+23   1.1579E+23   1.1161E+23
    8.4634E-01   5.3522E+21   9.7554E+21   1.7734E+22   2.9668E+22   3.7718E+22   4.4345E+22   5.2925E+22   6.5288E+22   7.6295E+22   9.5909E+22   1.1310E+23   1.2808E+23   1.4025E+23   1.4848E+23   1.5084E+23   1.5189E+23   1.4917E+23   1.4152E+23   1.2250E+23   1.1781E+23
    8.8636E-01   5.6176E+21   1.0354E+22   1.9001E+22   3.1982E+22   4.0731E+22   4.7921E+22   5.7214E+22   7.0571E+22   8.2427E+22   1.0348E+23   1.2183E+23   1.3772E+23   1.5052E+23   1.5899E+23   1.6131E+23   1.6209E+23   1.5887E+23   1.5029E+23   1.2950E+23   1.2428E+23
    9.2828E-01   5.8849E+21   1.0972E+22   2.0335E+22   3.4442E+22   4.3946E+22   5.1744E+22   6.1803E+22   7.6226E+22   8.8991E+22   1.1156E+23   1.3115E+23   1.4799E+23   1.6141E+23   1.7011E+23   1.7235E+23   1.7282E+23   1.6906E+23   1.5947E+23   1.3682E+23   1.3101E+23
    9.7218E-01   6.1536E+21   1.1609E+22   2.1736E+22   3.7055E+22   4.7371E+22   5.5823E+22   6.6707E+22   8.2271E+22   9.6006E+22   1.2020E+23   1.4107E+23   1.5889E+23   1.7295E+23   1.8184E+23   1.8400E+23   1.8410E+23   1.7975E+23   1.6907E+23   1.4446E+23   1.3803E+23
    1.0182E+00   6.4209E+21   1.2262E+22   2.3202E+22   3.9823E+22   5.1012E+22   6.0168E+22   7.1937E+22   8.8721E+22   1.0349E+23   1.2939E+23   1.5161E+23   1.7045E+23   1.8515E+23   1.9422E+23   1.9625E+23   1.9594E+23   1.9094E+23   1.7911E+23   1.5244E+23   1.4535E+23
    1.0663E+00   6.6849E+21   1.2929E+22   2.4731E+22   4.2746E+22   5.4875E+22   6.4785E+22   7.7501E+22   9.5590E+22   1.1146E+23   1.3917E+23   1.6280E+23   1.8269E+23   1.9804E+23   2.0725E+23   2.0914E+23   2.0835E+23   2.0265E+23   1.8959E+23   1.6077E+23   1.5300E+23
    1.1167E+00   6.9434E+21   1.3605E+22   2.6320E+22   4.5827E+22   5.8961E+22   6.9680E+22   8.3411E+22   1.0289E+23   1.1992E+23   1.4954E+23   1.7466E+23   1.9563E+23   2.1161E+23   2.2095E+23   2.2265E+23   2.2135E+23   2.1489E+23   2.0053E+23   1.6949E+23   1.6098E+23
    1.1695E+00   7.1942E+21   1.4288E+22   2.7966E+22   4.9064E+22   6.3274E+22   7.4858E+22   8.9672E+22   1.1063E+23   1.2890E+23   1.6054E+23   1.8719E+23   2.0927E+23   2.2590E+23   2.3533E+23   2.3682E+23   2.3494E+23   2.2767E+23   2.1195E+23   1.7860E+23   1.6933E+23
    1.2248E+00   7.4347E+21   1.4973E+22   2.9664E+22   5.2454E+22   6.7814E+22   8.0321E+22   9.6289E+22   1.1883E+23   1.3841E+23   1.7216E+23   2.0041E+23   2.2364E+23   2.4091E+23   2.5039E+23   2.5165E+23   2.4913E+23   2.4101E+23   2.2386E+23   1.8814E+23   1.7807E+23
    1.2828E+00   7.6623E+21   1.5655E+22   3.1408E+22   5.5994E+22   7.2578E+22   8.6068E+22   1.0326E+23   1.2747E+23   1.4844E+23   1.8441E+23   2.1434E+23   2.3873E+23   2.5664E+23   2.6616E+23   2.6714E+23   2.6393E+23   2.5492E+23   2.3628E+23   1.9814E+23   1.8723E+23
    1.3434E+00   7.8741E+21   1.6329E+22   3.3190E+22   5.9677E+22   7.7561E+22   9.2097E+22   1.1060E+23   1.3657E+23   1.5900E+23   1.9730E+23   2.2897E+23   2.5456E+23   2.7310E+23   2.8263E+23   2.8331E+23   2.7936E+23   2.6941E+23   2.4924E+23   2.0862E+23   1.9685E+23
    1.4070E+00   8.0672E+21   1.6990E+22   3.5001E+22   6.3493E+22   8.2756E+22   9.8400E+22   1.1828E+23   1.4613E+23   1.7009E+23   2.1084E+23   2.4430E+23   2.7113E+23   2.9030E+23   2.9981E+23   3.0016E+23   2.9543E+23   2.8451E+23   2.6276E+23   2.1963E+23   2.0697E+23
    1.4735E+00   8.2399E+21   1.7631E+22   3.6832E+22   6.7433E+22   8.8153E+22   1.0497E+23   1.2631E+23   1.5613E+23   1.8171E+23   2.2501E+23   2.6034E+23   2.8843E+23   3.0824E+23   3.1771E+23   3.1771E+23   3.1215E+23   3.0023E+23   2.7688E+23   2.3121E+23   2.1763E+23
    1.5432E+00   8.3880E+21   1.8245E+22   3.8671E+22   7.1481E+22   9.3737E+22   1.1179E+23   1.3468E+23   1.6657E+23   1.9385E+23   2.3981E+23   2.7708E+23   3.0647E+23   3.2691E+23   3.3632E+23   3.3597E+23   3.2953E+23   3.1660E+23   2.9163E+23   2.4341E+23   2.2888E+23
    1.6162E+00   8.5084E+21   1.8825E+22   4.0503E+22   7.5619E+22   9.9489E+22   1.1885E+23   1.4335E+23   1.7743E+23   2.0649E+23   2.5522E+23   2.9450E+23   3.2522E+23   3.4631E+23   3.5567E+23   3.5494E+23   3.4761E+23   3.3365E+23   3.0704E+23   2.5628E+23   2.4078E+23
    1.6926E+00   8.5983E+21   1.9362E+22   4.2313E+22   7.9825E+22   1.0539E+23   1.2611E+23   1.5232E+23   1.8868E+23   2.1960E+23   2.7123E+23   3.1259E+23   3.4469E+23   3.6644E+23   3.7575E+23   3.7465E+23   3.6640E+23   3.5141E+23   3.2317E+23   2.6987E+23   2.5337E+23
    1.7726E+00   8.6549E+21   1.9848E+22   4.4084E+22   8.4076E+22   1.1141E+23   1.3356E+23   1.6156E+23   2.0031E+23   2.3317E+23   2.8782E+23   3.3133E+23   3.6485E+23   3.8729E+23   3.9657E+23   3.9511E+23   3.8592E+23   3.6992E+23   3.4007E+23   2.8426E+23   2.6674E+23
    1.8564E+00   8.6758E+21   2.0276E+22   4.5799E+22   8.8346E+22   1.1751E+23   1.4117E+23   1.7102E+23   2.1228E+23   2.4717E+23   3.0495E+23   3.5070E+23   3.8570E+23   4.0886E+23   4.1815E+23   4.1633E+23   4.0621E+23   3.8923E+23   3.5778E+23   2.9950E+23   2.8094E+23
    1.9442E+00   8.6590E+21   2.0637E+22   4.7438E+22   9.2603E+22   1.2368E+23   1.4889E+23   1.8069E+23   2.2455E+23   2.6155E+23   3.2259E+23   3.7067E+23   4.0721E+23   4.3115E+23   4.4049E+23   4.3836E+23   4.2731E+23   4.0938E+23   3.7638E+23   3.1567E+23   2.9605E+23
    2.0362E+00   8.6029E+21   2.0924E+22   4.8982E+22   9.6816E+22   1.2987E+23   1.5669E+23   1.9051E+23   2.3709E+23   2.7628E+23   3.4072E+23   3.9121E+23   4.2937E+23   4.5415E+23   4.6362E+23   4.6120E+23   4.4926E+23   4.3042E+23   3.9592E+23   3.3285E+23   3.1216E+23
    2.1325E+00   8.5063E+21   2.1129E+22   5.0410E+22   1.0095E+23   1.3603E+23   1.6452E+23   2.0044E+23   2.4984E+23   2.9132E+23   3.5928E+23   4.1231E+23   4.5217E+23   4.7787E+23   4.8756E+23   4.8491E+23   4.7210E+23   4.5242E+23   4.1649E+23   3.5112E+23   3.2935E+23
    2.2333E+00   8.3687E+21   2.1247E+22   5.1703E+22   1.0497E+23   1.4213E+23   1.7235E+23   2.1044E+23   2.6276E+23   3.0661E+23   3.7825E+23   4.3392E+23   4.7559E+23   5.0232E+23   5.1234E+23   5.0952E+23   4.9588E+23   4.7543E+23   4.3816E+23   3.7058E+23   3.4772E+23
    2.3389E+00   8.1904E+21   2.1271E+22   5.2839E+22   1.0883E+23   1.4812E+23   1.8011E+23   2.2044E+23   2.7580E+23   3.2211E+23   3.9757E+23   4.5601E+23   4.9961E+23   5.2749E+23   5.3798E+23   5.3507E+23   5.2066E+23   4.9954E+23   4.6100E+23   3.9131E+23   3.6735E+23
    2.4495E+00   7.9721E+21   2.1197E+22   5.3801E+22   1.1250E+23   1.5395E+23   1.8776E+23   2.3040E+23   2.8890E+23   3.3776E+23   4.1721E+23   4.7857E+23   5.2424E+23   5.5341E+23   5.6452E+23   5.6161E+23   5.4651E+23   5.2480E+23   4.8512E+23   4.1341E+23   3.8834E+23
    2.5654E+00   7.7161E+21   2.1023E+22   5.4571E+22   1.1594E+23   1.5957E+23   1.9524E+23   2.4025E+23   3.0200E+23   3.5352E+23   4.3713E+23   5.0156E+23   5.4946E+23   5.8008E+23   5.9200E+23   5.8920E+23   5.7348E+23   5.5131E+23   5.1058E+23   4.3698E+23   4.1081E+23
    2.6867E+00   7.4240E+21   2.0748E+22   5.5132E+22   1.1911E+23   1.6494E+23   2.0250E+23   2.4995E+23   3.1504E+23   3.6931E+23   4.5727E+23   5.2497E+23   5.7526E+23   6.0753E+23   6.2047E+23   6.1789E+23   6.0164E+23   5.7913E+23   5.3749E+23   4.6212E+23   4.3485E+23
    2.8137E+00   7.0988E+21   2.0369E+22   5.5469E+22   1.2197E+23   1.7001E+23   2.0948E+23   2.5943E+23   3.2797E+23   3.8511E+23   4.7761E+23   5.4875E+23   6.0166E+23   6.3577E+23   6.4996E+23   6.4773E+23   6.3105E+23   6.0834E+23   5.6594E+23   4.8892E+23   4.6056E+23
    2.9468E+00   6.7443E+21   1.9891E+22   5.5571E+22   1.2449E+23   1.7472E+23   2.1614E+23   2.6863E+23   3.4073E+23   4.0083E+23   4.9810E+23   5.7291E+23   6.2863E+23   6.6483E+23   6.8052E+23   6.7878E+23   6.6178E+23   6.3903E+23   5.9601E+23   5.1750E+23   4.8806E+23
    3.0862E+00   6.3648E+21   1.9315E+22   5.5429E+22   1.2663E+23   1.7904E+23   2.2241E+23   2.7749E+23   3.5326E+23   4.1644E+23   5.1869E+23   5.9739E+23   6.5618E+23   6.9471E+23   7.1219E+23   7.1109E+23   6.9390E+23   6.7125E+23   6.2777E+23   5.4793E+23   5.1745E+23
    3.2321E+00   5.9651E+21   1.8648E+22   5.5038E+22   1.2836E+23   1.8291E+23   2.2825E+23   2.8597E+23   3.6550E+23   4.3187E+23   5.3936E+23   6.2219E+23   6.8430E+23   7.2545E+23   7.4500E+23   7.4471E+23   7.2744E+23   7.0508E+23   6.6132E+23   5.8030E+23   5.4881E+23
    3.3849E+00   5.5504E+21   1.7897E+22   5.4397E+22   1.2966E+23   1.8631E+23   2.3360E+23   2.9399E+23   3.7739E+23   4.4708E+23   5.6004E+23   6.4727E+23   7.1297E+23   7.5702E+23   7.7898E+23   7.7966E+23   7.6246E+23   7.4057E+23   6.9671E+23   6.1470E+23   5.8224E+23
    3.5450E+00   5.1261E+21   1.7071E+22   5.3506E+22   1.3050E+23   1.8918E+23   2.3843E+23   3.0151E+23   3.8886E+23   4.6198E+23   5.8068E+23   6.7259E+23   7.4218E+23   7.8944E+23   8.1413E+23   8.1597E+23   7.9898E+23   7.7775E+23   7.3399E+23   6.5118E+23   6.1781E+23
    3.7127E+00   4.6978E+21   1.6178E+22   5.2371E+22   1.3087E+23   1.9150E+23   2.4267E+23   3.0846E+23   3.9985E+23   4.7652E+23   6.0123E+23   6.9809E+23   7.7187E+23   8.2267E+23   8.5044E+23   8.5364E+23   8.3700E+23   8.1664E+23   7.7319E+23   6.8979E+23   6.5559E+23
    3.8882E+00   4.2709E+21   1.5232E+22   5.1000E+22   1.3074E+23   1.9322E+23   2.4628E+23   3.1479E+23   4.1029E+23   4.9061E+23   6.2159E+23   7.2371E+23   8.0199E+23   8.5667E+23   8.8789E+23   8.9265E+23   8.7652E+23   8.5725E+23   8.1433E+23   7.3056E+23   6.9562E+23
    4.0721E+00   3.8505E+21   1.4242E+22   4.9404E+22   1.3011E+23   1.9431E+23   2.4920E+23   3.2041E+23   4.2008E+23   5.0417E+23   6.4168E+23   7.4935E+23   8.3245E+23   8.9135E+23   9.2642E+23   9.3294E+23   9.1749E+23   8.9954E+23   8.5739E+23   7.7349E+23   7.3792E+23
    4.2647E+00   3.4415E+21   1.3222E+22   4.7597E+22   1.2895E+23   1.9473E+23   2.5139E+23   3.2526E+23   4.2913E+23   5.1707E+23   6.6137E+23   7.7489E+23   8.6314E+23   9.2662E+23   9.6593E+23   9.7443E+23   9.5982E+23   9.4344E+23   9.0231E+23   8.1855E+23   7.8248E+23
    4.4664E+00   3.0481E+21   1.2184E+22   4.5594E+22   1.2726E+23   1.9445E+23   2.5278E+23   3.2925E+23   4.3733E+23   5.2919E+23   6.8051E+23   8.0018E+23   8.9391E+23   9.6234E+23   1.0063E+24   1.0170E+24   1.0034E+24   9.8886E+23   9.4901E+23   8.6568E+23   8.2929E+23
    4.6776E+00   2.6742E+21   1.1140E+22   4.3414E+22   1.2504E+23   1.9343E+23   2.5331E+23   3.3229E+23   4.4455E+23   5.4038E+23   6.9894E+23   8.2503E+23   9.2458E+23   9.9831E+23   1.0473E+24   1.0605E+24   1.0481E+24   1.0356E+24   9.9736E+23   9.1478E+23   8.7824E+23
    4.8988E+00   2.3228E+21   1.0102E+22   4.1077E+22   1.2227E+23   1.9164E+23   2.5292E+23   3.3428E+23   4.5065E+23   5.5047E+23   7.1643E+23   8.4922E+23   9.5490E+23   1.0343E+24   1.0888E+24   1.1046E+24   1.0937E+24   1.0836E+24   1.0472E+24   9.6570E+23   9.2924E+23
    5.1304E+00   1.9963E+21   9.0810E+21   3.8604E+22   1.1895E+23   1.8903E+23   2.5154E+23   3.3511E+23   4.5547E+23   5.5926E+23   7.3276E+23   8.7248E+23   9.8460E+23   1.0700E+24   1.1304E+24   1.1492E+24   1.1398E+24   1.1324E+24   1.0982E+24   1.0182E+24   9.8212E+23
    5.3730E+00   1.6965E+21   8.0878E+21   3.6019E+22   1.1509E+23   1.8557E+23   2.4909E+23   3.3467E+23   4.5883E+23   5.6653E+23   7.4763E+23   8.9450E+23   1.0134E+24   1.1052E+24   1.1719E+24   1.1938E+24   1.1863E+24   1.1819E+24   1.1502E+24   1.0722E+24   1.0367E+24
    5.6271E+00   1.4246E+21   7.1322E+21   3.3347E+22   1.1070E+23   1.8124E+23   2.4553E+23   3.3285E+23   4.6055E+23   5.7206E+23   7.6076E+23   9.1493E+23   1.0408E+24   1.1393E+24   1.2128E+24   1.2381E+24   1.2326E+24   1.2316E+24   1.2028E+24   1.1271E+24   1.0926E+24
    5.8932E+00   1.1809E+21   6.2227E+21   3.0616E+22   1.0579E+23   1.7602E+23   2.4079E+23   3.2954E+23   4.6046E+23   5.7559E+23   7.7179E+23   9.3336E+23   1.0664E+24   1.1720E+24   1.2526E+24   1.2815E+24   1.2784E+24   1.2810E+24   1.2556E+24   1.1827E+24   1.1496E+24
    6.1719E+00   9.6550E+20   5.3672E+21   2.7855E+22   1.0039E+23   1.6991E+23   2.3483E+23   3.2463E+23   4.5836E+23   5.7687E+23   7.8037E+23   9.4938E+23   1.0898E+24   1.2027E+24   1.2909E+24   1.3237E+24   1.3232E+24   1.3298E+24   1.3081E+24   1.2386E+24   1.2072E+24
    6.4638E+00   7.7768E+20   4.5723E+21   2.5096E+22   9.4541E+22   1.6292E+23   2.2762E+23   3.1805E+23   4.5409E+23   5.7566E+23   7.8615E+23   9.6254E+23   1.1105E+24   1.2309E+24   1.3270E+24   1.3639E+24   1.3662E+24   1.3772E+24   1.3597E+24   1.2942E+24   1.2650E+24
    6.7695E+00   6.1638E+20   3.8433E+21   2.2371E+22   8.8299E+22   1.5508E+23   2.1918E+23   3.0975E+23   4.4750E+23   5.7172E+23   7.8874E+23   9.7235E+23   1.1278E+24   1.2560E+24   1.3603E+24   1.4016E+24   1.4070E+24   1.4227E+24   1.4097E+24   1.3488E+24   1.3224E+24
    7.0896E+00   4.8011E+20   3.1841E+21   1.9714E+22   8.1730E+22   1.4645E+23   2.0953E+23   2.9970E+23   4.3848E+23   5.6485E+23   7.8779E+23   9.7835E+23   1.1413E+24   1.2774E+24   1.3901E+24   1.4359E+24   1.4448E+24   1.4656E+24   1.4576E+24   1.4020E+24   1.3788E+24
    7.4249E+00   3.6700E+20   2.5972E+21   1.7159E+22   7.4917E+22   1.3712E+23   1.9874E+23   2.8793E+23   4.2695E+23   5.5490E+23   7.8299E+23   9.8008E+23   1.1503E+24   1.2943E+24   1.4157E+24   1.4663E+24   1.4788E+24   1.5050E+24   1.5026E+24   1.4528E+24   1.4335E+24
    7.7760E+00   2.7491E+20   2.0831E+21   1.4737E+22   6.7955E+22   1.2721E+23   1.8691E+23   2.7450E+23   4.1291E+23   5.4175E+23   7.7404E+23   9.7710E+23   1.1544E+24   1.3062E+24   1.4364E+24   1.4918E+24   1.5083E+24   1.5402E+24   1.5438E+24   1.5007E+24   1.4857E+24
    8.1437E+00   2.0149E+20   1.6409E+21   1.2477E+22   6.0947E+22   1.1683E+23   1.7418E+23   2.5953E+23   3.9639E+23   5.2535E+23   7.6073E+23   9.6904E+23   1.1530E+24   1.3124E+24   1.4514E+24   1.5118E+24   1.5325E+24   1.5704E+24   1.5804E+24   1.5446E+24   1.5347E+24
    8.5288E+00   1.4426E+20   1.2678E+21   1.0402E+22   5.4003E+22   1.0616E+23   1.6073E+23   2.4319E+23   3.7751E+23   5.0577E+23   7.4292E+23   9.5560E+23   1.1455E+24   1.3123E+24   1.4601E+24   1.5254E+24   1.5505E+24   1.5948E+24   1.6116E+24   1.5839E+24   1.5796E+24
    8.9322E+00   1.0073E+20   9.5951E+20   8.5309E+21   4.7234E+22   9.5356E+22   1.4675E+23   2.2570E+23   3.5647E+23   4.8310E+23   7.2058E+23   9.3655E+23   1.1318E+24   1.3054E+24   1.4616E+24   1.5319E+24   1.5617E+24   1.6124E+24   1.6364E+24   1.6175E+24   1.6195E+24
    9.3546E+00   6.8470E+19   7.1032E+20   6.8752E+21   4.0746E+22   8.4610E+22   1.3249E+23   2.0732E+23   3.3352E+23   4.5758E+23   6.9377E+23   9.1180E+23   1.1114E+24   1.2912E+24   1.4555E+24   1.5307E+24   1.5653E+24   1.6227E+24   1.6542E+24   1.6446E+24   1.6535E+24
    9.7969E+00   4.5233E+19   5.1366E+20   5.4388E+21   3.4636E+22   7.4099E+22   1.1818E+23   1.8836E+23   3.0900E+23   4.2952E+23   6.6269E+23   8.8138E+23   1.0842E+24   1.2695E+24   1.4413E+24   1.5212E+24   1.5607E+24   1.6247E+24   1.6640E+24   1.6644E+24   1.6807E+24
    1.0260E+01   2.8988E+19   3.6230E+20   4.2185E+21   2.8986E+22   6.4000E+22   1.0408E+23   1.6914E+23   2.8330E+23   3.9930E+23   6.2765E+23   8.4546E+23   1.0503E+24   1.2400E+24   1.4186E+24   1.5028E+24   1.5474E+24   1.6179E+24   1.6652E+24   1.6760E+24   1.7002E+24
    1.0745E+01   1.7987E+19   2.4888E+20   3.2044E+21   2.3859E+22   5.4468E+22   9.0421E+22   1.5001E+23   2.5685E+23   3.6742E+23   5.8910E+23   8.0438E+23   1.0099E+24   1.2028E+24   1.3872E+24   1.4754E+24   1.5249E+24   1.6018E+24   1.6571E+24   1.6787E+24   1.7113E+24
    1.1254E+01   1.0785E+19   1.6625E+20   2.3809E+21   1.9299E+22   4.5639E+22   7.7432E+22   1.3130E+23   2.3012E+23   3.3440E+23   5.4760E+23   7.5861E+23   9.6315E+23   1.1580E+24   1.3471E+24   1.4389E+24   1.4931E+24   1.5761E+24   1.6392E+24   1.6720E+24   1.7131E+24
    1.1786E+01   6.2367E+18   1.0783E+20   1.7283E+21   1.5324E+22   3.7616E+22   6.5306E+22   1.1333E+23   2.0360E+23   3.0084E+23   5.0381E+23   7.0879E+23   9.1073E+23   1.1060E+24   1.2984E+24   1.3932E+24   1.4519E+24   1.5406E+24   1.6114E+24   1.6553E+24   1.7052E+24
    1.2343E+01   3.4706E+18   6.7784E+19   1.2241E+21   1.1933E+22   3.0469E+22   5.4200E+22   9.6380E+22   1.7776E+23   2.6733E+23   4.5849E+23   6.5570E+23   8.5332E+23   1.0474E+24   1.2417E+24   1.3387E+24   1.4016E+24   1.4953E+24   1.5734E+24   1.6284E+24   1.6870E+24
    1.2927E+01   1.8545E+18   4.1232E+19   8.4488E+20   9.1037E+21   2.4231E+22   4.4226E+22   8.0701E+22   1.5302E+23   2.3448E+23   4.1244E+23   6.0022E+23   7.9180E+23   9.8306E+23   1.1775E+24   1.2759E+24   1.3425E+24   1.4405E+24   1.5254E+24   1.5911E+24   1.6583E+24
    1.3538E+01   9.4926E+17   2.4225E+19   5.6744E+20   6.7965E+21   1.8902E+22   3.5447E+22   6.6471E+22   1.2979E+23   2.0285E+23   3.6650E+23   5.4333E+23   7.2716E+23   9.1383E+23   1.1067E+24   1.2056E+24   1.2753E+24   1.3768E+24   1.4677E+24   1.5436E+24   1.6190E+24
    1.4178E+01   4.6432E+17   1.3721E+19   3.7033E+20   4.9599E+21   1.4448E+22   2.7881E+22   5.3809E+22   1.0837E+23   1.7295E+23   3.2148E+23   4.8603E+23   6.6054E+23   8.4089E+23   1.0303E+24   1.1289E+24   1.2009E+24   1.3050E+24   1.4010E+24   1.4862E+24   1.5693E+24
    1.4849E+01   2.1646E+17   7.4772E+18   2.3450E+20   3.5341E+21   1.0809E+22   2.1499E+22   4.2772E+22   8.8999E+22   1.4522E+23   2.7815E+23   4.2937E+23   5.9312E+23   7.6549E+23   9.4969E+23   1.0469E+24   1.1204E+24   1.2259E+24   1.3259E+24   1.4196E+24   1.5095E+24
    1.5551E+01   9.5908E+16   3.9122E+18   1.4385E+20   2.4556E+21   7.9076E+21   1.6236E+22   3.3353E+22   7.1831E+22   1.1997E+23   2.3720E+23   3.7433E+23   5.2610E+23   6.8896E+23   8.6611E+23   9.6090E+23   1.0351E+24   1.1408E+24   1.2438E+24   1.3445E+24   1.4405E+24
    1.6286E+01   4.0266E+16   1.9609E+18   8.5342E+19   1.6617E+21   5.6498E+21   1.1996E+22   2.5488E+22   5.6923E+22   9.7444E+22   1.9922E+23   3.2182E+23   4.6066E+23   6.1267E+23   7.8108E+23   8.7250E+23   9.4647E+23   1.0512E+24   1.1557E+24   1.2621E+24   1.3629E+24
    1.7057E+01   1.5968E+16   9.3932E+17   4.8884E+19   1.0937E+21   3.9377E+21   8.6614E+21   1.9069E+22   4.4249E+22   7.7740E+22   1.6466E+23   2.7263E+23   3.9790E+23   5.3796E+23   6.9611E+23   7.8324E+23   8.5598E+23   9.5843E+23   1.0632E+24   1.1737E+24   1.2781E+24
    1.7863E+01   5.9607E+15   4.2896E+17   2.6986E+19   6.9921E+20   2.6739E+21   6.1045E+21   1.3952E+22   3.3707E+22   6.0862E+22   1.3381E+23   2.2740E+23   3.3878E+23   4.6606E+23   6.1267E+23   6.9468E+23   7.6526E+23   8.6428E+23   9.6787E+23   1.0808E+24   1.1873E+24
    1.8708E+01   2.0869E+15   1.8626E+17   1.4329E+19   4.3352E+20   1.7667E+21   4.1946E+21   9.9726E+21   2.5137E+22   4.6714E+22   1.0683E+23   1.8661E+23   2.8410E+23   3.9812E+23   5.3218E+23   6.0835E+23   6.7587E+23   7.7034E+23   8.7137E+23   9.8487E+23   1.0921E+24
    1.9593E+01   6.8261E+14   7.6676E+16   7.3040E+18   2.6029E+20   1.1343E+21   2.8066E+21   6.9552E+21   1.8332E+22   3.5117E+22   8.3702E+22   1.5052E+23   2.3448E+23   3.3505E+23   4.5588E+23   5.2566E+23   5.8931E+23   6.7822E+23   7.7538E+23   8.8767E+23   9.9402E+23
    2.0519E+01   2.0774E+14   2.9837E+16   3.5663E+18   1.5110E+20   7.0664E+20   1.8261E+21   4.7274E+21   1.3059E+22   2.5828E+22   6.4306E+22   1.1923E+23   1.9030E+23   2.7759E+23   3.8486E+23   4.4784E+23   5.0694E+23   5.8943E+23   6.8153E+23   7.9089E+23   8.9490E+23
    2.1490E+01   5.8575E+13   1.0940E+16   1.6642E+18   8.4663E+19   4.2653E+20   1.1539E+21   3.1275E+21   9.0775E+21   1.8566E+22   4.8395E+22   9.2673E+22   1.5174E+23   2.2623E+23   3.1993E+23   3.7592E+23   4.2992E+23   5.0534E+23   5.9134E+23   6.9614E+23   7.9640E+23
    2.2506E+01   1.5234E+13   3.7673E+15   7.4052E+17   4.5707E+19   2.4907E+20   7.0703E+20   2.0113E+21   6.1490E+21   1.3028E+22   3.5640E+22   7.0605E+22   1.1877E+23   1.8119E+23   2.6169E+23   3.1065E+23   3.5919E+23   4.2707E+23   5.0614E+23   6.0497E+23   7.0018E+23
    2.3570E+01   3.6389E+12   1.2140E+15   3.1340E+17   2.3732E+19   1.4047E+20   4.1950E+20   1.2556E+21   4.0542E+21   8.9143E+21   2.5656E+22   5.2674E+22   9.1161E+22   1.4250E+23   2.1043E+23   2.5252E+23   2.9540E+23   3.5553E+23   4.2705E+23   5.1873E+23   6.0777E+23
    2.4685E+01   7.9505E+11   3.6482E+14   1.2583E+17   1.1828E+19   7.6388E+19   2.4064E+20   7.5981E+20   2.5983E+21   5.9402E+21   1.8033E+22   3.8440E+22   6.8550E+22   1.0994E+23   1.6620E+23   2.0175E+23   2.3895E+23   2.9131E+23   3.5494E+23   4.3855E+23   5.2051E+23
    2.5852E+01   1.5831E+11   1.0186E+14   4.7794E+16   5.6475E+18   3.9983E+19   1.3324E+20   4.4503E+20   1.6165E+21   3.8500E+21   1.2361E+22   2.7411E+22   5.0448E+22   8.3127E+22   1.2882E+23   1.5828E+23   1.8995E+23   2.3474E+23   2.9037E+23   3.6531E+23   4.3954E+23
    2.7075E+01   2.8650E+10   2.6329E+13   1.7127E+16   2.5778E+18   2.0107E+19   7.1088E+19   2.5191E+20   9.7488E+20   2.4238E+21   8.2532E+21   1.9078E+22   3.6294E+22   6.1535E+22   9.7888E+22   1.2182E+23   1.4826E+23   1.8587E+23   2.3362E+23   2.9959E+23   3.6570E+23
    2.8355E+01   4.7033E+09   6.2793E+12   5.7741E+15   1.1224E+18   9.6966E+18   3.6485E+19   1.3758E+20   5.6909E+20   1.4802E+21   5.3608E+21   1.2943E+22   2.5498E+22   4.4547E+22   7.2849E+22   9.1895E+22   1.1351E+23   1.4448E+23   1.8471E+23   2.4171E+23   2.9956E+23
    2.9696E+01   6.9967E+08   1.3776E+12   1.8260E+15   4.6515E+17   4.4754E+18   1.7980E+19   7.2380E+19   3.2106E+20   8.7554E+20   3.3830E+21   8.5498E+21   1.7471E+22   3.1504E+22   5.3040E+22   6.7869E+22   8.5160E+22   1.1016E+23   1.4337E+23   1.9168E+23   2.4141E+23
    3.1100E+01   9.4262E+07   2.7733E+11   5.4011E+14   1.8306E+17   1.9729E+18   8.4921E+18   3.6617E+19   1.7479E+20   5.0090E+20   2.0712E+21   5.4915E+21   1.1661E+22   2.1738E+22   3.7739E+22   4.9023E+22   6.2546E+22   8.2289E+22   1.0916E+23   1.4928E+23   1.9122E+23
    3.2571E+01   1.1506E+07   5.1130E+10   1.4903E+14   6.8257E+16   8.2903E+17   3.8368E+18   1.7782E+19   9.1671E+19   2.7673E+20   1.2285E+21   3.4249E+21   7.5718E+21   1.4617E+22   2.6209E+22   3.4591E+22   4.4920E+22   6.0169E+22   8.1438E+22   1.1408E+23   1.4876E+23
    3.4111E+01   1.2763E+06   8.6211E+09   3.8258E+13   2.4057E+16   3.3135E+17   1.6550E+18   8.2738E+18   4.6241E+19   1.4740E+20   7.0491E+20   2.0712E+21   4.7765E+21   9.5650E+21   1.7745E+22   2.3816E+22   3.1511E+22   4.3014E+22   5.9472E+22   8.5453E+22   1.1356E+23
    3.5724E+01   1.2560E+05   1.3280E+09   9.1173E+12   7.9965E+15   1.2571E+17   6.8024E+17   3.6821E+18   2.2395E+19   7.5579E+19   3.9066E+20   1.2127E+21   2.9231E+21   6.0831E+21   1.1697E+22   1.5978E+22   2.1563E+22   3.0030E+22   4.2466E+22   6.2682E+22   8.4970E+22
    3.7414E+01   9.2437E+03   1.8686E+08   2.0129E+12   2.5012E+15   4.5174E+16   2.6588E+17   1.5643E+18   1.0395E+19   3.7240E+19   2.0879E+20   6.8638E+20   1.7328E+21   3.7544E+21   7.4962E+21   1.0432E+22   1.4376E+22   2.0449E+22   2.9615E+22   4.4976E+22   6.2262E+22
    3.9183E+01   1.9746E+03   2.4003E+07   4.1102E+11   7.3463E+14   1.5345E+16   9.8631E+16   6.3322E+17   4.6167E+18   1.7603E+19   1.0743E+20   3.7496E+20   9.9345E+20   2.2453E+21   4.6639E+21   6.6191E+21   9.3248E+21   1.3564E+22   2.0145E+22   3.1532E+22   4.4629E+22
    4.1036E+01   7.1202E+02   2.7451E+06   7.7504E+10   2.0222E+14   4.9179E+15   3.4660E+16   2.4380E+17   1.9583E+18   7.9683E+18   5.3127E+19   1.9737E+20   5.4994E+20   1.2990E+21   2.8128E+21   4.0750E+21   5.8761E+21   8.7514E+21   1.3350E+22   2.1573E+22   3.1258E+22
    4.2976E+01   0.0000E+00   2.0513E+05   1.3480E+10   5.2075E+13   1.4842E+15   1.1517E+16   8.9114E+16   7.9190E+17   3.4485E+18   2.5209E+19   9.9932E+19   2.9344E+20   7.2581E+20   1.6416E+21   2.4304E+21   3.5918E+21   5.4844E+21   8.6060E+21   1.4386E+22   2.1366E+22
    4.5009E+01   0.0000E+00   2.6684E+04   2.1596E+09   1.2524E+13   4.2109E+14   3.6123E+15   3.0871E+16   3.0479E+17   1.4243E+18   1.1457E+19   4.8584E+19   1.5065E+20   3.9096E+20   9.2557E+20   1.4019E+21   2.1261E+21   3.3331E+21   5.3891E+21   9.3371E+21   1.4235E+22
    4.7137E+01   0.0000E+00   2.6459E+04   3.1679E+08   2.8088E+12   1.1213E+14   1.0677E+15   1.0118E+16   1.1146E+17   5.6049E+17   4.9791E+18   2.2640E+19   7.4282E+19   2.0265E+20   5.0322E+20   7.8068E+20   1.2166E+21   1.9611E+21   3.2729E+21   5.8901E+21   9.2309E+21
    4.9366E+01   0.0000E+00   1.8346E+03   4.1175E+07   5.8651E+11   2.7979E+13   2.9691E+14   3.1331E+15   3.8667E+16   2.0980E+17   2.0653E+18   1.0094E+19   3.5109E+19   1.0087E+20   2.6330E+20   4.1888E+20   6.7174E+20   1.1151E+21   1.9245E+21   3.6057E+21   5.8183E+21
    5.1701E+01   0.0000E+00   0.0000E+00   4.0569E+06   1.1385E+11   6.5324E+12   7.7575E+13   9.1510E+14   1.2706E+16   7.4582E+16   8.1636E+17   4.2975E+18   1.5875E+19   4.8123E+19   1.3232E+20   2.1612E+20   3.5714E+20   6.1159E+20   1.0937E+21   2.1385E+21   3.5590E+21
    5.4146E+01   0.0000E+00   0.0000E+00   7.4527E+05   2.0476E+10   1.4250E+12   1.9014E+13   2.5176E+14   3.9489E+15   2.5143E+16   3.0698E+17   1.7442E+18   6.8536E+18   2.1956E+19   6.3724E+19   1.0699E+20   1.8245E+20   3.2288E+20   5.9950E+20   1.2266E+21   2.1093E+21
    5.6706E+01   0.0000E+00   0.0000E+00   2.9882E+05   3.3675E+09   2.8985E+11   4.3656E+12   6.5150E+13   1.1593E+15   8.0267E+15   1.0965E+17   6.7360E+17   2.8193E+18   9.5583E+18   2.9341E+19   5.0701E+19   8.9350E+19   1.6371E+20   3.1632E+20   6.7910E+20   1.2090E+21
    5.9388E+01   0.0000E+00   0.0000E+00   8.4730E+03   4.9048E+08   5.4688E+10   9.3719E+11   1.5836E+13   3.2102E+14   2.4234E+15   3.7145E+16   2.4712E+17   1.1029E+18   3.9616E+18   1.2886E+19   2.2944E+19   4.1842E+19   7.9530E+19   1.6030E+20   3.6219E+20   6.6897E+20
    6.2197E+01   0.0000E+00   0.0000E+00   5.3409E+02   5.8758E+07   9.4150E+09   1.8727E+11   3.6092E+12   8.3742E+13   6.9106E+14   1.1919E+16   8.5983E+16   4.0945E+17   1.5595E+18   5.3833E+18   9.8890E+18   1.8686E+19   3.6922E+19   7.7827E+19   1.8567E+20   3.5659E+20
    6.5138E+01   0.0000E+00   0.0000E+00   2.7001E+03   1.4876E+07   1.4409E+09   3.4378E+10   7.6865E+11   2.0548E+13   1.8589E+14   3.6181E+15   2.8332E+16   1.4400E+17   5.8175E+17   2.1338E+18   4.0482E+18   7.9350E+18   1.6335E+19   3.6106E+19   9.1269E+19   1.8271E+20
    6.8218E+01   0.0000E+00   0.0000E+00   0.0000E+00   4.4016E+06   1.9176E+08   5.6579E+09   1.5149E+11   4.7317E+12   4.7101E+13   1.0377E+15   8.8288E+15   4.7892E+16   2.0516E+17   8.0016E+17   1.5694E+18   3.1939E+18   6.8659E+18   1.5959E+19   4.2907E+19   8.9775E+19
    7.1444E+01   0.0000E+00   0.0000E+00   0.0000E+00   7.1617E+05   5.7534E+07   7.7233E+08   2.7086E+10   1.0166E+12   1.1218E+13   2.8086E+14   2.5988E+15   1.5039E+16   6.8254E+16   2.8307E+17   5.7437E+17   1.2144E+18   2.7325E+18   6.6994E+18   1.9236E+19   4.2189E+19
    7.4823E+01   0.0000E+00   0.0000E+00   0.0000E+00   9.4423E+04   1.5074E+07   2.4792E+08   4.3542E+09   2.0110E+11   2.4991E+12   7.1635E+13   7.2181E+14   4.4528E+15   2.1376E+16   9.4197E+16   1.9783E+17   4.3457E+17   1.0260E+18   2.6617E+18   8.1988E+18   1.8909E+19
    7.8361E+01   0.0000E+00   0.0000E+00   0.0000E+00   1.1598E+04   1.0681E+06   6.3449E+07   8.3923E+08   3.5902E+10   5.1524E+11   1.7176E+13   1.8894E+14   1.2417E+15   6.2913E+15   2.9402E+16   6.3912E+16   1.4577E+17   3.6197E+17   9.9699E+17   3.3106E+18   8.0572E+18
    8.2067E+01   0.0000E+00   0.0000E+00   0.0000E+00   0.0000E+00   8.3353E+04   9.1195E+06   2.7065E+08   3.2663E+09   9.6951E+10   3.8506E+12   4.6533E+13   3.2581E+14   1.7376E+15   8.5857E+15   1.9306E+16   4.5637E+16   1.1947E+17   3.5056E+17   1.2616E+18   3.2527E+18
    8.5948E+01   0.0000E+00   0.0000E+00   0.0000E+00   0.0000E+00   6.3214E+04   1.0148E+06   1.3810E+07   3.1688E+09   1.6544E+10   7.9975E+11   1.0748E+13   8.0346E+13   4.4986E+14   2.3399E+15   5.4361E+15   1.3275E+16   3.6709E+16   1.1515E+17   4.5176E+17   1.2393E+18
    9.0012E+01   0.0000E+00   0.0000E+00   0.0000E+00   0.0000E+00   0.0000E+00   8.8512E+05   1.8844E+05   9.2286E+08   4.8912E+09   1.5309E+11   2.3151E+12   1.8585E+13   1.0910E+14   5.9411E+14   1.4229E+15   3.5708E+15   1.0446E+16   3.5148E+16   1.5128E+17   4.4374E+17
    9.4269E+01   0.0000E+00   0.0000E+00   0.0000E+00   0.0000E+00   0.0000E+00   0.0000E+00   7.4235E+05   4.2020E+07   1.1748E+09   2.6230E+10   4.6303E+11   4.0192E+12   2.4762E+13   1.4037E+14   3.4554E+14   8.8400E+14   2.7371E+15   9.9076E+15   4.7113E+16   1.4858E+17
    9.8727E+01   0.0000E+00   0.0000E+00   0.0000E+00   0.0000E+00   0.0000E+00   0.0000E+00   1.6603E+05   8.4228E+06   6.4260E+08   1.1188E+10   8.8982E+10   8.1106E+11   5.2525E+12   3.0849E+13   7.7755E+13   2.0053E+14   6.5639E+14   2.5613E+15   1.3559E+16   4.6263E+16
    1.0340E+02   0.0000E+00   0.0000E+00   0.0000E+00   0.0000E+00   0.0000E+00   0.0000E+00   1.6903E+04   1.4559E+07   1.1281E+04   1.7918E+09   2.2492E+10   1.5670E+11   1.0415E+12   6.3107E+12   1.6212E+13   4.1532E+13   1.4317E+14   6.0253E+14   3.5799E+15   1.3311E+16
    1.0829E+02   0.0000E+00   0.0000E+00   0.0000E+00   0.0000E+00   0.0000E+00   0.0000E+00   3.0879E+03   0.0000E+00   3.8223E+03   6.9042E+08   2.2255E+09   3.4567E+10   1.9655E+11   1.2080E+12   3.1355E+12   7.8396E+12   2.8232E+13   1.2783E+14   8.5966E+14   3.5126E+15
    1.1341E+02   0.0000E+00   0.0000E+00   0.0000E+00   0.0000E+00   0.0000E+00   0.0000E+00   1.3253E+02   0.0000E+00   1.0506E+06   1.1765E+04   1.9269E+08   3.2474E+09   3.7047E+10   2.1632E+11   5.6515E+11   1.3502E+12   5.0096E+12   2.4215E+13   1.8584E+14   8.4272E+14
    1.1877E+02   0.0000E+00   0.0000E+00   0.0000E+00   0.0000E+00   0.0000E+00   0.0000E+00   7.3915E+01   0.0000E+00   5.0390E+03   6.4288E+03   2.6785E+07   4.4283E+08   2.3309E+09   1.6740E+10   9.6579E+10   2.1378E+11   7.9822E+11   4.0525E+12   3.5724E+13   1.8189E+14
    1.2439E+02   0.0000E+00   0.0000E+00   0.0000E+00   0.0000E+00   0.0000E+00   0.0000E+00   0.0000E+00   0.0000E+00   5.3288E+04   0.0000E+00   2.1082E+07   9.0833E+07   2.9677E+09   1.2781E+10   1.5974E+10   3.1750E+10   1.1474E+11   5.9299E+11   6.0149E+12   3.4865E+13
    1.3027E+02   0.0000E+00   0.0000E+00   0.0000E+00   0.0000E+00   0.0000E+00   0.0000E+00   0.0000E+00   0.0000E+00   8.6354E+03   0.0000E+00   3.7969E+06   1.4701E+06   3.5629E+08   5.9020E+08   1.5633E+09   4.4382E+09   1.5175E+10   7.5352E+10   8.7062E+11   5.8406E+12
    1.3643E+02   0.0000E+00   0.0000E+00   0.0000E+00   0.0000E+00   0.0000E+00   0.0000E+00   0.0000E+00   0.0000E+00   0.0000E+00   0.0000E+00   1.4027E+06   1.3728E+06   9.7843E+07   2.5697E+08   2.8121E+08   3.1782E+08   1.8874E+09   8.3649E+09   1.0586E+11   8.3760E+11
    1.4288E+02   0.0000E+00   0.0000E+00   0.0000E+00   0.0000E+00   0.0000E+00   0.0000E+00   0.0000E+00   0.0000E+00   0.0000E+00   0.0000E+00   0.0000E+00   6.9718E+05   1.2709E+07   1.6930E+07   4.4358E+07   5.7468E+07   9.9118E+07   8.0858E+08   1.0521E+10   1.0007E+11
    1.4964E+02   0.0000E+00   0.0000E+00   0.0000E+00   0.0000E+00   0.0000E+00   0.0000E+00   0.0000E+00   0.0000E+00   0.0000E+00   0.0000E+00   0.0000E+00   1.2172E+04   1.7531E+06   1.7370E+06   4.6863E+06   8.2493E+06   2.1430E+07   6.9082E+07   8.3261E+08   9.5971E+09
    1.5671E+02   0.0000E+00   0.0000E+00   0.0000E+00   0.0000E+00   0.0000E+00   0.0000E+00   0.0000E+00   0.0000E+00   0.0000E+00   0.0000E+00   0.0000E+00   1.2358E+04   2.4032E+05   3.6497E+05   7.0059E+05   1.1305E+06   2.7316E+06   9.9092E+06   5.0760E+07   7.0188E+08
    1.6412E+02   0.0000E+00   0.0000E+00   0.0000E+00   0.0000E+00   0.0000E+00   0.0000E+00   0.0000E+00   0.0000E+00   0.0000E+00   0.0000E+00   0.0000E+00   6.3729E+02   2.3723E+04   1.2793E+03   6.9424E+04   1.5240E+05   3.9032E+05   8.8947E+05   6.2256E+06   3.6717E+07
    1.7188E+02   0.0000E+00   0.0000E+00   0.0000E+00   0.0000E+00   0.0000E+00   0.0000E+00   0.0000E+00   0.0000E+00   0.0000E+00   0.0000E+00   0.0000E+00   2.2819E+02   1.2728E+03   2.2694E+04   5.3669E+03   1.2776E+05   2.0509E+04   1.0308E+05   4.0350E+05   1.3470E+06
    1.8001E+02   0.0000E+00   0.0000E+00   0.0000E+00   0.0000E+00   0.0000E+00   0.0000E+00   0.0000E+00   0.0000E+00   0.0000E+00   0.0000E+00   0.0000E+00   1.6487E+01   2.0510E+02   1.1962E+03   1.6346E+03   1.1368E+04   3.8697E+04   4.3305E+03   3.6467E+05   7.4660E+04
    1.8853E+02   0.0000E+00   0.0000E+00   0.0000E+00   0.0000E+00   0.0000E+00   0.0000E+00   0.0000E+00   0.0000E+00   0.0000E+00   0.0000E+00   0.0000E+00   7.2330E+00   7.1789E+00   1.4592E+02   6.3073E-03   2.5949E+02   2.9913E+03   6.6487E+01   6.1358E+05   5.5529E+03
    1.9744E+02   0.0000E+00   0.0000E+00   0.0000E+00   0.0000E+00   0.0000E+00   0.0000E+00   0.0000E+00   0.0000E+00   0.0000E+00   0.0000E+00   0.0000E+00   0.0000E+00   1.2190E+00   7.6861E+00   4.0129E-02   1.2311E+02   8.5148E+01   3.7387E+02   3.2179E+03   3.7266E+02
    2.0678E+02   0.0000E+00   0.0000E+00   0.0000E+00   0.0000E+00   0.0000E+00   0.0000E+00   0.0000E+00   0.0000E+00   0.0000E+00   0.0000E+00   0.0000E+00   0.0000E+00   4.2987E-01   4.3915E-01   5.5169E-01   2.1290E+00   5.8923E+00   2.9410E+01   1.8408E+02   2.7282E+01
    2.1656E+02   0.0000E+00   0.0000E+00   0.0000E+00   0.0000E+00   0.0000E+00   0.0000E+00   0.0000E+00   0.0000E+00   0.0000E+00   0.0000E+00   0.0000E+00   0.0000E+00   0.0000E+00   7.9897E-02   5.3874E-03   1.4415E-01   2.6336E+00   1.4902E+00   8.9182E+00   1.9351E+00
    2.2680E+02   0.0000E+00   0.0000E+00   0.0000E+00   0.0000E+00   0.0000E+00   0.0000E+00   0.0000E+00   0.0000E+00   0.0000E+00   0.0000E+00   0.0000E+00   0.0000E+00   0.0000E+00   0.0000E+00   0.0000E+00   8.0494E-02   0.0000E+00   1.0610E-01   3.4198E-01   6.3107E-02
    2.3752E+02   0.0000E+00   0.0000E+00   0.0000E+00   0.0000E+00   0.0000E+00   0.0000E+00   0.0000E+00   0.0000E+00   0.0000E+00   0.0000E+00   0.0000E+00   0.0000E+00   0.0000E+00   0.0000E+00   0.0000E+00   1.6195E-04   0.0000E+00   5.7998E-03   8.0536E-03   1.5430E-02
    2.4876E+02   0.0000E+00   0.0000E+00   0.0000E+00   0.0000E+00   0.0000E+00   0.0000E+00   0.0000E+00   0.0000E+00   0.0000E+00   0.0000E+00   0.0000E+00   0.0000E+00   0.0000E+00   0.0000E+00   0.0000E+00   4.1730E-04   0.0000E+00   0.0000E+00   0.0000E+00   2.0676E-03
    2.6052E+02   0.0000E+00   0.0000E+00   0.0000E+00   0.0000E+00   0.0000E+00   0.0000E+00   0.0000E+00   0.0000E+00   0.0000E+00   0.0000E+00   0.0000E+00   0.0000E+00   0.0000E+00   0.0000E+00   0.0000E+00   0.0000E+00   0.0000E+00   0.0000E+00   0.0000E+00   7.6077E-04
    2.7284E+02   0.0000E+00   0.0000E+00   0.0000E+00   0.0000E+00   0.0000E+00   0.0000E+00   0.0000E+00   0.0000E+00   0.0000E+00   0.0000E+00   0.0000E+00   0.0000E+00   0.0000E+00   0.0000E+00   0.0000E+00   0.0000E+00   0.0000E+00   0.0000E+00   0.0000E+00   0.0000E+00
    2.8574E+02   0.0000E+00   0.0000E+00   0.0000E+00   0.0000E+00   0.0000E+00   0.0000E+00   0.0000E+00   0.0000E+00   0.0000E+00   0.0000E+00   0.0000E+00   0.0000E+00   0.0000E+00   0.0000E+00   0.0000E+00   0.0000E+00   0.0000E+00   0.0000E+00   0.0000E+00   0.0000E+00
    2.9925E+02   0.0000E+00   0.0000E+00   0.0000E+00   0.0000E+00   0.0000E+00   0.0000E+00   0.0000E+00   0.0000E+00   0.0000E+00   0.0000E+00   0.0000E+00   0.0000E+00   0.0000E+00   0.0000E+00   0.0000E+00   0.0000E+00   0.0000E+00   0.0000E+00   0.0000E+00   0.0000E+00
    3.1341E+02   0.0000E+00   0.0000E+00   0.0000E+00   0.0000E+00   0.0000E+00   0.0000E+00   0.0000E+00   0.0000E+00   0.0000E+00   0.0000E+00   0.0000E+00   0.0000E+00   0.0000E+00   0.0000E+00   0.0000E+00   0.0000E+00   0.0000E+00   0.0000E+00   0.0000E+00   0.0000E+00
    3.2823E+02   0.0000E+00   0.0000E+00   0.0000E+00   0.0000E+00   0.0000E+00   0.0000E+00   0.0000E+00   0.0000E+00   0.0000E+00   0.0000E+00   0.0000E+00   0.0000E+00   0.0000E+00   0.0000E+00   0.0000E+00   0.0000E+00   0.0000E+00   0.0000E+00   0.0000E+00   0.0000E+00
    3.4375E+02   0.0000E+00   0.0000E+00   0.0000E+00   0.0000E+00   0.0000E+00   0.0000E+00   0.0000E+00   0.0000E+00   0.0000E+00   0.0000E+00   0.0000E+00   0.0000E+00   0.0000E+00   0.0000E+00   0.0000E+00   0.0000E+00   0.0000E+00   0.0000E+00   0.0000E+00   0.0000E+00
    3.6000E+02   0.0000E+00   0.0000E+00   0.0000E+00   0.0000E+00   0.0000E+00   0.0000E+00   0.0000E+00   0.0000E+00   0.0000E+00   0.0000E+00   0.0000E+00   0.0000E+00   0.0000E+00   0.0000E+00   0.0000E+00   0.0000E+00   0.0000E+00   0.0000E+00   0.0000E+00   0.0000E+00
    3.7703E+02   0.0000E+00   0.0000E+00   0.0000E+00   0.0000E+00   0.0000E+00   0.0000E+00   0.0000E+00   0.0000E+00   0.0000E+00   0.0000E+00   0.0000E+00   0.0000E+00   0.0000E+00   0.0000E+00   0.0000E+00   0.0000E+00   0.0000E+00   0.0000E+00   0.0000E+00   0.0000E+00
    3.9486E+02   0.0000E+00   0.0000E+00   0.0000E+00   0.0000E+00   0.0000E+00   0.0000E+00   0.0000E+00   0.0000E+00   0.0000E+00   0.0000E+00   0.0000E+00   0.0000E+00   0.0000E+00   0.0000E+00   0.0000E+00   0.0000E+00   0.0000E+00   0.0000E+00   0.0000E+00   0.0000E+00
    4.1353E+02   0.0000E+00   0.0000E+00   0.0000E+00   0.0000E+00   0.0000E+00   0.0000E+00   0.0000E+00   0.0000E+00   0.0000E+00   0.0000E+00   0.0000E+00   0.0000E+00   0.0000E+00   0.0000E+00   0.0000E+00   0.0000E+00   0.0000E+00   0.0000E+00   0.0000E+00   0.0000E+00
