    1.2535E-03   3.6949E+16   8.2555E+16   1.7444E+17   2.6524E+17   3.0690E+17   3.3483E+17   3.6687E+17   4.0573E+17   4.3605E+17   4.8514E+17   5.3048E+17   5.6801E+17   6.0967E+17   6.4838E+17   6.7047E+17   6.9201E+17   7.1442E+17   7.4993E+17   7.8969E+17   8.2851E+17
    1.3127E-03   3.9819E+16   8.8554E+16   1.8907E+17   2.8976E+17   3.3586E+17   3.6668E+17   4.0204E+17   4.4479E+17   4.7814E+17   5.3196E+17   5.8154E+17   6.2289E+17   6.6849E+17   7.1102E+17   7.3527E+17   7.5875E+17   7.8360E+17   8.2244E+17   8.6582E+17   9.0830E+17
    1.3748E-03   4.2933E+16   9.4979E+16   2.0484E+17   3.1648E+17   3.6750E+17   4.0153E+17   4.4057E+17   4.8759E+17   5.2428E+17   5.8329E+17   6.3750E+17   6.8306E+17   7.3296E+17   7.7969E+17   8.0637E+17   8.3193E+17   8.5948E+17   9.0195E+17   9.4930E+17   9.9577E+17
    1.4398E-03   4.6315E+16   1.0186E+17   2.2183E+17   3.4560E+17   4.0209E+17   4.3968E+17   4.8277E+17   5.3448E+17   5.7486E+17   6.3959E+17   6.9883E+17   7.4903E+17   8.0365E+17   8.5495E+17   8.8437E+17   9.1217E+17   9.4271E+17   9.8913E+17   1.0408E+18   1.0917E+18
    1.5079E-03   4.9989E+16   1.0924E+17   2.4013E+17   3.7731E+17   4.3989E+17   4.8142E+17   5.2898E+17   5.8587E+17   6.3031E+17   7.0132E+17   7.6607E+17   8.2137E+17   8.8115E+17   9.3746E+17   9.6995E+17   1.0002E+18   1.0340E+18   1.0848E+18   1.1413E+18   1.1969E+18
    1.5792E-03   5.4146E+16   1.1747E+17   2.6010E+17   4.1196E+17   4.8123E+17   5.2710E+17   5.7957E+17   6.4214E+17   6.9104E+17   7.6896E+17   8.3970E+17   9.0059E+17   9.6600E+17   1.0277E+18   1.0637E+18   1.0965E+18   1.1339E+18   1.1893E+18   1.2511E+18   1.3119E+18
    1.6539E-03   5.8486E+16   1.2595E+17   2.8128E+17   4.4956E+17   5.2635E+17   5.7706E+17   6.3498E+17   7.0381E+17   7.5767E+17   8.4319E+17   9.2049E+17   9.8753E+17   1.0591E+18   1.1268E+18   1.1666E+18   1.2023E+18   1.2438E+18   1.3042E+18   1.3719E+18   1.4383E+18
    1.7321E-03   6.3208E+16   1.3505E+17   3.0405E+17   4.9047E+17   5.7561E+17   6.3170E+17   6.9564E+17   7.7136E+17   8.3070E+17   9.2458E+17   1.0090E+18   1.0828E+18   1.1612E+18   1.2355E+18   1.2795E+18   1.3183E+18   1.3642E+18   1.4301E+18   1.5042E+18   1.5767E+18
    1.8140E-03   6.8345E+16   1.4483E+17   3.2852E+17   5.3497E+17   6.2941E+17   6.9146E+17   7.6203E+17   8.4534E+17   9.1073E+17   1.0138E+18   1.1061E+18   1.1873E+18   1.2732E+18   1.3545E+18   1.4034E+18   1.4454E+18   1.4962E+18   1.5681E+18   1.6493E+18   1.7285E+18
    1.8998E-03   7.3938E+16   1.5534E+17   3.5481E+17   5.8336E+17   6.8813E+17   7.5680E+17   8.3470E+17   9.2635E+17   9.9843E+17   1.1117E+18   1.2125E+18   1.3018E+18   1.3959E+18   1.4849E+18   1.5392E+18   1.5848E+18   1.6411E+18   1.7193E+18   1.8084E+18   1.8949E+18
    1.9897E-03   8.0028E+16   1.6666E+17   3.8305E+17   6.3595E+17   7.5222E+17   8.2824E+17   9.1421E+17   1.0151E+18   1.0945E+18   1.2190E+18   1.3292E+18   1.4273E+18   1.5305E+18   1.6279E+18   1.6881E+18   1.7377E+18   1.7999E+18   1.8851E+18   1.9828E+18   2.0772E+18
    2.0838E-03   8.6661E+16   1.7886E+17   4.1338E+17   6.9310E+17   8.2214E+17   9.0632E+17   1.0012E+18   1.1122E+18   1.1999E+18   1.3367E+18   1.4571E+18   1.5649E+18   1.6781E+18   1.7846E+18   1.8513E+18   1.9053E+18   1.9740E+18   2.0668E+18   2.1741E+18   2.2771E+18
    2.1823E-03   9.3889E+16   1.9201E+17   4.4594E+17   7.5516E+17   8.9839E+17   9.9164E+17   1.0964E+18   1.2185E+18   1.3152E+18   1.4657E+18   1.5973E+18   1.7158E+18   1.8399E+18   1.9563E+18   2.0303E+18   2.0891E+18   2.1650E+18   2.2659E+18   2.3838E+18   2.4962E+18
    2.2855E-03   1.0177E+17   2.0620E+17   4.8090E+17   8.2256E+17   9.8154E+17   1.0849E+18   1.2005E+18   1.3349E+18   1.4417E+18   1.6072E+18   1.7510E+18   1.8811E+18   2.0174E+18   2.1445E+18   2.2265E+18   2.2906E+18   2.3744E+18   2.4841E+18   2.6138E+18   2.7363E+18
    2.3936E-03   1.1036E+17   2.2151E+17   5.1843E+17   8.9571E+17   1.0722E+18   1.1867E+18   1.3143E+18   1.4623E+18   1.5802E+18   1.7624E+18   1.9194E+18   2.0624E+18   2.2120E+18   2.3509E+18   2.4415E+18   2.5115E+18   2.6040E+18   2.7233E+18   2.8659E+18   2.9994E+18
    2.5068E-03   1.1973E+17   2.3806E+17   5.5872E+17   9.7508E+17   1.1709E+18   1.2978E+18   1.4388E+18   1.6017E+18   1.7319E+18   1.9325E+18   2.1041E+18   2.2610E+18   2.4253E+18   2.5770E+18   2.6772E+18   2.7537E+18   2.8558E+18   2.9854E+18   3.1424E+18   3.2878E+18
    2.6253E-03   1.2995E+17   2.5593E+17   6.0195E+17   1.0612E+18   1.2785E+18   1.4192E+18   1.5749E+18   1.7543E+18   1.8981E+18   2.1190E+18   2.3065E+18   2.4788E+18   2.6593E+18   2.8250E+18   2.9356E+18   3.0193E+18   3.1318E+18   3.2727E+18   3.4455E+18   3.6038E+18
    2.7495E-03   1.4110E+17   2.7525E+17   6.4834E+17   1.1545E+18   1.3956E+18   1.5516E+18   1.7237E+18   1.9212E+18   2.0802E+18   2.3234E+18   2.5283E+18   2.7176E+18   2.9158E+18   3.0967E+18   3.2188E+18   3.3105E+18   3.4345E+18   3.5875E+18   3.7778E+18   3.9502E+18
    2.8795E-03   1.5328E+17   2.9614E+17   6.9811E+17   1.2556E+18   1.5231E+18   1.6961E+18   1.8863E+18   2.1039E+18   2.2795E+18   2.5476E+18   2.7714E+18   2.9794E+18   3.1971E+18   3.3946E+18   3.5291E+18   3.6296E+18   3.7662E+18   3.9326E+18   4.1422E+18   4.3296E+18
    3.0157E-03   1.6657E+17   3.1874E+17   7.5150E+17   1.3651E+18   1.6619E+18   1.8537E+18   2.0640E+18   2.3038E+18   2.4979E+18   2.7933E+18   3.0378E+18   3.2663E+18   3.5055E+18   3.7212E+18   3.8693E+18   3.9795E+18   4.1299E+18   4.3108E+18   4.5417E+18   4.7455E+18
    3.1583E-03   1.8109E+17   3.4321E+17   8.0877E+17   1.4837E+18   1.8128E+18   2.0255E+18   2.2581E+18   2.5225E+18   2.7370E+18   3.0626E+18   3.3298E+18   3.5810E+18   3.8436E+18   4.0793E+18   4.2422E+18   4.3631E+18   4.5287E+18   4.7254E+18   4.9797E+18   5.2011E+18
    3.3076E-03   1.9694E+17   3.6971E+17   8.7019E+17   1.6120E+18   1.9769E+18   2.2129E+18   2.4701E+18   2.7618E+18   2.9989E+18   3.3579E+18   3.6499E+18   3.9261E+18   4.2144E+18   4.4721E+18   4.6512E+18   4.7840E+18   4.9663E+18   5.1803E+18   5.4605E+18   5.7011E+18
    3.4641E-03   2.1519E+17   4.0244E+17   9.4477E+17   1.7581E+18   2.1605E+18   2.4208E+18   2.7042E+18   3.0253E+18   3.2864E+18   3.6811E+18   4.0008E+18   4.3043E+18   4.6204E+18   4.9026E+18   5.0994E+18   5.2450E+18   5.4454E+18   5.6788E+18   5.9866E+18   6.2483E+18
    3.6279E-03   2.3413E+17   4.3368E+17   1.0158E+18   1.9087E+18   2.3548E+18   2.6436E+18   2.9573E+18   3.3117E+18   3.6003E+18   4.0355E+18   4.3852E+18   4.7189E+18   5.0659E+18   5.3746E+18   5.5908E+18   5.7506E+18   5.9711E+18   6.2252E+18   6.5642E+18   6.8485E+18
    3.7994E-03   2.5482E+17   4.6755E+17   1.0920E+18   2.0715E+18   2.5659E+18   2.8862E+18   3.2335E+18   3.6250E+18   3.9438E+18   4.4237E+18   4.8063E+18   5.1733E+18   5.5538E+18   5.8915E+18   6.1289E+18   6.3043E+18   6.5467E+18   6.8233E+18   7.1965E+18   7.5050E+18
    3.9791E-03   2.7744E+17   5.0432E+17   1.1737E+18   2.2474E+18   2.7951E+18   3.1504E+18   3.5348E+18   3.9675E+18   4.3197E+18   4.8490E+18   5.2676E+18   5.6714E+18   6.0884E+18   6.4582E+18   6.7187E+18   6.9111E+18   7.1774E+18   7.4787E+18   7.8892E+18   8.2240E+18
    4.1673E-03   3.0216E+17   5.4423E+17   1.2613E+18   2.4373E+18   3.0439E+18   3.4379E+18   3.8637E+18   4.3421E+18   4.7310E+18   5.3147E+18   5.7731E+18   6.2173E+18   6.6742E+18   7.0793E+18   7.3652E+18   7.5762E+18   7.8687E+18   8.1969E+18   8.6481E+18   9.0114E+18
    4.3644E-03   3.2919E+17   5.8758E+17   1.3554E+18   2.6422E+18   3.3138E+18   3.7509E+18   4.2224E+18   4.7516E+18   5.1810E+18   5.8248E+18   6.3270E+18   6.8157E+18   7.3160E+18   7.7601E+18   8.0736E+18   8.3051E+18   8.6261E+18   8.9838E+18   9.4796E+18   9.8737E+18
    4.5707E-03   3.5876E+17   6.3470E+17   1.4564E+18   2.8634E+18   3.6066E+18   4.0913E+18   4.6136E+18   5.1992E+18   5.6731E+18   6.3834E+18   6.9340E+18   7.4714E+18   8.0192E+18   8.5063E+18   8.8501E+18   9.1039E+18   9.4562E+18   9.8461E+18   1.0390E+19   1.0818E+19
    4.7869E-03   3.9110E+17   6.8593E+17   1.5649E+18   3.1018E+18   3.9240E+18   4.4616E+18   5.0402E+18   5.6884E+18   6.2114E+18   6.9950E+18   7.5990E+18   8.1900E+18   8.7894E+18   9.3242E+18   9.7012E+18   9.9794E+18   1.0366E+19   1.0791E+19   1.1388E+19   1.1852E+19
    5.0133E-03   4.2648E+17   7.4164E+17   1.6816E+18   3.3588E+18   4.2680E+18   4.8642E+18   5.5053E+18   6.2230E+18   6.8001E+18   7.6645E+18   8.3276E+18   8.9774E+18   9.6332E+18   1.0221E+19   1.0634E+19   1.0939E+19   1.1362E+19   1.1826E+19   1.2481E+19   1.2984E+19
    5.2503E-03   4.6519E+17   8.0225E+17   1.8070E+18   3.6358E+18   4.6407E+18   5.3017E+18   6.0121E+18   6.8069E+18   7.4436E+18   8.3975E+18   9.1259E+18   9.8400E+18   1.0557E+19   1.1203E+19   1.1656E+19   1.1990E+19   1.2454E+19   1.2960E+19   1.3677E+19   1.4223E+19
    5.4986E-03   5.0755E+17   8.6822E+17   1.9421E+18   3.9341E+18   5.0444E+18   5.7771E+18   6.5643E+18   7.4447E+18   8.1471E+18   9.1997E+18   1.0000E+19   1.0785E+19   1.1570E+19   1.2280E+19   1.2776E+19   1.3143E+19   1.3650E+19   1.4202E+19   1.4987E+19   1.5579E+19
    5.7587E-03   5.5392E+17   9.4005E+17   2.0876E+18   4.2553E+18   5.4814E+18   6.2935E+18   7.1659E+18   8.1412E+18   8.9161E+18   1.0078E+19   1.0959E+19   1.1820E+19   1.2679E+19   1.3460E+19   1.4004E+19   1.4406E+19   1.4961E+19   1.5563E+19   1.6422E+19   1.7064E+19
    6.0310E-03   6.0467E+17   1.0183E+18   2.2443E+18   4.6012E+18   5.9543E+18   6.8542E+18   7.8209E+18   8.9014E+18   9.7564E+18   1.1039E+19   1.2008E+19   1.2954E+19   1.3893E+19   1.4753E+19   1.5349E+19   1.5790E+19   1.6397E+19   1.7054E+19   1.7992E+19   1.8689E+19
    6.3162E-03   6.6024E+17   1.1035E+18   2.4131E+18   4.9736E+18   6.4659E+18   7.4628E+18   8.5341E+18   9.7311E+18   1.0675E+19   1.2090E+19   1.3158E+19   1.4195E+19   1.5223E+19   1.6170E+19   1.6823E+19   1.7306E+19   1.7969E+19   1.8686E+19   1.9711E+19   2.0467E+19
    6.6149E-03   7.2109E+17   1.1965E+18   2.5952E+18   5.3743E+18   7.0190E+18   8.1232E+18   9.3102E+18   1.0636E+19   1.1678E+19   1.3241E+19   1.4417E+19   1.5555E+19   1.6680E+19   1.7722E+19   1.8438E+19   1.8968E+19   1.9693E+19   2.0474E+19   2.1593E+19   2.2413E+19
    6.9277E-03   7.8772E+17   1.2978E+18   2.7915E+18   5.8055E+18   7.6167E+18   8.8394E+18   1.0155E+19   1.1624E+19   1.2774E+19   1.4499E+19   1.5797E+19   1.7045E+19   1.8275E+19   1.9423E+19   2.0208E+19   2.0789E+19   2.1581E+19   2.2433E+19   2.3653E+19   2.4542E+19
    7.2553E-03   8.6069E+17   1.4082E+18   3.0033E+18   6.2694E+18   8.2625E+18   9.6160E+18   1.1073E+19   1.2701E+19   1.3971E+19   1.5876E+19   1.7307E+19   1.8675E+19   2.0022E+19   2.1287E+19   2.2147E+19   2.2784E+19   2.3649E+19   2.4577E+19   2.5907E+19   2.6871E+19
    7.5984E-03   9.4062E+17   1.5288E+18   3.2320E+18   6.7684E+18   8.9600E+18   1.0458E+19   1.2072E+19   1.3876E+19   1.5279E+19   1.7382E+19   1.8961E+19   2.0461E+19   2.1936E+19   2.3329E+19   2.4272E+19   2.4970E+19   2.5914E+19   2.6926E+19   2.8375E+19   2.9419E+19
    7.9577E-03   1.0282E+18   1.6603E+18   3.4790E+18   7.3051E+18   9.7131E+18   1.1369E+19   1.3158E+19   1.5156E+19   1.6707E+19   1.9029E+19   2.0771E+19   2.2417E+19   2.4031E+19   2.5566E+19   2.6600E+19   2.7364E+19   2.8395E+19   2.9498E+19   3.1075E+19   3.2206E+19
    8.3341E-03   1.1241E+18   1.8038E+18   3.7461E+18   7.8824E+18   1.0526E+19   1.2357E+19   1.4338E+19   1.6552E+19   1.8266E+19   2.0829E+19   2.2753E+19   2.4558E+19   2.6326E+19   2.8015E+19   2.9150E+19   2.9987E+19   3.1114E+19   3.2314E+19   3.4029E+19   3.5255E+19
    8.7282E-03   1.2292E+18   1.9605E+18   4.0349E+18   8.5032E+18   1.1403E+19   1.3426E+19   1.5619E+19   1.8073E+19   1.9968E+19   2.2798E+19   2.4922E+19   2.6902E+19   2.8838E+19   3.0698E+19   3.1943E+19   3.2859E+19   3.4091E+19   3.5397E+19   3.7262E+19   3.8589E+19
    9.1409E-03   1.3444E+18   2.1316E+18   4.3475E+18   9.1710E+18   1.2350E+19   1.4583E+19   1.7011E+19   1.9730E+19   2.1827E+19   2.4951E+19   2.7296E+19   2.9469E+19   3.1590E+19   3.3636E+19   3.5003E+19   3.6004E+19   3.7351E+19   3.8773E+19   4.0798E+19   4.2235E+19
    9.5732E-03   1.4706E+18   2.3186E+18   4.6860E+18   9.8893E+18   1.3370E+19   1.5834E+19   1.8521E+19   2.1535E+19   2.3855E+19   2.7303E+19   2.9892E+19   3.2280E+19   3.4602E+19   3.6853E+19   3.8354E+19   3.9447E+19   4.0922E+19   4.2469E+19   4.4667E+19   4.6221E+19
    1.0026E-02   1.6089E+18   2.5227E+18   5.0527E+18   1.0662E+19   1.4471E+19   1.7188E+19   2.0161E+19   2.3500E+19   2.6069E+19   2.9874E+19   3.2732E+19   3.5357E+19   3.7901E+19   4.0376E+19   4.2024E+19   4.3217E+19   4.4831E+19   4.6515E+19   4.8898E+19   5.0580E+19
    1.0500E-02   1.7604E+18   2.7459E+18   5.4500E+18   1.1493E+19   1.5657E+19   1.8652E+19   2.1939E+19   2.5640E+19   2.8485E+19   3.2684E+19   3.5838E+19   3.8725E+19   4.1511E+19   4.4232E+19   4.6042E+19   4.7344E+19   4.9112E+19   5.0944E+19   5.3525E+19   5.5344E+19
    1.0997E-02   1.9266E+18   2.9897E+18   5.8809E+18   1.2387E+19   1.6936E+19   2.0234E+19   2.3868E+19   2.7970E+19   3.1119E+19   3.5752E+19   3.9233E+19   4.2412E+19   4.5464E+19   4.8453E+19   5.0442E+19   5.1860E+19   5.3799E+19   5.5792E+19   5.8584E+19   6.0552E+19
    1.1517E-02   2.1087E+18   3.2563E+18   6.3484E+18   1.3350E+19   1.8313E+19   2.1943E+19   2.5958E+19   3.0504E+19   3.3993E+19   3.9104E+19   4.2945E+19   4.6448E+19   4.9791E+19   5.3073E+19   5.5258E+19   5.6804E+19   5.8929E+19   6.1098E+19   6.4115E+19   6.6243E+19
    1.2061E-02   2.3083E+18   3.5477E+18   6.8557E+18   1.4385E+19   1.9797E+19   2.3789E+19   2.8224E+19   3.3262E+19   3.7126E+19   4.2764E+19   4.7001E+19   5.0864E+19   5.4526E+19   5.8131E+19   6.0531E+19   6.2213E+19   6.4545E+19   6.6905E+19   7.0162E+19   7.2463E+19
    1.2632E-02   2.5271E+18   3.8664E+18   7.4065E+18   1.5500E+19   2.1396E+19   2.5782E+19   3.0679E+19   3.6260E+19   4.0541E+19   4.6760E+19   5.1434E+19   5.5697E+19   5.9708E+19   6.3666E+19   6.6302E+19   6.8132E+19   7.0691E+19   7.3261E+19   7.6770E+19   7.9260E+19
    1.3229E-02   2.7670E+18   4.2149E+18   8.0048E+18   1.6701E+19   2.3120E+19   2.7935E+19   3.3338E+19   3.9522E+19   4.4265E+19   5.1125E+19   5.6281E+19   6.0988E+19   6.5383E+19   6.9729E+19   7.2624E+19   7.4613E+19   7.7422E+19   8.0220E+19   8.3998E+19   8.6691E+19
    1.3855E-02   3.0240E+18   4.6073E+18   8.7036E+18   1.8096E+19   2.5088E+19   3.0366E+19   3.6312E+19   4.3138E+19   4.8377E+19   5.5929E+19   6.1606E+19   6.6792E+19   7.1603E+19   7.6369E+19   7.9542E+19   8.1703E+19   8.4781E+19   8.7825E+19   9.1884E+19   9.4795E+19
    1.4510E-02   3.3106E+18   5.0243E+18   9.4138E+18   1.9500E+19   2.7101E+19   3.2888E+19   3.9442E+19   4.7002E+19   5.2804E+19   6.1135E+19   6.7395E+19   7.3126E+19   7.8399E+19   8.3631E+19   8.7113E+19   8.9459E+19   9.2839E+19   9.6155E+19   1.0051E+20   1.0366E+20
    1.5196E-02   3.6247E+18   5.4804E+18   1.0186E+19   2.1014E+19   2.9270E+19   3.5609E+19   4.2829E+19   5.1198E+19   5.7622E+19   6.6812E+19   7.3714E+19   8.0048E+19   8.5826E+19   9.1571E+19   9.5391E+19   9.7936E+19   1.0165E+20   1.0526E+20   1.0992E+20   1.1333E+20
    1.5914E-02   3.9688E+18   5.9794E+18   1.1025E+19   2.2646E+19   3.1605E+19   3.8545E+19   4.6494E+19   5.5755E+19   6.2866E+19   7.3006E+19   8.0615E+19   8.7617E+19   9.3949E+19   1.0026E+20   1.0445E+20   1.0721E+20   1.1128E+20   1.1521E+20   1.2020E+20   1.2389E+20
    1.6667E-02   4.3460E+18   6.5252E+18   1.1939E+19   2.4407E+19   3.4122E+19   4.1712E+19   5.0458E+19   6.0703E+19   6.8572E+19   7.9763E+19   8.8151E+19   9.5890E+19   1.0283E+20   1.0976E+20   1.1435E+20   1.1734E+20   1.2181E+20   1.2610E+20   1.3142E+20   1.3541E+20
    1.7455E-02   4.7592E+18   7.1224E+18   1.2933E+19   2.6308E+19   3.6833E+19   4.5128E+19   5.4745E+19   6.6074E+19   7.4779E+19   8.7132E+19   9.6380E+19   1.0493E+20   1.1254E+20   1.2016E+20   1.2518E+20   1.2842E+20   1.3332E+20   1.3800E+20   1.4366E+20   1.4798E+20
    1.8281E-02   5.2121E+18   7.7759E+18   1.4016E+19   2.8360E+19   3.9754E+19   4.8812E+19   5.9380E+19   7.1902E+19   8.1528E+19   9.5169E+19   1.0536E+20   1.1481E+20   1.2316E+20   1.3152E+20   1.3703E+20   1.4053E+20   1.4591E+20   1.5101E+20   1.5703E+20   1.6169E+20
    1.9145E-02   5.7083E+18   8.4909E+18   1.5194E+19   3.0576E+19   4.2903E+19   5.2786E+19   6.4390E+19   7.8223E+19   8.8866E+19   1.0393E+20   1.1517E+20   1.2561E+20   1.3476E+20   1.4395E+20   1.4998E+20   1.5377E+20   1.5966E+20   1.6523E+20   1.7161E+20   1.7665E+20
    2.0051E-02   6.2520E+18   9.2735E+18   1.6478E+19   3.2970E+19   4.6297E+19   5.7070E+19   6.9803E+19   8.5078E+19   9.6840E+19   1.1349E+20   1.2588E+20   1.3740E+20   1.4744E+20   1.5755E+20   1.6413E+20   1.6824E+20   1.7469E+20   1.8076E+20   1.8751E+20   1.9295E+20
    2.0999E-02   6.8477E+18   1.0130E+19   1.7877E+19   3.5557E+19   4.9957E+19   6.1691E+19   7.5651E+19   9.2510E+19   1.0550E+20   1.2390E+20   1.3757E+20   1.5028E+20   1.6130E+20   1.7240E+20   1.7961E+20   1.8405E+20   1.9111E+20   1.9773E+20   2.0486E+20   2.1072E+20
    2.1992E-02   7.5004E+18   1.1067E+19   1.9402E+19   3.8355E+19   5.3904E+19   6.6674E+19   8.1969E+19   1.0057E+20   1.1491E+20   1.3525E+20   1.5033E+20   1.6435E+20   1.7644E+20   1.8865E+20   1.9651E+20   2.0132E+20   2.0905E+20   2.1626E+20   2.2377E+20   2.3008E+20
    2.3032E-02   8.2154E+18   1.2094E+19   2.1064E+19   4.1381E+19   5.8162E+19   7.2050E+19   8.8793E+19   1.0929E+20   1.2513E+20   1.4762E+20   1.6425E+20   1.7970E+20   1.9297E+20   2.0640E+20   2.1499E+20   2.2019E+20   2.2864E+20   2.3650E+20   2.4439E+20   2.5116E+20
    2.4121E-02   8.9987E+18   1.3217E+19   2.2876E+19   4.4656E+19   6.2756E+19   7.7847E+19   9.6163E+19   1.1875E+20   1.3622E+20   1.6109E+20   1.7944E+20   1.9646E+20   2.1104E+20   2.2580E+20   2.3517E+20   2.4079E+20   2.5003E+20   2.5858E+20   2.6687E+20   2.7411E+20
    2.5262E-02   9.8568E+18   1.4446E+19   2.4853E+19   4.8202E+19   6.7715E+19   8.4101E+19   1.0412E+20   1.2899E+20   1.4826E+20   1.7576E+20   1.9602E+20   2.1476E+20   2.3077E+20   2.4699E+20   2.5722E+20   2.6330E+20   2.7338E+20   2.8269E+20   2.9137E+20   2.9909E+20
    2.6456E-02   1.0797E+19   1.5793E+19   2.7010E+19   5.2042E+19   7.3068E+19   9.0847E+19   1.1272E+20   1.4008E+20   1.6132E+20   1.9174E+20   2.1411E+20   2.3473E+20   2.5232E+20   2.7014E+20   2.8129E+20   2.8787E+20   2.9887E+20   3.0899E+20   3.1806E+20   3.2627E+20
    2.7707E-02   1.1826E+19   1.7266E+19   2.9362E+19   5.6203E+19   7.8848E+19   9.8126E+19   1.2200E+20   1.5208E+20   1.7549E+20   2.0912E+20   2.3384E+20   2.5651E+20   2.7586E+20   2.9543E+20   3.0758E+20   3.1470E+20   3.2668E+20   3.3767E+20   3.4712E+20   3.5582E+20
    2.9018E-02   1.2953E+19   1.8879E+19   3.1930E+19   6.0714E+19   8.5092E+19   1.0598E+20   1.3201E+20   1.6507E+20   1.9086E+20   2.2805E+20   2.5536E+20   2.8028E+20   3.0155E+20   3.2304E+20   3.3628E+20   3.4399E+20   3.5702E+20   3.6895E+20   3.7878E+20   3.8795E+20
    3.0390E-02   1.4188E+19   2.0645E+19   3.4732E+19   6.5605E+19   9.1840E+19   1.1446E+20   1.4283E+20   1.7913E+20   2.0752E+20   2.4864E+20   2.7883E+20   3.0621E+20   3.2960E+20   3.5319E+20   3.6760E+20   3.7595E+20   3.9012E+20   4.0304E+20   4.1323E+20   4.2285E+20
    3.1827E-02   1.5539E+19   2.2579E+19   3.7792E+19   7.0911E+19   9.9134E+19   1.2361E+20   1.5451E+20   1.9434E+20   2.2559E+20   2.7103E+20   3.0442E+20   3.3448E+20   3.6022E+20   3.8610E+20   4.0179E+20   4.1083E+20   4.2621E+20   4.4018E+20   4.5073E+20   4.6076E+20
    3.3332E-02   1.7019E+19   2.4695E+19   4.1132E+19   7.6668E+19   1.0702E+20   1.3349E+20   1.6711E+20   2.1079E+20   2.4517E+20   2.9538E+20   3.3231E+20   3.6531E+20   3.9363E+20   4.2201E+20   4.3910E+20   4.4889E+20   4.6557E+20   4.8065E+20   4.9153E+20   5.0192E+20
    3.4908E-02   1.8639E+19   2.7012E+19   4.4781E+19   8.2919E+19   1.1556E+20   1.4417E+20   1.8073E+20   2.2858E+20   2.6639E+20   3.2185E+20   3.6271E+20   3.9892E+20   4.3009E+20   4.6120E+20   4.7980E+20   4.9040E+20   5.0846E+20   5.2472E+20   5.3589E+20   5.4658E+20
    3.6559E-02   2.0412E+19   2.9548E+19   4.8765E+19   8.9707E+19   1.2479E+20   1.5570E+20   1.9543E+20   2.4783E+20   2.8938E+20   3.5062E+20   3.9582E+20   4.3556E+20   4.6987E+20   5.0394E+20   5.2419E+20   5.3566E+20   5.5520E+20   5.7269E+20   5.8412E+20   5.9503E+20
    3.8288E-02   2.2352E+19   3.2325E+19   5.3117E+19   9.7080E+19   1.3479E+20   1.6816E+20   2.1132E+20   2.6864E+20   3.1429E+20   3.8188E+20   4.3190E+20   4.7548E+20   5.1326E+20   5.5056E+20   5.7261E+20   5.8502E+20   6.0613E+20   6.2490E+20   6.3654E+20   6.4756E+20
    4.0099E-02   2.4474E+19   3.5364E+19   5.7871E+19   1.0509E+20   1.4562E+20   1.8164E+20   2.2847E+20   2.9115E+20   3.4127E+20   4.1585E+20   4.7118E+20   5.1898E+20   5.6057E+20   6.0139E+20   6.2541E+20   6.3882E+20   6.6160E+20   6.8171E+20   6.9347E+20   7.0449E+20
    4.1995E-02   2.6796E+19   3.8690E+19   6.3065E+19   1.1380E+20   1.5736E+20   1.9621E+20   2.4700E+20   3.1548E+20   3.7049E+20   4.5273E+20   5.1395E+20   5.6636E+20   6.1215E+20   6.5680E+20   6.8297E+20   6.9745E+20   7.2200E+20   7.4349E+20   7.5530E+20   7.6617E+20
    4.3981E-02   2.9337E+19   4.2331E+19   6.8741E+19   1.2327E+20   1.7007E+20   2.1197E+20   2.6703E+20   3.4179E+20   4.0213E+20   4.9278E+20   5.6050E+20   6.1796E+20   6.6837E+20   7.1719E+20   7.4571E+20   7.6133E+20   7.8775E+20   8.1067E+20   8.2242E+20   8.3295E+20
    4.6061E-02   3.2114E+19   4.6315E+19   7.4943E+19   1.3357E+20   1.8386E+20   2.2903E+20   2.8867E+20   3.7023E+20   4.3639E+20   5.3626E+20   6.1116E+20   6.7414E+20   7.2964E+20   7.8301E+20   8.1407E+20   8.3091E+20   8.5931E+20   8.8369E+20   8.9524E+20   9.0524E+20
    4.8239E-02   3.5152E+19   5.0674E+19   8.1720E+19   1.4478E+20   1.9881E+20   2.4749E+20   3.1207E+20   4.0099E+20   4.7348E+20   5.8346E+20   6.6627E+20   7.3530E+20   7.9638E+20   8.5471E+20   8.8855E+20   9.0668E+20   9.3718E+20   9.6304E+20   9.7423E+20   9.8346E+20
    5.0520E-02   3.8471E+19   5.5444E+19   8.9127E+19   1.5698E+20   2.1503E+20   2.6748E+20   3.3737E+20   4.3426E+20   5.1363E+20   6.3469E+20   7.2622E+20   8.0186E+20   8.6908E+20   9.3281E+20   9.6966E+20   9.8916E+20   1.0219E+21   1.0492E+21   1.0599E+21   1.0681E+21
    5.2909E-02   4.2100E+19   6.0663E+19   9.7222E+19   1.7026E+20   2.3264E+20   2.8914E+20   3.6473E+20   4.7023E+20   5.5710E+20   6.9027E+20   7.9141E+20   8.7428E+20   9.4824E+20   1.0179E+21   1.0580E+21   1.0789E+21   1.1140E+21   1.1428E+21   1.1527E+21   1.1595E+21
    5.5411E-02   4.6066E+19   6.6373E+19   1.0607E+20   1.8472E+20   2.5175E+20   3.1260E+20   3.9433E+20   5.0913E+20   6.0415E+20   7.5057E+20   8.6228E+20   9.5306E+20   1.0344E+21   1.1105E+21   1.1541E+21   1.1766E+21   1.2141E+21   1.2445E+21   1.2532E+21   1.2584E+21
    5.8032E-02   5.0397E+19   7.2618E+19   1.1574E+20   2.0046E+20   2.7251E+20   3.3803E+20   4.2636E+20   5.5120E+20   6.5507E+20   8.1598E+20   9.3932E+20   1.0388E+21   1.1282E+21   1.2112E+21   1.2587E+21   1.2829E+21   1.3229E+21   1.3548E+21   1.3620E+21   1.3651E+21
    6.0776E-02   5.5128E+19   7.9448E+19   1.2631E+20   2.1761E+20   2.9506E+20   3.6560E+20   4.6103E+20   5.9670E+20   7.1020E+20   8.8692E+20   1.0230E+21   1.1319E+21   1.2303E+21   1.3209E+21   1.3725E+21   1.3984E+21   1.4411E+21   1.4744E+21   1.4799E+21   1.4804E+21
    6.3650E-02   6.0293E+19   8.6916E+19   1.3787E+20   2.3630E+20   3.1956E+20   3.9550E+20   4.9857E+20   6.4593E+20   7.6986E+20   9.6385E+20   1.1140E+21   1.2332E+21   1.3413E+21   1.4402E+21   1.4963E+21   1.5240E+21   1.5696E+21   1.6042E+21   1.6073E+21   1.6048E+21
    6.6660E-02   6.5931E+19   9.5082E+19   1.5050E+20   2.5667E+20   3.4620E+20   4.2794E+20   5.3922E+20   6.9920E+20   8.3445E+20   1.0473E+21   1.2128E+21   1.3434E+21   1.4620E+21   1.5700E+21   1.6308E+21   1.6605E+21   1.7091E+21   1.7449E+21   1.7451E+21   1.7390E+21
    6.9813E-02   7.2083E+19   1.0401E+20   1.6431E+20   2.7887E+20   3.7517E+20   4.6315E+20   5.8326E+20   7.5685E+20   9.0435E+20   1.1377E+21   1.3202E+21   1.4630E+21   1.5933E+21   1.7111E+21   1.7770E+21   1.8088E+21   1.8605E+21   1.8974E+21   1.8941E+21   1.8838E+21
    7.3114E-02   7.8797E+19   1.1377E+20   1.7940E+20   3.0307E+20   4.0667E+20   5.0137E+20   6.3099E+20   8.1924E+20   9.8003E+20   1.2358E+21   1.4367E+21   1.5931E+21   1.7359E+21   1.8644E+21   1.9358E+21   1.9699E+21   2.0248E+21   2.0627E+21   2.0550E+21   2.0397E+21
    7.6571E-02   8.6118E+19   1.2443E+20   1.9589E+20   3.2946E+20   4.4093E+20   5.4288E+20   6.8272E+20   8.8679E+20   1.0620E+21   1.3421E+21   1.5632E+21   1.7344E+21   1.8909E+21   2.0310E+21   2.1083E+21   2.1447E+21   2.2030E+21   2.2416E+21   2.2288E+21   2.2077E+21
    8.0193E-02   9.4099E+19   1.3608E+20   2.1392E+20   3.5823E+20   4.7822E+20   5.8797E+20   7.3881E+20   9.5993E+20   1.1506E+21   1.4572E+21   1.7005E+21   1.8878E+21   2.0593E+21   2.2119E+21   2.2956E+21   2.3345E+21   2.3964E+21   2.4353E+21   2.4163E+21   2.3886E+21
    8.3985E-02   1.0280E+20   1.4880E+20   2.3362E+20   3.8961E+20   5.1881E+20   6.3696E+20   7.9965E+20   1.0391E+21   1.2467E+21   1.5821E+21   1.8496E+21   2.0545E+21   2.2421E+21   2.4084E+21   2.4989E+21   2.5404E+21   2.6059E+21   2.6450E+21   2.6186E+21   2.5832E+21
    8.7956E-02   1.1227E+20   1.6270E+20   2.5515E+20   4.2384E+20   5.6299E+20   6.9021E+20   8.6565E+20   1.1249E+21   1.3507E+21   1.7174E+21   2.0112E+21   2.2355E+21   2.4406E+21   2.6216E+21   2.7195E+21   2.7637E+21   2.8330E+21   2.8718E+21   2.8366E+21   2.7924E+21
    9.2116E-02   1.2259E+20   1.7787E+20   2.7868E+20   4.6118E+20   6.1110E+20   7.4810E+20   9.3727E+20   1.2179E+21   1.4633E+21   1.8640E+21   2.1866E+21   2.4319E+21   2.6560E+21   2.8530E+21   2.9587E+21   3.0058E+21   3.0790E+21   3.1169E+21   3.0716E+21   3.0172E+21
    9.6472E-02   1.3382E+20   1.9443E+20   3.0438E+20   5.0191E+20   6.6349E+20   8.1104E+20   1.0150E+21   1.3186E+21   1.5853E+21   2.0229E+21   2.3768E+21   2.6452E+21   2.8898E+21   3.1039E+21   3.2182E+21   3.2681E+21   3.3454E+21   3.3819E+21   3.3246E+21   3.2587E+21
    1.0103E-01   1.4604E+20   2.1250E+20   3.3247E+20   5.4634E+20   7.2054E+20   8.7950E+20   1.0994E+21   1.4278E+21   1.7175E+21   2.1951E+21   2.5831E+21   2.8766E+21   3.1433E+21   3.3760E+21   3.4993E+21   3.5521E+21   3.6336E+21   3.6680E+21   3.5969E+21   3.5178E+21
    1.0581E-01   1.5934E+20   2.3222E+20   3.6315E+20   5.9483E+20   7.8270E+20   9.5397E+20   1.1911E+21   1.5462E+21   1.8606E+21   2.3817E+21   2.8067E+21   3.1277E+21   3.4183E+21   3.6710E+21   3.8040E+21   3.8597E+21   3.9454E+21   3.9770E+21   3.8898E+21   3.7957E+21
    1.1082E-01   1.7379E+20   2.5372E+20   3.9666E+20   6.4773E+20   8.5041E+20   1.0350E+21   1.2907E+21   1.6746E+21   2.0158E+21   2.5838E+21   3.0491E+21   3.4001E+21   3.7165E+21   3.9905E+21   4.1340E+21   4.1924E+21   4.2824E+21   4.3103E+21   4.2046E+21   4.0935E+21
    1.1606E-01   1.8950E+20   2.7716E+20   4.3325E+20   7.0545E+20   9.2420E+20   1.1232E+21   1.3989E+21   1.8138E+21   2.1839E+21   2.8028E+21   3.3117E+21   3.6955E+21   4.0396E+21   4.3367E+21   4.4913E+21   4.5524E+21   4.6467E+21   4.6697E+21   4.5429E+21   4.4125E+21
    1.2154E-01   2.0656E+20   3.0271E+20   4.7321E+20   7.6842E+20   1.0046E+21   1.2191E+21   1.5165E+21   1.9649E+21   2.3660E+21   3.0401E+21   3.5964E+21   4.0158E+21   4.3898E+21   4.7115E+21   4.8779E+21   4.9414E+21   5.0400E+21   5.0570E+21   4.9060E+21   4.7539E+21
    1.2729E-01   2.2507E+20   3.3054E+20   5.1683E+20   8.3714E+20   1.0922E+21   1.3236E+21   1.6443E+21   2.1288E+21   2.5635E+21   3.2972E+21   3.9047E+21   4.3630E+21   4.7692E+21   5.1172E+21   5.2962E+21   5.3619E+21   5.4646E+21   5.4743E+21   5.2956E+21   5.1190E+21
    1.3331E-01   2.4515E+20   3.6085E+20   5.6444E+20   9.1211E+20   1.1877E+21   1.4373E+21   1.7832E+21   2.3066E+21   2.7776E+21   3.5757E+21   4.2387E+21   4.7393E+21   5.1802E+21   5.5562E+21   5.7484E+21   5.8159E+21   5.9226E+21   5.9233E+21   5.7134E+21   5.5091E+21
    1.3962E-01   2.6693E+20   3.9385E+20   6.1638E+20   9.9391E+20   1.2918E+21   1.5611E+21   1.9343E+21   2.4997E+21   3.0097E+21   3.8774E+21   4.6005E+21   5.1470E+21   5.6252E+21   6.0309E+21   6.2371E+21   6.3060E+21   6.4165E+21   6.4064E+21   6.1611E+21   5.9256E+21
    1.4622E-01   2.9052E+20   4.2974E+20   6.7306E+20   1.0831E+21   1.4052E+21   1.6959E+21   2.0985E+21   2.7092E+21   3.2614E+21   4.2043E+21   4.9922E+21   5.5886E+21   6.1069E+21   6.5442E+21   6.7650E+21   6.8349E+21   6.9485E+21   6.9257E+21   6.6404E+21   6.3700E+21
    1.5313E-01   3.1606E+20   4.6879E+20   7.3487E+20   1.1805E+21   1.5289E+21   1.8427E+21   2.2772E+21   2.9367E+21   3.5344E+21   4.5584E+21   5.4163E+21   6.0668E+21   6.6282E+21   7.0990E+21   7.3350E+21   7.4051E+21   7.5215E+21   7.4836E+21   7.1533E+21   6.8438E+21
    1.6038E-01   3.4370E+20   5.1123E+20   8.0226E+20   1.2867E+21   1.6636E+21   2.0025E+21   2.4715E+21   3.1838E+21   3.8304E+21   4.9419E+21   5.8754E+21   6.5845E+21   7.1922E+21   7.6982E+21   7.9501E+21   8.0197E+21   8.1382E+21   8.0826E+21   7.7017E+21   7.3484E+21
    1.6796E-01   3.7359E+20   5.5735E+20   8.7573E+20   1.4025E+21   1.8105E+21   2.1766E+21   2.6828E+21   3.4520E+21   4.1515E+21   5.3574E+21   6.3722E+21   7.1448E+21   7.8020E+21   8.3453E+21   8.6134E+21   8.6817E+21   8.8013E+21   8.7251E+21   8.2877E+21   7.8855E+21
    1.7590E-01   4.0590E+20   6.0745E+20   9.5579E+20   1.5288E+21   1.9705E+21   2.3661E+21   2.9126E+21   3.7433E+21   4.4997E+21   5.8075E+21   6.9098E+21   7.7510E+21   8.4613E+21   9.0436E+21   9.3285E+21   9.3945E+21   9.5140E+21   9.4140E+21   8.9134E+21   8.4565E+21
    1.8422E-01   4.4078E+20   6.6182E+20   1.0430E+21   1.6664E+21   2.1449E+21   2.5725E+21   3.1626E+21   4.0597E+21   4.8775E+21   6.2949E+21   7.4915E+21   8.4066E+21   9.1736E+21   9.7970E+21   1.0099E+22   1.0161E+22   1.0280E+22   1.0152E+22   9.5808E+21   9.0632E+21
    1.9293E-01   4.7841E+20   7.2080E+20   1.1380E+21   1.8165E+21   2.3350E+21   2.7972E+21   3.4346E+21   4.4032E+21   5.2872E+21   6.8228E+21   8.1206E+21   9.1155E+21   9.9430E+21   1.0609E+22   1.0929E+22   1.0986E+22   1.1101E+22   1.0942E+22   1.0292E+22   9.7070E+21
    2.0206E-01   5.1896E+20   7.8474E+20   1.2413E+21   1.9801E+21   2.5420E+21   3.0419E+21   3.7304E+21   4.7764E+21   5.7316E+21   7.3944E+21   8.8009E+21   9.8817E+21   1.0774E+22   1.1485E+22   1.1821E+22   1.1873E+22   1.1982E+22   1.1787E+22   1.1050E+22   1.0390E+22
    2.1161E-01   5.6262E+20   8.5400E+20   1.3538E+21   2.1583E+21   2.7675E+21   3.3083E+21   4.0521E+21   5.1816E+21   6.2137E+21   8.0133E+21   9.5365E+21   1.0709E+22   1.1670E+22   1.2428E+22   1.2782E+22   1.2825E+22   1.2927E+22   1.2690E+22   1.1856E+22   1.1113E+22
    2.2162E-01   6.0959E+20   9.2899E+20   1.4761E+21   2.3525E+21   3.0131E+21   3.5982E+21   4.4020E+21   5.6217E+21   6.7366E+21   8.6834E+21   1.0332E+22   1.1604E+22   1.2636E+22   1.3443E+22   1.3814E+22   1.3848E+22   1.3938E+22   1.3655E+22   1.2714E+22   1.1878E+22
    2.3210E-01   6.6007E+20   1.0101E+21   1.6090E+21   2.5639E+21   3.2805E+21   3.9138E+21   4.7825E+21   6.0996E+21   7.3037E+21   9.4088E+21   1.1191E+22   1.2569E+22   1.3678E+22   1.4535E+22   1.4923E+22   1.4944E+22   1.5020E+22   1.4685E+22   1.3624E+22   1.2686E+22
    2.4307E-01   7.1429E+20   1.0978E+21   1.7535E+21   2.7941E+21   3.5717E+21   4.2572E+21   5.1962E+21   6.6185E+21   7.9187E+21   1.0194E+22   1.2119E+22   1.3610E+22   1.4801E+22   1.5710E+22   1.6113E+22   1.6120E+22   1.6178E+22   1.5783E+22   1.4590E+22   1.3540E+22
    2.5457E-01   7.7242E+20   1.1926E+21   1.9103E+21   3.0446E+21   3.8885E+21   4.6307E+21   5.6460E+21   7.1819E+21   8.5854E+21   1.1043E+22   1.3122E+22   1.4734E+22   1.6010E+22   1.6972E+22   1.7390E+22   1.7381E+22   1.7414E+22   1.6953E+22   1.5615E+22   1.4441E+22
    2.6661E-01   8.3468E+20   1.2948E+21   2.0806E+21   3.3171E+21   4.2331E+21   5.0370E+21   6.1348E+21   7.7933E+21   9.3083E+21   1.1962E+22   1.4204E+22   1.5945E+22   1.7310E+22   1.8328E+22   1.8758E+22   1.8730E+22   1.8734E+22   1.8199E+22   1.6699E+22   1.5389E+22
    2.7922E-01   9.0130E+20   1.4051E+21   2.2652E+21   3.6134E+21   4.6080E+21   5.4788E+21   6.6659E+21   8.4569E+21   1.0092E+22   1.2956E+22   1.5372E+22   1.7251E+22   1.8709E+22   1.9783E+22   2.0225E+22   2.0173E+22   2.0142E+22   1.9524E+22   1.7847E+22   1.6388E+22
    2.9242E-01   9.7247E+20   1.5239E+21   2.4653E+21   3.9354E+21   5.0156E+21   5.9590E+21   7.2428E+21   9.1769E+21   1.0941E+22   1.4030E+22   1.6633E+22   1.8656E+22   2.0213E+22   2.1343E+22   2.1795E+22   2.1716E+22   2.1643E+22   2.0932E+22   1.9060E+22   1.7437E+22
    3.0625E-01   1.0484E+21   1.6517E+21   2.6820E+21   4.2853E+21   5.4585E+21   6.4808E+21   7.8693E+21   9.9577E+21   1.1860E+22   1.5191E+22   1.7992E+22   2.0170E+22   2.1828E+22   2.3015E+22   2.3474E+22   2.3365E+22   2.3242E+22   2.2428E+22   2.0340E+22   1.8538E+22
    3.2073E-01   1.1293E+21   1.7891E+21   2.9166E+21   4.6652E+21   5.9396E+21   7.0475E+21   8.5494E+21   1.0804E+22   1.2856E+22   1.6446E+22   1.9457E+22   2.1798E+22   2.3562E+22   2.4806E+22   2.5268E+22   2.5124E+22   2.4943E+22   2.4014E+22   2.1690E+22   1.9693E+22
    3.3590E-01   1.2154E+21   1.9366E+21   3.1702E+21   5.0775E+21   6.4619E+21   7.6627E+21   9.2874E+21   1.1722E+22   1.3934E+22   1.7801E+22   2.1036E+22   2.3548E+22   2.5422E+22   2.6722E+22   2.7184E+22   2.7000E+22   2.6751E+22   2.5696E+22   2.3113E+22   2.0903E+22
    3.5178E-01   1.3069E+21   2.0949E+21   3.4443E+21   5.5246E+21   7.0287E+21   8.3303E+21   1.0088E+22   1.2716E+22   1.5101E+22   1.9263E+22   2.2736E+22   2.5429E+22   2.7416E+22   2.8770E+22   2.9228E+22   2.8999E+22   2.8671E+22   2.7476E+22   2.4609E+22   2.2169E+22
    3.6842E-01   1.4039E+21   2.2645E+21   3.7402E+21   6.0091E+21   7.6435E+21   9.0543E+21   1.0955E+22   1.3793E+22   1.6363E+22   2.0841E+22   2.4565E+22   2.7449E+22   2.9552E+22   3.0957E+22   3.1408E+22   3.1127E+22   3.0709E+22   2.9360E+22   2.6182E+22   2.3493E+22
    3.8584E-01   1.5066E+21   2.4460E+21   4.0594E+21   6.5338E+21   8.3097E+21   9.8390E+21   1.1895E+22   1.4958E+22   1.7726E+22   2.2542E+22   2.6533E+22   2.9615E+22   3.1838E+22   3.3292E+22   3.3728E+22   3.3389E+22   3.2869E+22   3.1350E+22   2.7833E+22   2.4875E+22
    4.0409E-01   1.6152E+21   2.6398E+21   4.4032E+21   7.1016E+21   9.0312E+21   1.0689E+22   1.2913E+22   1.6219E+22   1.9200E+22   2.4375E+22   2.8647E+22   3.1938E+22   3.4282E+22   3.5781E+22   3.6198E+22   3.5793E+22   3.5156E+22   3.3450E+22   2.9565E+22   2.6317E+22
    4.2320E-01   1.7297E+21   2.8466E+21   4.7732E+21   7.7155E+21   9.8121E+21   1.1609E+22   1.4015E+22   1.7581E+22   2.0790E+22   2.6348E+22   3.0918E+22   3.4426E+22   3.6894E+22   3.8433E+22   3.8822E+22   3.8344E+22   3.7576E+22   3.5665E+22   3.1379E+22   2.7820E+22
    4.4321E-01   1.8502E+21   3.0669E+21   5.1710E+21   8.3787E+21   1.0656E+22   1.2604E+22   1.5205E+22   1.9053E+22   2.2506E+22   2.8471E+22   3.3354E+22   3.7088E+22   3.9682E+22   4.1255E+22   4.1610E+22   4.1048E+22   4.0134E+22   3.7998E+22   3.3279E+22   2.9387E+22
    4.6417E-01   1.9767E+21   3.3012E+21   5.5980E+21   9.0942E+21   1.1569E+22   1.3679E+22   1.6492E+22   2.0641E+22   2.4356E+22   3.0754E+22   3.5966E+22   3.9934E+22   4.2655E+22   4.4255E+22   4.4566E+22   4.3912E+22   4.2835E+22   4.0453E+22   3.5265E+22   3.1018E+22
    4.8612E-01   2.1093E+21   3.5499E+21   6.0558E+21   9.8656E+21   1.2553E+22   1.4839E+22   1.7880E+22   2.2354E+22   2.6348E+22   3.3205E+22   3.8764E+22   4.2975E+22   4.5823E+22   4.7441E+22   4.7699E+22   4.6941E+22   4.5684E+22   4.3033E+22   3.7340E+22   3.2715E+22
    5.0911E-01   2.2478E+21   3.8133E+21   6.5459E+21   1.0696E+22   1.3614E+22   1.6091E+22   1.9378E+22   2.4199E+22   2.8491E+22   3.5835E+22   4.1757E+22   4.6219E+22   4.9193E+22   5.0821E+22   5.1015E+22   5.0142E+22   4.8686E+22   4.5742E+22   3.9507E+22   3.4481E+22
    5.3318E-01   2.3921E+21   4.0919E+21   7.0697E+21   1.1589E+22   1.4757E+22   1.7440E+22   2.0991E+22   2.6185E+22   3.0795E+22   3.8655E+22   4.4957E+22   4.9677E+22   5.2776E+22   5.4403E+22   5.4522E+22   5.3521E+22   5.1845E+22   4.8584E+22   4.1769E+22   3.6319E+22
    5.5840E-01   2.5419E+21   4.3858E+21   7.6288E+21   1.2548E+22   1.5987E+22   1.8891E+22   2.2726E+22   2.8320E+22   3.3268E+22   4.1673E+22   4.8373E+22   5.3358E+22   5.6580E+22   5.8194E+22   5.8224E+22   5.7082E+22   5.5167E+22   5.1561E+22   4.4127E+22   3.8231E+22
    5.8480E-01   2.6970E+21   4.6950E+21   8.2243E+21   1.3577E+22   1.7307E+22   2.0450E+22   2.4591E+22   3.0612E+22   3.5920E+22   4.4901E+22   5.2015E+22   5.7273E+22   6.0614E+22   6.2202E+22   6.2130E+22   6.0832E+22   5.8655E+22   5.4679E+22   4.6587E+22   4.0221E+22
    6.1246E-01   2.8570E+21   5.0197E+21   8.8574E+21   1.4678E+22   1.8723E+22   2.2123E+22   2.6592E+22   3.3069E+22   3.8761E+22   4.8348E+22   5.5895E+22   6.1430E+22   6.4886E+22   6.6434E+22   6.6244E+22   6.4776E+22   6.2315E+22   5.7940E+22   4.9151E+22   4.2293E+22
    6.4142E-01   3.0215E+21   5.3596E+21   9.5292E+21   1.5855E+22   2.0240E+22   2.3916E+22   2.8736E+22   3.5701E+22   4.1799E+22   5.2025E+22   6.0021E+22   6.5840E+22   6.9405E+22   7.0896E+22   7.0574E+22   6.8919E+22   6.6151E+22   6.1349E+22   5.1823E+22   4.4451E+22
    6.7175E-01   3.1896E+21   5.7142E+21   1.0240E+22   1.7110E+22   2.1861E+22   2.5834E+22   3.1030E+22   3.8514E+22   4.5042E+22   5.5940E+22   6.4404E+22   7.0512E+22   7.4179E+22   7.5596E+22   7.5125E+22   7.3266E+22   7.0167E+22   6.4909E+22   5.4609E+22   4.6702E+22
    7.0352E-01   3.3609E+21   6.0832E+21   1.0991E+22   1.8447E+22   2.3591E+22   2.7883E+22   3.3481E+22   4.1517E+22   4.8501E+22   6.0104E+22   6.9053E+22   7.5453E+22   7.9214E+22   8.0541E+22   7.9901E+22   7.7821E+22   7.4369E+22   6.8626E+22   5.7513E+22   4.9051E+22
    7.3679E-01   3.5343E+21   6.4655E+21   1.1782E+22   1.9868E+22   2.5434E+22   3.0066E+22   3.6094E+22   4.4716E+22   5.2182E+22   6.4524E+22   7.3976E+22   8.0673E+22   8.4519E+22   8.5735E+22   8.4910E+22   8.2590E+22   7.8761E+22   7.2504E+22   6.0544E+22   5.1507E+22
    7.7163E-01   3.7089E+21   6.8602E+21   1.2613E+22   2.1374E+22   2.7392E+22   3.2389E+22   3.8874E+22   4.8119E+22   5.6093E+22   6.9209E+22   7.9181E+22   8.6178E+22   9.0100E+22   9.1185E+22   9.0156E+22   8.7578E+22   8.3348E+22   7.6550E+22   6.3707E+22   5.4076E+22
    8.0812E-01   3.8836E+21   7.2659E+21   1.3483E+22   2.2966E+22   2.9468E+22   3.4854E+22   4.1826E+22   5.1731E+22   6.0240E+22   7.4166E+22   8.4675E+22   9.1976E+22   9.5962E+22   9.6896E+22   9.5644E+22   9.2790E+22   8.8137E+22   8.0769E+22   6.7013E+22   5.6770E+22
    8.4634E-01   4.0571E+21   7.6809E+21   1.4391E+22   2.4646E+22   3.1665E+22   3.7465E+22   4.4955E+22   5.5557E+22   6.4630E+22   7.9402E+22   9.0465E+22   9.8072E+22   1.0211E+23   1.0287E+23   1.0138E+23   9.8230E+22   9.3133E+22   8.5171E+22   7.0469E+22   5.9598E+22
    8.8636E-01   4.2280E+21   8.1032E+21   1.5335E+22   2.6413E+22   3.3982E+22   4.0224E+22   4.8262E+22   5.9601E+22   6.9266E+22   8.4921E+22   9.6557E+22   1.0447E+23   1.0855E+23   1.0912E+23   1.0737E+23   1.0391E+23   9.8345E+22   8.9763E+22   7.4089E+22   6.2573E+22
    9.2828E-01   4.3948E+21   8.5305E+21   1.6312E+22   2.8266E+22   3.6420E+22   4.3131E+22   5.1750E+22   6.3866E+22   7.4152E+22   9.0727E+22   1.0295E+23   1.1118E+23   1.1529E+23   1.1565E+23   1.1361E+23   1.0982E+23   1.0378E+23   9.4555E+22   7.7885E+22   6.5709E+22
    9.7218E-01   4.5557E+21   8.9601E+21   1.7321E+22   3.0203E+22   3.8978E+22   4.6185E+22   5.5418E+22   6.8353E+22   7.9290E+22   9.6823E+22   1.0966E+23   1.1820E+23   1.2233E+23   1.2245E+23   1.2013E+23   1.1599E+23   1.0945E+23   9.9561E+22   8.1871E+22   6.9022E+22
    1.0182E+00   4.7089E+21   9.3889E+21   1.8356E+22   3.2221E+22   4.1654E+22   4.9385E+22   5.9267E+22   7.3062E+22   8.4680E+22   1.0321E+23   1.1667E+23   1.2553E+23   1.2967E+23   1.2954E+23   1.2691E+23   1.2242E+23   1.1536E+23   1.0479E+23   8.6064E+22   7.2528E+22
    1.0663E+00   4.8526E+21   9.8135E+21   1.9413E+22   3.4315E+22   4.4443E+22   5.2728E+22   6.3293E+22   7.7992E+22   9.0322E+22   1.0989E+23   1.2400E+23   1.3318E+23   1.3732E+23   1.3693E+23   1.3397E+23   1.2911E+23   1.2153E+23   1.1026E+23   9.0482E+22   7.6249E+22
    1.1167E+00   4.9847E+21   1.0230E+22   2.0486E+22   3.6479E+22   4.7341E+22   5.6209E+22   6.7492E+22   8.3138E+22   9.6212E+22   1.1686E+23   1.3164E+23   1.4114E+23   1.4528E+23   1.4461E+23   1.4132E+23   1.3608E+23   1.2796E+23   1.1600E+23   9.5147E+22   8.0204E+22
    1.1695E+00   5.1033E+21   1.0634E+22   2.1570E+22   3.8707E+22   5.0340E+22   5.9822E+22   7.1858E+22   8.8496E+22   1.0235E+23   1.2411E+23   1.3958E+23   1.4942E+23   1.5356E+23   1.5260E+23   1.4898E+23   1.4334E+23   1.3469E+23   1.2201E+23   1.0008E+23   8.4418E+22
    1.2248E+00   5.2062E+21   1.1022E+22   2.2657E+22   4.0990E+22   5.3433E+22   6.3557E+22   7.6384E+22   9.4058E+22   1.0872E+23   1.3165E+23   1.4784E+23   1.5802E+23   1.6215E+23   1.6091E+23   1.5694E+23   1.5092E+23   1.4172E+23   1.2832E+23   1.0531E+23   8.8918E+22
    1.2828E+00   5.2915E+21   1.1389E+22   2.3739E+22   4.3317E+22   5.6608E+22   6.7407E+22   8.1059E+22   9.9816E+22   1.1532E+23   1.3946E+23   1.5639E+23   1.6694E+23   1.7107E+23   1.6954E+23   1.6523E+23   1.5882E+23   1.4908E+23   1.3496E+23   1.1086E+23   9.3731E+22
    1.3434E+00   5.3573E+21   1.1730E+22   2.4807E+22   4.5679E+22   5.9855E+22   7.1358E+22   8.5873E+22   1.0576E+23   1.2214E+23   1.4755E+23   1.6525E+23   1.7617E+23   1.8032E+23   1.7852E+23   1.7386E+23   1.6706E+23   1.5679E+23   1.4195E+23   1.1676E+23   9.8890E+22
    1.4070E+00   5.4018E+21   1.2040E+22   2.5853E+22   4.8062E+22   6.3160E+22   7.5397E+22   9.0812E+22   1.1187E+23   1.2917E+23   1.5589E+23   1.7440E+23   1.8573E+23   1.8991E+23   1.8785E+23   1.8285E+23   1.7567E+23   1.6488E+23   1.4932E+23   1.2306E+23   1.0443E+23
    1.4735E+00   5.4233E+21   1.2314E+22   2.6866E+22   5.0453E+22   6.6509E+22   7.9510E+22   9.5862E+22   1.1815E+23   1.3640E+23   1.6449E+23   1.8385E+23   1.9561E+23   1.9985E+23   1.9755E+23   1.9223E+23   1.8468E+23   1.7338E+23   1.5712E+23   1.2977E+23   1.1038E+23
    1.5432E+00   5.4206E+21   1.2548E+22   2.7835E+22   5.2836E+22   6.9885E+22   8.3680E+22   1.0101E+23   1.2457E+23   1.4381E+23   1.7333E+23   1.9358E+23   2.0582E+23   2.1015E+23   2.0765E+23   2.0202E+23   1.9412E+23   1.8232E+23   1.6536E+23   1.3695E+23   1.1679E+23
    1.6162E+00   5.3926E+21   1.2737E+22   2.8752E+22   5.5196E+22   7.3271E+22   8.7890E+22   1.0623E+23   1.3111E+23   1.5139E+23   1.8240E+23   2.0360E+23   2.1636E+23   2.2083E+23   2.1816E+23   2.1224E+23   2.0401E+23   1.9174E+23   1.7411E+23   1.4464E+23   1.2371E+23
    1.6926E+00   5.3386E+21   1.2877E+22   2.9604E+22   5.7516E+22   7.6648E+22   9.2120E+22   1.1151E+23   1.3777E+23   1.5912E+23   1.9170E+23   2.1391E+23   2.2724E+23   2.3190E+23   2.2912E+23   2.2293E+23   2.1439E+23   2.0168E+23   1.8339E+23   1.5288E+23   1.3116E+23
    1.7726E+00   5.2584E+21   1.2964E+22   3.0381E+22   5.9779E+22   7.9998E+22   9.6352E+22   1.1683E+23   1.4452E+23   1.6700E+23   2.0122E+23   2.2450E+23   2.3847E+23   2.4338E+23   2.4054E+23   2.3412E+23   2.2531E+23   2.1218E+23   1.9325E+23   1.6171E+23   1.3921E+23
    1.8564E+00   5.1522E+21   1.2996E+22   3.1074E+22   6.1968E+22   8.3302E+22   1.0056E+23   1.2217E+23   1.5135E+23   1.7500E+23   2.1095E+23   2.3539E+23   2.5006E+23   2.5530E+23   2.5247E+23   2.4584E+23   2.3679E+23   2.2328E+23   2.0375E+23   1.7120E+23   1.4791E+23
    1.9442E+00   5.0205E+21   1.2969E+22   3.1672E+22   6.4065E+22   8.6539E+22   1.0474E+23   1.2751E+23   1.5824E+23   1.8311E+23   2.2089E+23   2.4656E+23   2.6203E+23   2.6767E+23   2.6494E+23   2.5815E+23   2.4889E+23   2.3504E+23   2.1493E+23   1.8140E+23   1.5730E+23
    2.0362E+00   4.8646E+21   1.2883E+22   3.2168E+22   6.6054E+22   8.9690E+22   1.0885E+23   1.3283E+23   1.6517E+23   1.9132E+23   2.3103E+23   2.5804E+23   2.7440E+23   2.8054E+23   2.7799E+23   2.7107E+23   2.6166E+23   2.4751E+23   2.2685E+23   1.9235E+23   1.6746E+23
    2.1325E+00   4.6859E+21   1.2736E+22   3.2552E+22   6.7918E+22   9.2736E+22   1.1289E+23   1.3811E+23   1.7213E+23   1.9962E+23   2.4137E+23   2.6983E+23   2.8717E+23   2.9391E+23   2.9165E+23   2.8465E+23   2.7513E+23   2.6073E+23   2.3956E+23   2.0413E+23   1.7843E+23
    2.2333E+00   4.4865E+21   1.2530E+22   3.2819E+22   6.9641E+22   9.5658E+22   1.1682E+23   1.4334E+23   1.7909E+23   2.0799E+23   2.5190E+23   2.8192E+23   3.0038E+23   3.0783E+23   3.0596E+23   2.9894E+23   2.8936E+23   2.7475E+23   2.5311E+23   2.1678E+23   1.9027E+23
    2.3389E+00   4.2688E+21   1.2265E+22   3.2962E+22   7.1208E+22   9.8437E+22   1.2064E+23   1.4849E+23   1.8605E+23   2.1643E+23   2.6264E+23   2.9434E+23   3.1403E+23   3.2233E+23   3.2096E+23   3.1397E+23   3.0440E+23   2.8964E+23   2.6757E+23   2.3037E+23   2.0305E+23
    2.4495E+00   4.0355E+21   1.1944E+22   3.2978E+22   7.2604E+22   1.0106E+23   1.2432E+23   1.5354E+23   1.9299E+23   2.2491E+23   2.7356E+23   3.0710E+23   3.2815E+23   3.3743E+23   3.3670E+23   3.2980E+23   3.2029E+23   3.0544E+23   2.8299E+23   2.4495E+23   2.1682E+23
    2.5654E+00   3.7895E+21   1.1569E+22   3.2863E+22   7.3817E+22   1.0350E+23   1.2784E+23   1.5847E+23   1.9989E+23   2.3344E+23   2.8467E+23   3.2018E+23   3.4276E+23   3.5315E+23   3.5320E+23   3.4645E+23   3.3708E+23   3.2221E+23   2.9942E+23   2.6059E+23   2.3166E+23
    2.6867E+00   3.5342E+21   1.1145E+22   3.2617E+22   7.4833E+22   1.0574E+23   1.3119E+23   1.6327E+23   2.0673E+23   2.4198E+23   2.9596E+23   3.3361E+23   3.5785E+23   3.6952E+23   3.7049E+23   3.6397E+23   3.5482E+23   3.3998E+23   3.1691E+23   2.7734E+23   2.4762E+23
    2.8137E+00   3.2728E+21   1.0676E+22   3.2238E+22   7.5639E+22   1.0777E+23   1.3433E+23   1.6791E+23   2.1348E+23   2.5052E+23   3.0741E+23   3.4736E+23   3.7345E+23   3.8656E+23   3.8861E+23   3.8239E+23   3.7352E+23   3.5880E+23   3.3551E+23   2.9525E+23   2.6475E+23
    2.9468E+00   3.0084E+21   1.0167E+22   3.1727E+22   7.6223E+22   1.0956E+23   1.3725E+23   1.7236E+23   2.2013E+23   2.5904E+23   3.1902E+23   3.6144E+23   3.8954E+23   4.0426E+23   4.0757E+23   4.0173E+23   3.9323E+23   3.7871E+23   3.5526E+23   3.1438E+23   2.8310E+23
    3.0862E+00   2.7444E+21   9.6240E+21   3.1087E+22   7.6572E+22   1.1109E+23   1.3992E+23   1.7658E+23   2.2663E+23   2.6749E+23   3.3074E+23   3.7582E+23   4.0612E+23   4.2264E+23   4.2738E+23   4.2200E+23   4.1397E+23   3.9972E+23   3.7619E+23   3.3475E+23   3.0273E+23
    3.2321E+00   2.4838E+21   9.0528E+21   3.0320E+22   7.6673E+22   1.1234E+23   1.4230E+23   1.8055E+23   2.3293E+23   2.7584E+23   3.4253E+23   3.9047E+23   4.2316E+23   4.4167E+23   4.4803E+23   4.4320E+23   4.3573E+23   4.2185E+23   3.9831E+23   3.5640E+23   3.2368E+23
    3.3849E+00   2.2294E+21   8.4596E+21   2.9429E+22   7.6510E+22   1.1328E+23   1.4436E+23   1.8421E+23   2.3900E+23   2.8403E+23   3.5436E+23   4.0534E+23   4.4062E+23   4.6132E+23   4.6951E+23   4.6532E+23   4.5852E+23   4.4511E+23   4.2165E+23   3.7935E+23   3.4597E+23
    3.5450E+00   1.9836E+21   7.8507E+21   2.8418E+22   7.6069E+22   1.1388E+23   1.4606E+23   1.8751E+23   2.4476E+23   2.9199E+23   3.6613E+23   4.2037E+23   4.5845E+23   4.8154E+23   4.9177E+23   4.8832E+23   4.8230E+23   4.6947E+23   4.4619E+23   4.0361E+23   3.6961E+23
    3.7127E+00   1.7488E+21   7.2323E+21   2.7292E+22   7.5333E+22   1.1411E+23   1.4735E+23   1.9040E+23   2.5014E+23   2.9965E+23   3.7779E+23   4.3547E+23   4.7656E+23   5.0226E+23   5.1475E+23   5.1216E+23   5.0704E+23   4.9490E+23   4.7190E+23   4.2916E+23   3.9463E+23
    3.8882E+00   1.5267E+21   6.6105E+21   2.6058E+22   7.4288E+22   1.1393E+23   1.4819E+23   1.9280E+23   2.5506E+23   3.0690E+23   3.8920E+23   4.5054E+23   4.9486E+23   5.2340E+23   5.3838E+23   5.3676E+23   5.3266E+23   5.2134E+23   4.9874E+23   4.5598E+23   4.2098E+23
    4.0721E+00   1.3190E+21   5.9917E+21   2.4723E+22   7.2918E+22   1.1330E+23   1.4851E+23   1.9464E+23   2.5942E+23   3.1363E+23   4.0026E+23   4.6545E+23   5.1322E+23   5.4483E+23   5.6255E+23   5.6202E+23   5.5908E+23   5.4870E+23   5.2664E+23   4.8402E+23   4.4866E+23
    4.2647E+00   1.1269E+21   5.3820E+21   2.3296E+22   7.1212E+22   1.1219E+23   1.4826E+23   1.9584E+23   2.6311E+23   3.1973E+23   4.1082E+23   4.8005E+23   5.3148E+23   5.6640E+23   5.8711E+23   5.8780E+23   5.8617E+23   5.7689E+23   5.5550E+23   5.1319E+23   4.7759E+23
    4.4664E+00   9.5124E+20   4.7872E+21   2.1788E+22   6.9161E+22   1.1057E+23   1.4739E+23   1.9633E+23   2.6601E+23   3.2505E+23   4.2072E+23   4.9416E+23   5.4948E+23   5.8794E+23   6.1190E+23   6.1395E+23   6.1378E+23   6.0574E+23   5.8519E+23   5.4340E+23   5.0769E+23
    4.6776E+00   7.9255E+20   4.2134E+21   2.0213E+22   6.6762E+22   1.0841E+23   1.4584E+23   1.9600E+23   2.6801E+23   3.2944E+23   4.2976E+23   5.0759E+23   5.6700E+23   6.0924E+23   6.3672E+23   6.4027E+23   6.4172E+23   6.3509E+23   6.1556E+23   5.7451E+23   5.3885E+23
    4.8988E+00   6.5108E+20   3.6660E+21   1.8587E+22   6.4018E+22   1.0568E+23   1.4357E+23   1.9479E+23   2.6898E+23   3.3275E+23   4.3776E+23   5.2011E+23   5.8381E+23   6.3005E+23   6.6134E+23   6.6653E+23   6.6976E+23   6.6473E+23   6.4640E+23   6.0635E+23   5.7093E+23
    5.1304E+00   5.2677E+20   3.1504E+21   1.6929E+22   6.0943E+22   1.0237E+23   1.4054E+23   1.9263E+23   2.6880E+23   3.3482E+23   4.4449E+23   5.3147E+23   5.9964E+23   6.5011E+23   6.8547E+23   6.9247E+23   6.9766E+23   6.9440E+23   6.7748E+23   6.3872E+23   6.0374E+23
    5.3730E+00   4.1922E+20   2.6712E+21   1.5259E+22   5.7558E+22   9.8496E+22   1.3672E+23   1.8945E+23   2.6736E+23   3.3548E+23   4.4975E+23   5.4142E+23   6.1420E+23   6.6911E+23   7.0882E+23   7.1779E+23   7.2511E+23   7.2382E+23   7.0854E+23   6.7136E+23   6.3707E+23
    5.6271E+00   3.2774E+20   2.2322E+21   1.3600E+22   5.3897E+22   9.4063E+22   1.3212E+23   1.8521E+23   2.6454E+23   3.3459E+23   4.5329E+23   5.4967E+23   6.2720E+23   6.8673E+23   7.3104E+23   7.4214E+23   7.5177E+23   7.5266E+23   7.3926E+23   7.0400E+23   6.7066E+23
    5.8932E+00   2.5135E+20   1.8365E+21   1.1975E+22   5.0001E+22   8.9106E+22   1.2675E+23   1.7988E+23   2.6028E+23   3.3202E+23   4.5491E+23   5.5595E+23   6.3829E+23   7.0260E+23   7.5177E+23   7.6517E+23   7.7728E+23   7.8056E+23   7.6929E+23   7.3632E+23   7.0422E+23
    6.1719E+00   1.8883E+20   1.4857E+21   1.0408E+22   4.5926E+22   8.3678E+22   1.2063E+23   1.7348E+23   2.5452E+23   3.2765E+23   4.5440E+23   5.5998E+23   6.4716E+23   7.1637E+23   7.7062E+23   7.8647E+23   8.0124E+23   8.0711E+23   7.9825E+23   7.6794E+23   7.3740E+23
    6.4638E+00   1.3875E+20   1.1806E+21   8.9207E+21   4.1731E+22   7.7847E+22   1.1384E+23   1.6603E+23   2.4723E+23   3.2139E+23   4.5157E+23   5.6149E+23   6.5347E+23   7.2766E+23   7.8718E+23   8.0562E+23   8.2322E+23   8.3188E+23   8.2570E+23   7.9848E+23   7.6983E+23
    6.7695E+00   9.9571E+19   9.2032E+20   7.5328E+21   3.7485E+22   7.1695E+22   1.0645E+23   1.5760E+23   2.3841E+23   3.1321E+23   4.4626E+23   5.6024E+23   6.5690E+23   7.3608E+23   8.0102E+23   8.2220E+23   8.4278E+23   8.5443E+23   8.5121E+23   8.2748E+23   8.0110E+23
    7.0896E+00   6.9674E+19   7.0290E+20   6.2605E+21   3.3260E+22   6.5322E+22   9.8560E+22   1.4828E+23   2.2814E+23   3.0309E+23   4.3836E+23   5.5600E+23   6.5715E+23   7.4127E+23   8.1172E+23   8.3576E+23   8.5944E+23   8.7428E+23   8.7429E+23   8.5450E+23   8.3075E+23
    7.4249E+00   4.7461E+19   5.2531E+20   5.1160E+21   2.9127E+22   5.8834E+22   9.0305E+22   1.3819E+23   2.1649E+23   2.9109E+23   4.2780E+23   5.4861E+23   6.5396E+23   7.4288E+23   8.1888E+23   8.4586E+23   8.7275E+23   8.9095E+23   8.9447E+23   8.7903E+23   8.5832E+23
    7.7760E+00   3.1420E+19   3.8365E+20   4.1065E+21   2.5155E+22   5.2346E+22   8.1821E+22   1.2749E+23   2.0360E+23   2.7731E+23   4.1459E+23   5.3796E+23   6.4710E+23   7.4062E+23   8.2209E+23   8.5209E+23   8.8226E+23   9.0396E+23   9.1123E+23   9.0058E+23   8.8330E+23
    8.1437E+00   2.0180E+19   2.7344E+20   3.2343E+21   2.1406E+22   4.5971E+22   7.3255E+22   1.1636E+23   1.8967E+23   2.6189E+23   3.9878E+23   5.2398E+23   6.3643E+23   7.3422E+23   8.2103E+23   8.5407E+23   8.8754E+23   9.1286E+23   9.2411E+23   9.1865E+23   9.0517E+23
    8.5288E+00   1.2552E+19   1.8992E+20   2.4968E+21   1.7933E+22   3.9819E+22   6.4762E+22   1.0499E+23   1.7490E+23   2.4504E+23   3.8050E+23   5.0672E+23   6.2186E+23   7.2348E+23   8.1540E+23   8.5145E+23   8.8822E+23   9.1721E+23   9.3264E+23   9.3273E+23   9.2344E+23
    8.9322E+00   7.5462E+18   1.2837E+20   1.8871E+21   1.4777E+22   3.3990E+22   5.6491E+22   9.3588E+22   1.5954E+23   2.2702E+23   3.5995E+23   4.8627E+23   6.0338E+23   7.0832E+23   8.0497E+23   8.4396E+23   8.8395E+23   9.1663E+23   9.3638E+23   9.4234E+23   9.3759E+23
    9.3546E+00   4.3768E+18   8.4301E+19   1.3948E+21   1.1966E+22   2.8570E+22   4.8582E+22   8.2352E+22   1.4387E+23   2.0813E+23   3.3741E+23   4.6284E+23   5.8110E+23   6.8870E+23   7.8961E+23   8.3141E+23   8.7448E+23   9.1082E+23   9.3498E+23   9.4707E+23   9.4716E+23
    9.7969E+00   2.4440E+18   5.3708E+19   1.0070E+21   9.5134E+21   2.3626E+22   4.1159E+22   7.1482E+22   1.2817E+23   1.8869E+23   3.1322E+23   4.3671E+23   5.5520E+23   6.6471E+23   7.6928E+23   8.1370E+23   8.5966E+23   8.9954E+23   9.2813E+23   9.4652E+23   9.5171E+23
    1.0260E+01   1.3109E+18   3.3139E+19   7.0917E+20   7.4180E+21   1.9204E+22   3.4323E+22   6.1158E+22   1.1272E+23   1.6906E+23   2.8777E+23   4.0825E+23   5.2598E+23   6.3656E+23   7.4406E+23   7.9083E+23   8.3942E+23   8.8266E+23   9.1562E+23   9.4040E+23   9.5087E+23
    1.0745E+01   6.7394E+17   1.9769E+19   4.8659E+20   5.6672E+21   1.5330E+22   2.8148E+22   5.1533E+22   9.7788E+22   1.4959E+23   2.6150E+23   3.7790E+23   4.9383E+23   6.0454E+23   7.1415E+23   7.6294E+23   8.1381E+23   8.6016E+23   8.9734E+23   9.2848E+23   9.4435E+23
    1.1254E+01   3.3124E+17   1.1381E+19   3.2483E+20   4.2375E+21   1.2006E+22   2.2681E+22   4.2731E+22   8.3621E+22   1.3061E+23   2.3489E+23   3.4616E+23   4.5924E+23   5.6909E+23   6.7986E+23   7.3028E+23   7.8302E+23   8.3214E+23   8.7331E+23   9.1067E+23   9.3195E+23
    1.1786E+01   1.5523E+17   6.3107E+18   2.1067E+20   3.0977E+21   9.2155E+21   1.7941E+22   3.4837E+22   7.0428E+22   1.1246E+23   2.0841E+23   3.1360E+23   4.2277E+23   5.3073E+23   6.4164E+23   6.9322E+23   7.4737E+23   7.9884E+23   8.4367E+23   8.8697E+23   9.1357E+23
    1.2343E+01   6.9173E+16   3.3634E+18   1.3254E+20   2.2113E+21   6.9258E+21   1.3917E+22   2.7899E+22   5.8373E+22   9.5413E+22   1.8253E+23   2.8080E+23   3.8505E+23   4.9007E+23   6.0004E+23   6.5228E+23   7.0731E+23   7.6064E+23   8.0870E+23   8.5752E+23   8.8926E+23
    1.2927E+01   2.9219E+16   1.7193E+18   8.0766E+19   1.5395E+21   5.0907E+21   1.0577E+22   2.1928E+22   4.7572E+22   7.9700E+22   1.5769E+23   2.4833E+23   3.4675E+23   4.4781E+23   5.5573E+23   6.0807E+23   6.6340E+23   7.1804E+23   7.6881E+23   8.2261E+23   8.5916E+23
    1.3538E+01   1.1661E+16   8.4091E+17   4.7587E+19   1.0441E+21   3.6555E+21   7.8671E+21   1.6897E+22   3.8086E+22   6.5491E+22   1.3427E+23   2.1677E+23   3.0854E+23   4.0469E+23   5.0944E+23   5.6131E+23   6.1634E+23   6.7168E+23   7.2455E+23   7.8265E+23   8.2359E+23
    1.4178E+01   4.3816E+15   3.9256E+17   2.7062E+19   6.8880E+20   2.5613E+21   5.7203E+21   1.2753E+22   2.9927E+22   5.2894E+22   1.1260E+23   1.8663E+23   2.7110E+23   3.6147E+23   4.6198E+23   5.1280E+23   5.6692E+23   6.2230E+23   6.7660E+23   7.3821E+23   7.8299E+23
    1.4849E+01   1.5440E+15   1.7445E+17   1.4827E+19   4.4142E+20   1.7490E+21   4.0615E+21   9.4173E+21   2.3058E+22   4.1951E+22   9.2919E+22   1.5836E+23   2.3505E+23   3.1891E+23   4.1419E+23   4.6338E+23   5.1597E+23   5.7073E+23   6.2574E+23   6.8996E+23   7.3793E+23
    1.5551E+01   5.0815E+14   7.3586E+16   7.8112E+18   2.7440E+20   1.1624E+21   2.8125E+21   6.7965E+21   1.7401E+22   3.2641E+22   7.5394E+22   1.3233E+23   2.0095E+23   2.7772E+23   3.6691E+23   4.1391E+23   4.6440E+23   5.1788E+23   5.7283E+23   6.3870E+23   6.8912E+23
    1.6286E+01   1.5549E+14   2.9373E+16   3.9484E+18   1.6520E+20   7.5087E+20   1.8971E+21   4.7883E+21   1.2850E+22   2.4892E+22   6.0094E+22   1.0881E+23   1.6928E+23   2.3857E+23   3.2093E+23   3.6526E+23   4.1311E+23   4.6466E+23   5.1879E+23   5.8528E+23   6.3737E+23
    1.7057E+01   4.4029E+13   1.1059E+16   1.9108E+18   9.6172E+19   4.7078E+20   1.2449E+21   3.2892E+21   9.2753E+21   1.8586E+22   4.7011E+22   8.7963E+22   1.4039E+23   2.0200E+23   2.7698E+23   3.1823E+23   3.6297E+23   4.1200E+23   4.6457E+23   5.3066E+23   5.8355E+23
    1.7863E+01   1.1478E+13   3.9133E+15   8.8323E+17   5.4042E+19   2.8607E+20   7.9355E+20   2.2002E+21   6.5362E+21   1.3572E+22   3.6058E+22   6.9851E+22   1.1454E+23   1.6845E+23   2.3572E+23   2.7354E+23   3.1479E+23   3.6078E+23   4.1111E+23   4.7577E+23   5.2861E+23
    1.8708E+01   2.7403E+12   1.2967E+15   3.8898E+17   2.9261E+19   1.6820E+20   4.9073E+20   1.4313E+21   4.4915E+21   9.6829E+21   2.7091E+22   5.4437E+22   9.1852E+22   1.3825E+23   1.9766E+23   2.3181E+23   2.6930E+23   3.1182E+23   3.5927E+23   4.2157E+23   4.7350E+23
    1.9593E+01   5.9609E+11   4.0078E+14   1.6279E+17   1.5238E+19   9.5539E+19   2.9394E+20   9.0429E+20   3.0059E+21   6.7408E+21   1.9915E+22   4.1593E+22   7.2332E+22   1.1157E+23   1.6319E+23   1.9354E+23   2.2708E+23   2.6580E+23   3.0987E+23   3.6895E+23   4.1918E+23
    2.0519E+01   1.1756E+11   1.1506E+14   6.4563E+16   7.6164E+18   5.2335E+19   1.7028E+20   5.5405E+20   1.9566E+21   4.5735E+21   1.4309E+22   3.1126E+22   5.5883E+22   8.8464E+22   1.3254E+23   1.5907E+23   1.8861E+23   2.2332E+23   2.6360E+23   3.1872E+23   3.6653E+23
    2.1490E+01   2.0932E+10   3.0557E+13   2.4195E+16   3.6467E+18   2.7599E+19   9.5236E+19   3.2870E+20   1.2370E+21   3.0204E+21   1.0037E+22   2.2790E+22   4.2316E+22   6.8847E+22   1.0581E+23   1.2860E+23   1.5418E+23   1.8479E+23   2.2100E+23   2.7160E+23   3.1635E+23
    2.2506E+01   3.3551E+09   7.4745E+12   8.5413E+15   1.6688E+18   1.3984E+19   5.1341E+19   1.8853E+20   7.5858E+20   1.9389E+21   6.8646E+21   1.6307E+22   3.1373E+22   5.2542E+22   8.2955E+22   1.0218E+23   1.2394E+23   1.5047E+23   1.8248E+23   2.2815E+23   2.6934E+23
    2.3570E+01   4.8344E+08   1.6773E+12   2.8315E+15   7.2831E+17   6.7954E+18   2.6629E+19   1.0437E+20   4.5051E+20   1.2082E+21   4.5721E+21   1.1390E+22   2.2749E+22   3.9282E+22   6.3811E+22   7.9723E+22   9.7898E+22   1.2048E+23   1.4828E+23   1.8878E+23   2.2605E+23
    2.4685E+01   6.2612E+07   3.4404E+11   8.7865E+14   3.0241E+17   3.1602E+18   1.3264E+19   5.5675E+19   2.5871E+20   7.2972E+20   2.9615E+21   7.7565E+21   1.6115E+22   2.8739E+22   4.8112E+22   6.1018E+22   7.5908E+22   9.4781E+22   1.1847E+23   1.5375E+23   1.8689E+23
    2.5852E+01   7.2880E+06   6.4310E+10   2.5439E+14   1.1918E+17   1.4036E+18   6.3326E+18   2.8565E+19   1.4342E+20   4.2653E+20   1.8630E+21   5.1428E+21   1.1138E+22   2.0553E+22   3.5520E+22   4.5769E+22   5.7725E+22   7.3186E+22   9.2996E+22   1.2315E+23   1.5209E+23
    2.7075E+01   7.6028E+05   1.0931E+10   6.8506E+13   4.4467E+16   5.9405E+17   2.8920E+18   1.4071E+19   7.6627E+19   2.4090E+20   1.1364E+21   3.3155E+21   7.5022E+21   1.4350E+22   2.5649E+22   3.3611E+22   4.3008E+22   5.5418E+22   7.1653E+22   9.6938E+22   1.2173E+23
    2.8355E+01   7.2393E+04   1.6873E+09   1.7107E+13   1.5669E+16   2.3906E+17   1.2607E+18   6.6415E+18   3.9386E+19   1.3124E+20   6.7119E+20   2.0754E+21   4.9177E+21   9.7704E+21   1.8095E+22   2.4138E+22   3.1362E+22   4.1110E+22   5.4140E+22   7.4916E+22   9.5753E+22
    2.9696E+01   7.7186E+03   2.3624E+08   3.9508E+12   5.2012E+15   9.1269E+16   5.2355E+17   2.9980E+18   1.9440E+19   6.8847E+19   3.8320E+20   1.2594E+21   3.1326E+21   6.4780E+21   1.2456E+22   1.6933E+22   2.2358E+22   2.9844E+22   4.0076E+22   5.6792E+22   7.3952E+22
    3.1100E+01   1.1289E-01   2.9987E+07   8.4188E+11   1.6224E+15   3.2981E+16   2.0666E+17   1.2916E+18   9.1966E+18   3.4715E+19   2.1112E+20   7.3970E+20   1.9363E+21   4.1769E+21   8.3567E+21   1.1589E+22   1.5565E+22   2.1179E+22   2.9031E+22   4.2189E+22   5.6028E+22
    3.2571E+01   0.0000E+00   3.4601E+06   1.6521E+11   4.7445E+14   1.1255E+16   7.7372E+16   5.3001E+17   4.1620E+18   1.6794E+19   1.1205E+20   4.1980E+20   1.1595E+21   2.6151E+21   5.4560E+21   7.7285E+21   1.0567E+22   1.4675E+22   2.0558E+22   3.0681E+22   4.1599E+22
    3.4111E+01   0.0000E+00   3.6297E+05   2.9806E+10   1.2979E+14   3.6195E+15   2.7417E+16   2.0672E+17   1.7982E+18   7.7793E+18   5.7175E+19   2.2980E+20   6.7153E+20   1.5873E+21   3.4617E+21   5.0147E+21   6.9879E+21   9.9156E+21   1.4214E+22   2.1818E+22   3.0238E+22
    3.5724E+01   0.0000E+00   3.0738E+04   4.9369E+09   3.3145E+13   1.0945E+15   9.1759E+15   7.6482E+16   7.4027E+17   3.4436E+18   2.7997E+19   1.2110E+20   3.7548E+20   9.3255E+20   2.1312E+21   3.1613E+21   4.4943E+21   6.5247E+21   9.5842E+21   1.5155E+22   2.1495E+22
    3.7414E+01   0.0000E+00   1.1616E+03   7.5004E+08   7.8879E+12   3.1065E+14   2.8949E+15   2.6787E+16   2.8978E+17   1.4538E+18   1.3129E+19   6.1317E+19   2.0230E+20   5.2931E+20   1.2709E+21   1.9333E+21   2.8072E+21   4.1754E+21   6.2934E+21   1.0269E+22   1.4926E+22
    3.9183E+01   0.0000E+00   6.7217E+02   1.0446E+08   1.7464E+12   8.2603E+13   8.5928E+14   8.8641E+15   1.0764E+17   5.8414E+17   5.8840E+18   2.9767E+19   1.0482E+20   2.8971E+20   7.3293E+20   1.1450E+21   1.7002E+21   2.5945E+21   4.0190E+21   6.7791E+21   1.0112E+22
    4.1036E+01   0.0000E+00   3.7198E+02   1.3174E+07   3.5916E+11   2.0544E+13   2.3957E+14   2.7664E+15   3.7874E+16   2.2293E+17   2.5146E+18   1.3825E+19   5.2111E+19   1.5260E+20   4.0795E+20   6.5552E+20   9.9670E+20   1.5630E+21   2.4922E+21   4.3542E+21   6.6751E+21
    4.2976E+01   0.0000E+00   0.0000E+00   1.3975E+06   6.8508E+10   4.7716E+12   6.2634E+13   8.1288E+14   1.2598E+16   8.0650E+16   1.0225E+18   6.1282E+18   2.4804E+19   7.7181E+19   2.1872E+20   3.6211E+20   5.6455E+20   9.1126E+20   1.4983E+21   2.7170E+21   4.2875E+21
    4.5009E+01   0.0000E+00   0.0000E+00   2.7557E+05   1.2103E+10   1.0334E+12   1.5333E+13   2.2453E+14   3.9545E+15   2.7604E+16   3.9475E+17   2.5866E+18   1.1275E+19   3.7397E+19   1.1271E+20   1.9261E+20   3.0836E+20   5.1324E+20   8.7178E+20   1.6445E+21   2.6758E+21
    4.7137E+01   0.0000E+00   0.0000E+00   1.6191E+04   1.9732E+09   2.0839E+11   3.5095E+12   5.8216E+13   1.1696E+15   8.9224E+15   1.4436E+17   1.0369E+18   4.8826E+18   1.7315E+19   5.5692E+19   9.8423E+19   1.6207E+20   2.7869E+20   4.9002E+20   9.6381E+20   1.6200E+21
    4.9366E+01   0.0000E+00   0.0000E+00   0.0000E+00   2.9177E+08   3.9053E+10   7.4988E+11   1.4148E+13   3.2546E+14   2.7190E+15   4.9898E+16   3.9381E+17   2.0086E+18   7.6405E+18   2.6321E+19   4.8204E+19   8.1782E+19   1.4559E+20   2.6556E+20   5.4601E+20   9.4987E+20
    5.1701E+01   0.0000E+00   0.0000E+00   0.0000E+00   3.7451E+07   6.7675E+09   1.4933E+11   3.2180E+12   8.5085E+13   7.7996E+14   1.6269E+16   1.4132E+17   7.8265E+17   3.2036E+18   1.1866E+19   2.2568E+19   3.9522E+19   7.3001E+19   1.3845E+20   2.9841E+20   5.3843E+20
    5.4146E+01   0.0000E+00   0.0000E+00   0.0000E+00   2.7740E+06   1.0645E+09   2.7604E+10   6.8401E+11   2.0870E+13   2.1033E+14   4.9935E+15   4.7793E+16   2.8799E+17   1.2724E+18   5.0871E+18   1.0071E+19   1.8242E+19   3.5045E+19   6.9287E+19   1.5700E+20   2.9449E+20
    5.6706E+01   0.0000E+00   0.0000E+00   0.0000E+00   1.1928E+06   1.4702E+08   4.6767E+09   1.3549E+11   4.7962E+12   5.3247E+13   1.4405E+15   1.5194E+16   9.9762E+16   4.7712E+17   2.0673E+18   4.2707E+18   8.0187E+18   1.6064E+19   3.3197E+19   7.9343E+19   1.5509E+20
    5.9388E+01   0.0000E+00   0.0000E+00   0.0000E+00   8.3960E+05   1.7837E+07   7.0723E+08   2.4817E+10   1.0309E+12   1.2639E+13   3.8995E+14   4.5302E+15   3.2427E+16   1.6829E+17   7.9350E+17   1.7150E+18   3.3459E+18   7.0091E+18   1.5186E+19   3.8419E+19   7.8463E+19
    6.2197E+01   0.0000E+00   0.0000E+00   0.0000E+00   0.0000E+00   6.7461E+06   9.3062E+07   4.1244E+09   2.0646E+11   2.8088E+12   9.8940E+13   1.2641E+15   9.8583E+15   5.5624E+16   2.8655E+17   6.4973E+17   1.3205E+18   2.9017E+18   6.6127E+18   1.7776E+19   3.8045E+19
    6.5138E+01   0.0000E+00   0.0000E+00   0.0000E+00   0.0000E+00   4.9783E+06   2.2728E+07   6.1088E+08   3.8168E+10   5.8275E+11   2.3503E+13   3.2952E+14   2.7945E+15   1.7158E+16   9.6937E+16   2.3125E+17   4.9102E+17   1.1356E+18   2.7319E+18   7.8366E+18   1.7631E+19
    6.8218E+01   0.0000E+00   0.0000E+00   0.0000E+00   0.0000E+00   0.0000E+00   5.3005E+06   1.0969E+08   6.3932E+09   1.1218E+11   5.2209E+12   8.0146E+13   7.3649E+14   4.9185E+15   3.0574E+16   7.6965E+16   1.7126E+17   4.1841E+17   1.0668E+18   3.2809E+18   7.7872E+18
    7.1444E+01   0.0000E+00   0.0000E+00   0.0000E+00   0.0000E+00   0.0000E+00   0.0000E+00   2.6933E+07   8.1589E+08   1.9811E+10   1.0823E+12   1.8172E+13   1.8004E+14   1.3048E+15   8.9438E+15   2.3828E+16   5.5758E+16   1.4448E+17   3.9215E+17   1.2997E+18   3.2672E+18
    7.4823E+01   0.0000E+00   0.0000E+00   0.0000E+00   0.0000E+00   0.0000E+00   0.0000E+00   1.2685E+05   2.3046E+08   3.2322E+09   2.0851E+11   3.8381E+12   4.0757E+13   3.1903E+14   2.4128E+15   6.8222E+15   1.6850E+16   4.6515E+16   1.3507E+17   4.8527E+17   1.2975E+18
    7.8361E+01   0.0000E+00   0.0000E+00   0.0000E+00   0.0000E+00   0.0000E+00   0.0000E+00   0.0000E+00   8.8409E+07   6.0967E+08   3.7127E+10   7.5419E+11   8.5374E+12   7.1645E+13   5.9654E+14   1.7945E+15   4.6972E+15   1.3881E+16   4.3362E+16   1.6999E+17   4.8580E+17
    8.2067E+01   0.0000E+00   0.0000E+00   0.0000E+00   0.0000E+00   0.0000E+00   0.0000E+00   0.0000E+00   3.4698E+07   1.1413E+08   6.2178E+09   1.3755E+11   1.6548E+12   1.4740E+13   1.3429E+14   4.3041E+14   1.1992E+15   3.8136E+15   1.2897E+16   5.5582E+16   1.7072E+17
    8.5948E+01   0.0000E+00   0.0000E+00   0.0000E+00   0.0000E+00   0.0000E+00   0.0000E+00   0.0000E+00   0.0000E+00   7.7241E+06   1.1439E+09   2.3292E+10   2.9692E+11   2.7762E+12   2.7345E+13   9.3362E+13   2.7809E+14   9.5709E+14   3.5291E+15   1.6865E+16   5.6024E+16
    9.0012E+01   0.0000E+00   0.0000E+00   0.0000E+00   0.0000E+00   0.0000E+00   0.0000E+00   0.0000E+00   0.0000E+00   2.5869E+07   1.5893E+08   3.6525E+09   4.9422E+10   4.7925E+11   5.0059E+12   1.8148E+13   5.8031E+13   2.1742E+14   8.8123E+14   4.7166E+15   1.7069E+16
    9.4269E+01   0.0000E+00   0.0000E+00   0.0000E+00   0.0000E+00   0.0000E+00   0.0000E+00   0.0000E+00   0.0000E+00   0.0000E+00   3.9465E+06   8.2717E+08   7.7563E+09   7.6157E+10   8.2030E+11   3.1314E+12   1.0782E+13   4.4222E+13   1.9886E+14   1.2062E+15   4.7960E+15
    9.8727E+01   0.0000E+00   0.0000E+00   0.0000E+00   0.0000E+00   0.0000E+00   0.0000E+00   0.0000E+00   0.0000E+00   0.0000E+00   9.8656E+05   6.1732E+07   1.2058E+09   1.1285E+10   1.2025E+11   4.7533E+11   1.7631E+12   7.9502E+12   4.0081E+13   2.7938E+14   1.2330E+15
    1.0340E+02   0.0000E+00   0.0000E+00   0.0000E+00   0.0000E+00   0.0000E+00   0.0000E+00   0.0000E+00   0.0000E+00   0.0000E+00   4.5879E+05   0.0000E+00   1.2102E+08   1.6063E+09   1.5889E+10   6.3109E+10   2.5072E+11   1.2440E+12   7.1121E+12   5.7948E+13   2.8731E+14
    1.0829E+02   0.0000E+00   0.0000E+00   0.0000E+00   0.0000E+00   0.0000E+00   0.0000E+00   0.0000E+00   0.0000E+00   0.0000E+00   0.0000E+00   0.0000E+00   3.8708E+03   1.7908E+08   1.9363E+09   7.3534E+09   3.0716E+10   1.6641E+11   1.0910E+12   1.0610E+13   5.9996E+13
    1.1341E+02   0.0000E+00   0.0000E+00   0.0000E+00   0.0000E+00   0.0000E+00   0.0000E+00   0.0000E+00   0.0000E+00   0.0000E+00   0.0000E+00   0.0000E+00   9.7587E+02   0.0000E+00   2.2172E+08   7.7016E+08   3.2547E+09   1.8655E+10   1.4135E+11   1.6842E+12   1.1070E+13
    1.1877E+02   0.0000E+00   0.0000E+00   0.0000E+00   0.0000E+00   0.0000E+00   0.0000E+00   0.0000E+00   0.0000E+00   0.0000E+00   0.0000E+00   0.0000E+00   2.4250E+01   0.0000E+00   1.4744E+07   8.0177E+07   3.1751E+08   1.7251E+09   1.5001E+10   2.2628E+11   1.7724E+12
    1.2439E+02   0.0000E+00   0.0000E+00   0.0000E+00   0.0000E+00   0.0000E+00   0.0000E+00   0.0000E+00   0.0000E+00   0.0000E+00   0.0000E+00   0.0000E+00   4.2780E+00   0.0000E+00   2.8657E+06   3.5806E+06   2.4414E+03   1.3156E+08   1.2532E+09   2.4901E+10   2.4042E+11
    1.3027E+02   0.0000E+00   0.0000E+00   0.0000E+00   0.0000E+00   0.0000E+00   0.0000E+00   0.0000E+00   0.0000E+00   0.0000E+00   0.0000E+00   0.0000E+00   0.0000E+00   0.0000E+00   0.0000E+00   7.6644E+05   1.9910E+02   7.7050E+06   7.8558E+07   2.1392E+09   2.6729E+10
    1.3643E+02   0.0000E+00   0.0000E+00   0.0000E+00   0.0000E+00   0.0000E+00   0.0000E+00   0.0000E+00   0.0000E+00   0.0000E+00   0.0000E+00   0.0000E+00   0.0000E+00   0.0000E+00   0.0000E+00   9.2840E+04   9.0871E+00   6.3434E+05   2.5501E+06   1.3303E+08   2.3179E+09
    1.4288E+02   0.0000E+00   0.0000E+00   0.0000E+00   0.0000E+00   0.0000E+00   0.0000E+00   0.0000E+00   0.0000E+00   0.0000E+00   0.0000E+00   0.0000E+00   0.0000E+00   0.0000E+00   0.0000E+00   8.3763E+03   8.0029E-02   6.2591E+04   9.6212E+05   5.2576E+06   1.4456E+08
    1.4964E+02   0.0000E+00   0.0000E+00   0.0000E+00   0.0000E+00   0.0000E+00   0.0000E+00   0.0000E+00   0.0000E+00   0.0000E+00   0.0000E+00   0.0000E+00   0.0000E+00   0.0000E+00   0.0000E+00   1.0094E+03   6.7112E-02   1.6681E+03   2.8259E+04   1.5656E+05   5.5318E+06
    1.5671E+02   0.0000E+00   0.0000E+00   0.0000E+00   0.0000E+00   0.0000E+00   0.0000E+00   0.0000E+00   0.0000E+00   0.0000E+00   0.0000E+00   0.0000E+00   0.0000E+00   0.0000E+00   0.0000E+00   1.1561E+03   0.0000E+00   6.6927E-03   1.2016E+03   1.4978E+04   8.5052E+04
    1.6412E+02   0.0000E+00   0.0000E+00   0.0000E+00   0.0000E+00   0.0000E+00   0.0000E+00   0.0000E+00   0.0000E+00   0.0000E+00   0.0000E+00   0.0000E+00   0.0000E+00   0.0000E+00   0.0000E+00   1.2414E+01   0.0000E+00   1.3137E-03   1.0854E+02   1.3387E-02   4.4046E+02
    1.7188E+02   0.0000E+00   0.0000E+00   0.0000E+00   0.0000E+00   0.0000E+00   0.0000E+00   0.0000E+00   0.0000E+00   0.0000E+00   0.0000E+00   0.0000E+00   0.0000E+00   0.0000E+00   0.0000E+00   0.0000E+00   0.0000E+00   0.0000E+00   4.0894E+00   4.7728E-04   3.6776E+01
    1.8001E+02   0.0000E+00   0.0000E+00   0.0000E+00   0.0000E+00   0.0000E+00   0.0000E+00   0.0000E+00   0.0000E+00   0.0000E+00   0.0000E+00   0.0000E+00   0.0000E+00   0.0000E+00   0.0000E+00   0.0000E+00   0.0000E+00   0.0000E+00   3.4847E-01   0.0000E+00   0.0000E+00
    1.8853E+02   0.0000E+00   0.0000E+00   0.0000E+00   0.0000E+00   0.0000E+00   0.0000E+00   0.0000E+00   0.0000E+00   0.0000E+00   0.0000E+00   0.0000E+00   0.0000E+00   0.0000E+00   0.0000E+00   0.0000E+00   0.0000E+00   0.0000E+00   0.0000E+00   0.0000E+00   0.0000E+00
    1.9744E+02   0.0000E+00   0.0000E+00   0.0000E+00   0.0000E+00   0.0000E+00   0.0000E+00   0.0000E+00   0.0000E+00   0.0000E+00   0.0000E+00   0.0000E+00   0.0000E+00   0.0000E+00   0.0000E+00   0.0000E+00   0.0000E+00   0.0000E+00   0.0000E+00   0.0000E+00   0.0000E+00
    2.0678E+02   0.0000E+00   0.0000E+00   0.0000E+00   0.0000E+00   0.0000E+00   0.0000E+00   0.0000E+00   0.0000E+00   0.0000E+00   0.0000E+00   0.0000E+00   0.0000E+00   0.0000E+00   0.0000E+00   0.0000E+00   0.0000E+00   0.0000E+00   0.0000E+00   0.0000E+00   0.0000E+00
    2.1656E+02   0.0000E+00   0.0000E+00   0.0000E+00   0.0000E+00   0.0000E+00   0.0000E+00   0.0000E+00   0.0000E+00   0.0000E+00   0.0000E+00   0.0000E+00   0.0000E+00   0.0000E+00   0.0000E+00   0.0000E+00   0.0000E+00   0.0000E+00   0.0000E+00   0.0000E+00   0.0000E+00
    2.2680E+02   0.0000E+00   0.0000E+00   0.0000E+00   0.0000E+00   0.0000E+00   0.0000E+00   0.0000E+00   0.0000E+00   0.0000E+00   0.0000E+00   0.0000E+00   0.0000E+00   0.0000E+00   0.0000E+00   0.0000E+00   0.0000E+00   0.0000E+00   0.0000E+00   0.0000E+00   0.0000E+00
    2.3752E+02   0.0000E+00   0.0000E+00   0.0000E+00   0.0000E+00   0.0000E+00   0.0000E+00   0.0000E+00   0.0000E+00   0.0000E+00   0.0000E+00   0.0000E+00   0.0000E+00   0.0000E+00   0.0000E+00   0.0000E+00   0.0000E+00   0.0000E+00   0.0000E+00   0.0000E+00   0.0000E+00
    2.4876E+02   0.0000E+00   0.0000E+00   0.0000E+00   0.0000E+00   0.0000E+00   0.0000E+00   0.0000E+00   0.0000E+00   0.0000E+00   0.0000E+00   0.0000E+00   0.0000E+00   0.0000E+00   0.0000E+00   0.0000E+00   0.0000E+00   0.0000E+00   0.0000E+00   0.0000E+00   0.0000E+00
    2.6052E+02   0.0000E+00   0.0000E+00   0.0000E+00   0.0000E+00   0.0000E+00   0.0000E+00   0.0000E+00   0.0000E+00   0.0000E+00   0.0000E+00   0.0000E+00   0.0000E+00   0.0000E+00   0.0000E+00   0.0000E+00   0.0000E+00   0.0000E+00   0.0000E+00   0.0000E+00   0.0000E+00
    2.7284E+02   0.0000E+00   0.0000E+00   0.0000E+00   0.0000E+00   0.0000E+00   0.0000E+00   0.0000E+00   0.0000E+00   0.0000E+00   0.0000E+00   0.0000E+00   0.0000E+00   0.0000E+00   0.0000E+00   0.0000E+00   0.0000E+00   0.0000E+00   0.0000E+00   0.0000E+00   0.0000E+00
    2.8574E+02   0.0000E+00   0.0000E+00   0.0000E+00   0.0000E+00   0.0000E+00   0.0000E+00   0.0000E+00   0.0000E+00   0.0000E+00   0.0000E+00   0.0000E+00   0.0000E+00   0.0000E+00   0.0000E+00   0.0000E+00   0.0000E+00   0.0000E+00   0.0000E+00   0.0000E+00   0.0000E+00
    2.9925E+02   0.0000E+00   0.0000E+00   0.0000E+00   0.0000E+00   0.0000E+00   0.0000E+00   0.0000E+00   0.0000E+00   0.0000E+00   0.0000E+00   0.0000E+00   0.0000E+00   0.0000E+00   0.0000E+00   0.0000E+00   0.0000E+00   0.0000E+00   0.0000E+00   0.0000E+00   0.0000E+00
    3.1341E+02   0.0000E+00   0.0000E+00   0.0000E+00   0.0000E+00   0.0000E+00   0.0000E+00   0.0000E+00   0.0000E+00   0.0000E+00   0.0000E+00   0.0000E+00   0.0000E+00   0.0000E+00   0.0000E+00   0.0000E+00   0.0000E+00   0.0000E+00   0.0000E+00   0.0000E+00   0.0000E+00
    3.2823E+02   0.0000E+00   0.0000E+00   0.0000E+00   0.0000E+00   0.0000E+00   0.0000E+00   0.0000E+00   0.0000E+00   0.0000E+00   0.0000E+00   0.0000E+00   0.0000E+00   0.0000E+00   0.0000E+00   0.0000E+00   0.0000E+00   0.0000E+00   0.0000E+00   0.0000E+00   0.0000E+00
    3.4375E+02   0.0000E+00   0.0000E+00   0.0000E+00   0.0000E+00   0.0000E+00   0.0000E+00   0.0000E+00   0.0000E+00   0.0000E+00   0.0000E+00   0.0000E+00   0.0000E+00   0.0000E+00   0.0000E+00   0.0000E+00   0.0000E+00   0.0000E+00   0.0000E+00   0.0000E+00   0.0000E+00
    3.6000E+02   0.0000E+00   0.0000E+00   0.0000E+00   0.0000E+00   0.0000E+00   0.0000E+00   0.0000E+00   0.0000E+00   0.0000E+00   0.0000E+00   0.0000E+00   0.0000E+00   0.0000E+00   0.0000E+00   0.0000E+00   0.0000E+00   0.0000E+00   0.0000E+00   0.0000E+00   0.0000E+00
    3.7703E+02   0.0000E+00   0.0000E+00   0.0000E+00   0.0000E+00   0.0000E+00   0.0000E+00   0.0000E+00   0.0000E+00   0.0000E+00   0.0000E+00   0.0000E+00   0.0000E+00   0.0000E+00   0.0000E+00   0.0000E+00   0.0000E+00   0.0000E+00   0.0000E+00   0.0000E+00   0.0000E+00
    3.9486E+02   0.0000E+00   0.0000E+00   0.0000E+00   0.0000E+00   0.0000E+00   0.0000E+00   0.0000E+00   0.0000E+00   0.0000E+00   0.0000E+00   0.0000E+00   0.0000E+00   0.0000E+00   0.0000E+00   0.0000E+00   0.0000E+00   0.0000E+00   0.0000E+00   0.0000E+00   0.0000E+00
    4.1353E+02   0.0000E+00   0.0000E+00   0.0000E+00   0.0000E+00   0.0000E+00   0.0000E+00   0.0000E+00   0.0000E+00   0.0000E+00   0.0000E+00   0.0000E+00   0.0000E+00   0.0000E+00   0.0000E+00   0.0000E+00   0.0000E+00   0.0000E+00   0.0000E+00   0.0000E+00   0.0000E+00
