    1.2535E-03   5.1904E+16   1.1712E+17   2.2254E+17   3.1988E+17   3.6491E+17   3.9587E+17   4.3257E+17   4.7791E+17   5.1519E+17   5.7216E+17   6.2731E+17   6.7775E+17   7.1885E+17   7.7743E+17   7.9420E+17   8.2691E+17   8.5769E+17   8.8644E+17   9.3728E+17   9.8510E+17
    1.3127E-03   5.5726E+16   1.2583E+17   2.4202E+17   3.4994E+17   3.9970E+17   4.3383E+17   4.7422E+17   5.2410E+17   5.6504E+17   6.2748E+17   6.8778E+17   7.4317E+17   7.8835E+17   8.5249E+17   8.7095E+17   9.0695E+17   9.4076E+17   9.7213E+17   1.0280E+18   1.0804E+18
    1.3748E-03   5.9856E+16   1.3514E+17   2.6311E+17   3.8277E+17   4.3779E+17   4.7542E+17   5.1985E+17   5.7473E+17   6.1969E+17   6.8813E+17   7.5406E+17   8.1491E+17   8.6456E+17   9.3479E+17   9.5511E+17   9.9469E+17   1.0318E+18   1.0661E+18   1.1276E+18   1.1848E+18
    1.4398E-03   6.4319E+16   1.4510E+17   2.8593E+17   4.1863E+17   4.7946E+17   5.2096E+17   5.6985E+17   6.3023E+17   6.7960E+17   7.5463E+17   8.2670E+17   8.9355E+17   9.4814E+17   1.0250E+18   1.0474E+18   1.0909E+18   1.1317E+18   1.1691E+18   1.2368E+18   1.2994E+18
    1.5079E-03   6.9145E+16   1.5576E+17   3.1061E+17   4.5778E+17   5.2506E+17   5.7083E+17   6.2463E+17   6.9107E+17   7.4529E+17   8.2755E+17   9.0632E+17   9.7978E+17   1.0398E+18   1.1239E+18   1.1486E+18   1.1963E+18   1.2412E+18   1.2822E+18   1.3566E+18   1.4251E+18
    1.5792E-03   7.4541E+16   1.6745E+17   3.3745E+17   5.0055E+17   5.7496E+17   6.2543E+17   6.8462E+17   7.5771E+17   8.1723E+17   9.0744E+17   9.9354E+17   1.0742E+18   1.1402E+18   1.2322E+18   1.2595E+18   1.3116E+18   1.3609E+18   1.4059E+18   1.4875E+18   1.5624E+18
    1.6539E-03   8.0190E+16   1.7969E+17   3.6629E+17   5.4718E+17   6.2953E+17   6.8521E+17   7.5036E+17   8.3078E+17   8.9614E+17   9.9510E+17   1.0892E+18   1.1779E+18   1.2505E+18   1.3511E+18   1.3812E+18   1.4383E+18   1.4925E+18   1.5419E+18   1.6315E+18   1.7136E+18
    1.7321E-03   8.6308E+16   1.9282E+17   3.9744E+17   5.9805E+17   6.8921E+17   7.5067E+17   8.2237E+17   9.1085E+17   9.8263E+17   1.0912E+18   1.1941E+18   1.2915E+18   1.3713E+18   1.4814E+18   1.5146E+18   1.5770E+18   1.6367E+18   1.6909E+18   1.7894E+18   1.8791E+18
    1.8140E-03   9.2940E+16   2.0689E+17   4.3107E+17   6.5352E+17   7.5446E+17   8.2231E+17   9.0125E+17   9.9860E+17   1.0774E+18   1.1966E+18   1.3090E+18   1.4160E+18   1.5039E+18   1.6241E+18   1.6609E+18   1.7291E+18   1.7947E+18   1.8544E+18   1.9624E+18   2.0606E+18
    1.8998E-03   1.0013E+17   2.2199E+17   4.6736E+17   7.1400E+17   8.2579E+17   9.0072E+17   9.8764E+17   1.0947E+18   1.1813E+18   1.3121E+18   1.4350E+18   1.5526E+18   1.6492E+18   1.7806E+18   1.8213E+18   1.8957E+18   1.9680E+18   2.0336E+18   2.1522E+18   2.2596E+18
    1.9897E-03   1.0793E+17   2.3819E+17   5.0653E+17   7.7993E+17   9.0374E+17   9.8653E+17   1.0822E+18   1.2001E+18   1.2951E+18   1.4387E+18   1.5732E+18   1.7022E+18   1.8087E+18   1.9522E+18   1.9972E+18   2.0783E+18   2.1579E+18   2.2302E+18   2.3602E+18   2.4777E+18
    2.0838E-03   1.1641E+17   2.5556E+17   5.4875E+17   8.5176E+17   9.8892E+17   1.0804E+18   1.1859E+18   1.3155E+18   1.4198E+18   1.5775E+18   1.7246E+18   1.8663E+18   1.9835E+18   2.1402E+18   2.1899E+18   2.2783E+18   2.3661E+18   2.4457E+18   2.5882E+18   2.7168E+18
    2.1823E-03   1.2561E+17   2.7420E+17   5.9427E+17   9.3001E+17   1.0820E+18   1.1831E+18   1.2993E+18   1.4419E+18   1.5565E+18   1.7297E+18   1.8907E+18   2.0462E+18   2.1752E+18   2.3462E+18   2.4013E+18   2.4976E+18   2.5943E+18   2.6820E+18   2.8382E+18   2.9788E+18
    2.2855E-03   1.3561E+17   2.9419E+17   6.4329E+17   1.0152E+18   1.1836E+18   1.2955E+18   1.4235E+18   1.5805E+18   1.7062E+18   1.8965E+18   2.0728E+18   2.2433E+18   2.3854E+18   2.5721E+18   2.6330E+18   2.7378E+18   2.8446E+18   2.9411E+18   3.1122E+18   3.2660E+18
    2.3936E-03   1.4648E+17   3.1565E+17   6.9607E+17   1.1080E+18   1.2946E+18   1.4184E+18   1.5595E+18   1.7322E+18   1.8702E+18   2.0794E+18   2.2725E+18   2.4595E+18   2.6159E+18   2.8196E+18   2.8870E+18   3.0011E+18   3.1189E+18   3.2251E+18   3.4125E+18   3.5807E+18
    2.5068E-03   1.5830E+17   3.3869E+17   7.5285E+17   1.2089E+18   1.4157E+18   1.5527E+18   1.7084E+18   1.8983E+18   2.0500E+18   2.2799E+18   2.4914E+18   2.6964E+18   2.8686E+18   3.0909E+18   3.1656E+18   3.2896E+18   3.4197E+18   3.5365E+18   3.7417E+18   3.9255E+18
    2.6253E-03   1.7117E+17   3.6343E+17   8.1392E+17   1.3188E+18   1.5480E+18   1.6996E+18   1.8713E+18   2.0803E+18   2.2468E+18   2.4997E+18   2.7314E+18   2.9562E+18   3.1457E+18   3.3883E+18   3.4709E+18   3.6059E+18   3.7494E+18   3.8779E+18   4.1025E+18   4.3034E+18
    2.7495E-03   1.8517E+17   3.9004E+17   8.7957E+17   1.4382E+18   1.6923E+18   1.8602E+18   2.0497E+18   2.2796E+18   2.4625E+18   2.7406E+18   2.9946E+18   3.2409E+18   3.4496E+18   3.7142E+18   3.8057E+18   3.9526E+18   4.1109E+18   4.2522E+18   4.4979E+18   4.7174E+18
    2.8795E-03   2.0041E+17   4.1867E+17   9.5012E+17   1.5681E+18   1.8497E+18   2.0356E+18   2.2448E+18   2.4977E+18   2.6987E+18   3.0048E+18   3.2831E+18   3.5531E+18   3.7828E+18   4.0715E+18   4.1727E+18   4.3326E+18   4.5072E+18   4.6625E+18   4.9311E+18   5.1710E+18
    3.0157E-03   2.1701E+17   4.4950E+17   1.0259E+18   1.7093E+18   2.0214E+18   2.2273E+18   2.4583E+18   2.7366E+18   2.9575E+18   3.2944E+18   3.5995E+18   3.8954E+18   4.1480E+18   4.4631E+18   4.5752E+18   4.7491E+18   4.9417E+18   5.1123E+18   5.4059E+18   5.6680E+18
    3.1583E-03   2.3510E+17   4.8274E+17   1.1073E+18   1.8626E+18   2.2087E+18   2.4367E+18   2.6919E+18   2.9981E+18   3.2409E+18   3.6119E+18   3.9463E+18   4.2706E+18   4.5485E+18   4.8924E+18   5.0164E+18   5.2058E+18   5.4180E+18   5.6054E+18   5.9262E+18   6.2125E+18
    3.3076E-03   2.5481E+17   5.1859E+17   1.1948E+18   2.0292E+18   2.4130E+18   2.6654E+18   2.9475E+18   3.2843E+18   3.5515E+18   3.9602E+18   4.3267E+18   4.6822E+18   4.9878E+18   5.3634E+18   5.5006E+18   5.7071E+18   5.9409E+18   6.1468E+18   6.4974E+18   6.8103E+18
    3.4641E-03   2.7812E+17   5.6303E+17   1.2971E+18   2.2151E+18   2.6387E+18   2.9171E+18   3.2281E+18   3.5981E+18   3.8917E+18   4.3412E+18   4.7429E+18   5.1325E+18   5.4680E+18   5.8787E+18   6.0301E+18   6.2557E+18   6.5124E+18   6.7383E+18   7.1217E+18   7.4634E+18
    3.6279E-03   3.0156E+17   6.0492E+17   1.3983E+18   2.4117E+18   2.8816E+18   3.1899E+18   3.5340E+18   3.9411E+18   4.2642E+18   4.7596E+18   5.1999E+18   5.6270E+18   5.9958E+18   6.4445E+18   6.6120E+18   6.8581E+18   7.1405E+18   7.3886E+18   7.8073E+18   8.1807E+18
    3.7994E-03   3.2713E+17   6.5018E+17   1.5069E+18   2.6250E+18   3.1463E+18   3.4875E+18   3.8684E+18   4.3163E+18   4.6720E+18   5.2181E+18   5.7005E+18   6.1688E+18   6.5741E+18   7.0640E+18   7.2495E+18   7.5178E+18   7.8280E+18   8.1003E+18   8.5570E+18   8.9650E+18
    3.9791E-03   3.5502E+17   6.9908E+17   1.6235E+18   2.8562E+18   3.4346E+18   3.8122E+18   4.2340E+18   4.7268E+18   5.1186E+18   5.7207E+18   6.2492E+18   6.7628E+18   7.2079E+18   7.7432E+18   7.9485E+18   8.2411E+18   8.5815E+18   8.8803E+18   9.3782E+18   9.8239E+18
    4.1673E-03   3.8546E+17   7.5196E+17   1.7485E+18   3.1068E+18   3.7485E+18   4.1664E+18   4.6337E+18   5.1761E+18   5.6076E+18   6.2716E+18   6.8506E+18   7.4138E+18   7.9027E+18   8.4876E+18   8.7148E+18   9.0342E+18   9.4072E+18   9.7350E+18   1.0278E+19   1.0764E+19
    4.3644E-03   4.1868E+17   8.0916E+17   1.8828E+18   3.3783E+18   4.0904E+18   4.5527E+18   5.0706E+18   5.6675E+18   6.1431E+18   6.8753E+18   7.5095E+18   8.1274E+18   8.6642E+18   9.3037E+18   9.5550E+18   9.9037E+18   1.0312E+19   1.0672E+19   1.1263E+19   1.1795E+19
    4.5707E-03   4.5496E+17   8.7106E+17   2.0268E+18   3.6723E+18   4.4625E+18   4.9739E+18   5.5481E+18   6.2052E+18   6.7294E+18   7.5369E+18   8.2317E+18   8.9095E+18   9.4989E+18   1.0198E+19   1.0476E+19   1.0857E+19   1.1304E+19   1.1698E+19   1.2342E+19   1.2923E+19
    4.7869E-03   4.9456E+17   9.3810E+17   2.1814E+18   3.9905E+18   4.8673E+18   5.4330E+18   6.0699E+18   6.7933E+18   7.3714E+18   8.2618E+18   9.0230E+18   9.7669E+18   1.0414E+19   1.1179E+19   1.1486E+19   1.1902E+19   1.2390E+19   1.2823E+19   1.3524E+19   1.4158E+19
    5.0133E-03   5.3783E+17   1.0107E+18   2.3474E+18   4.3348E+18   5.3077E+18   5.9335E+18   6.6399E+18   7.4366E+18   8.0742E+18   9.0559E+18   9.8901E+18   1.0707E+19   1.1416E+19   1.2254E+19   1.2593E+19   1.3048E+19   1.3580E+19   1.4055E+19   1.4818E+19   1.5510E+19
    5.2503E-03   5.8509E+17   1.0894E+18   2.5255E+18   4.7072E+18   5.7864E+18   6.4788E+18   7.2627E+18   8.1401E+18   8.8436E+18   9.9257E+18   1.0840E+19   1.1737E+19   1.2515E+19   1.3432E+19   1.3807E+19   1.4304E+19   1.4884E+19   1.5406E+19   1.6235E+19   1.6991E+19
    5.4986E-03   6.3674E+17   1.1748E+18   2.7168E+18   5.1098E+18   6.3068E+18   7.0729E+18   7.9428E+18   8.9093E+18   9.6858E+18   1.0878E+19   1.1881E+19   1.2865E+19   1.3719E+19   1.4724E+19   1.5137E+19   1.5681E+19   1.6313E+19   1.6885E+19   1.7787E+19   1.8611E+19
    5.7587E-03   6.9320E+17   1.2675E+18   2.9221E+18   5.5449E+18   6.8722E+18   7.7199E+18   8.6855E+18   9.7503E+18   1.0608E+19   1.1922E+19   1.3022E+19   1.4103E+19   1.5039E+19   1.6141E+19   1.6594E+19   1.7191E+19   1.7878E+19   1.8506E+19   1.9487E+19   2.0385E+19
    6.0310E-03   7.5491E+17   1.3681E+18   3.1425E+18   6.0150E+18   7.4863E+18   8.4246E+18   9.4964E+18   1.0670E+19   1.1616E+19   1.3064E+19   1.4272E+19   1.5459E+19   1.6486E+19   1.7693E+19   1.8192E+19   1.8845E+19   1.9593E+19   2.0281E+19   2.1348E+19   2.2327E+19
    6.3162E-03   8.2239E+17   1.4773E+18   3.3793E+18   6.5227E+18   8.1529E+18   9.1917E+18   1.0381E+19   1.1675E+19   1.2720E+19   1.4315E+19   1.5642E+19   1.6945E+19   1.8071E+19   1.9395E+19   1.9943E+19   2.0658E+19   2.1471E+19   2.2227E+19   2.3386E+19   2.4451E+19
    6.6149E-03   8.9618E+17   1.5961E+18   3.6337E+18   7.0709E+18   8.8763E+18   1.0027E+19   1.1347E+19   1.2773E+19   1.3928E+19   1.5684E+19   1.7143E+19   1.8573E+19   1.9807E+19   2.1260E+19   2.1861E+19   2.2644E+19   2.3529E+19   2.4358E+19   2.5617E+19   2.6776E+19
    6.9277E-03   9.7689E+17   1.7252E+18   3.9071E+18   7.6624E+18   9.6609E+18   1.0935E+19   1.2401E+19   1.3973E+19   1.5250E+19   1.7183E+19   1.8787E+19   2.0358E+19   2.1711E+19   2.3305E+19   2.3963E+19   2.4821E+19   2.5783E+19   2.6692E+19   2.8060E+19   2.9319E+19
    7.2553E-03   1.0652E+18   1.8656E+18   4.2011E+18   8.3006E+18   1.0512E+19   1.1924E+19   1.3550E+19   1.5283E+19   1.6695E+19   1.8824E+19   2.0589E+19   2.2313E+19   2.3796E+19   2.5545E+19   2.6265E+19   2.7206E+19   2.8252E+19   2.9249E+19   3.0734E+19   3.2101E+19
    7.5984E-03   1.1618E+18   2.0183E+18   4.5174E+18   8.9887E+18   1.1433E+19   1.2998E+19   1.4803E+19   1.6715E+19   1.8276E+19   2.0619E+19   2.2563E+19   2.4456E+19   2.6082E+19   2.8001E+19   2.8788E+19   2.9818E+19   3.0956E+19   3.2049E+19   3.3661E+19   3.5144E+19
    7.9577E-03   1.2675E+18   2.1845E+18   4.8581E+18   9.7305E+18   1.2432E+19   1.4167E+19   1.6169E+19   1.8278E+19   2.0005E+19   2.2584E+19   2.4726E+19   2.6803E+19   2.8586E+19   3.0691E+19   3.1552E+19   3.2680E+19   3.3918E+19   3.5117E+19   3.6864E+19   3.8471E+19
    8.3341E-03   1.3832E+18   2.3655E+18   5.2250E+18   1.0530E+19   1.3514E+19   1.5437E+19   1.7658E+19   1.9985E+19   2.1895E+19   2.4734E+19   2.7095E+19   2.9375E+19   3.1329E+19   3.3638E+19   3.4579E+19   3.5815E+19   3.7163E+19   3.8476E+19   4.0371E+19   4.2111E+19
    8.7282E-03   1.5098E+18   2.5627E+18   5.6205E+18   1.1391E+19   1.4685E+19   1.6817E+19   1.9280E+19   2.1848E+19   2.3960E+19   2.7087E+19   2.9690E+19   3.2193E+19   3.4335E+19   3.6867E+19   3.7895E+19   3.9249E+19   4.0717E+19   4.2156E+19   4.4208E+19   4.6090E+19
    9.1409E-03   1.6485E+18   2.7774E+18   6.0470E+18   1.2319E+19   1.5952E+19   1.8315E+19   2.1047E+19   2.3881E+19   2.6218E+19   2.9662E+19   3.2533E+19   3.5279E+19   3.7627E+19   4.0404E+19   4.1527E+19   4.3009E+19   4.4610E+19   4.6186E+19   4.8407E+19   5.0441E+19
    9.5732E-03   1.8003E+18   3.0115E+18   6.5071E+18   1.3319E+19   1.7324E+19   1.9942E+19   2.2970E+19   2.6100E+19   2.8685E+19   3.2479E+19   3.5646E+19   3.8659E+19   4.1234E+19   4.4277E+19   4.5505E+19   4.7126E+19   4.8873E+19   5.0599E+19   5.3001E+19   5.5197E+19
    1.0026E-02   1.9665E+18   3.2666E+18   7.0036E+18   1.4395E+19   1.8807E+19   2.1708E+19   2.5063E+19   2.8521E+19   3.1379E+19   3.5561E+19   3.9055E+19   4.2360E+19   4.5185E+19   4.8518E+19   4.9861E+19   5.1635E+19   5.3543E+19   5.5432E+19   5.8027E+19   6.0397E+19
    1.0500E-02   2.1485E+18   3.5449E+18   7.5396E+18   1.5554E+19   2.0410E+19   2.3624E+19   2.7341E+19   3.1162E+19   3.4322E+19   3.8933E+19   4.2788E+19   4.6414E+19   4.9512E+19   5.3162E+19   5.4633E+19   5.6572E+19   5.8656E+19   6.0724E+19   6.3525E+19   6.6079E+19
    1.0997E-02   2.3478E+18   3.8484E+18   8.1185E+18   1.6801E+19   2.2142E+19   2.5702E+19   2.9819E+19   3.4042E+19   3.7536E+19   4.2621E+19   4.6876E+19   5.0853E+19   5.4250E+19   5.8247E+19   5.9858E+19   6.1977E+19   6.4256E+19   6.6519E+19   6.9540E+19   7.2290E+19
    1.1517E-02   2.5662E+18   4.1795E+18   8.7441E+18   1.8144E+19   2.4014E+19   2.7955E+19   3.2512E+19   3.7183E+19   4.1045E+19   4.6655E+19   5.1350E+19   5.5713E+19   5.9440E+19   6.3813E+19   6.5580E+19   6.7894E+19   7.0388E+19   7.2864E+19   7.6118E+19   7.9076E+19
    1.2061E-02   2.8054E+18   4.5409E+18   9.4204E+18   1.9590E+19   2.6035E+19   3.0396E+19   3.5440E+19   4.0607E+19   4.4876E+19   5.1067E+19   5.6248E+19   6.1034E+19   6.5121E+19   6.9906E+19   7.1845E+19   7.4371E+19   7.7101E+19   7.9811E+19   8.3313E+19   8.6491E+19
    1.2632E-02   3.0674E+18   4.9354E+18   1.0152E+19   2.1146E+19   2.8218E+19   3.3041E+19   3.8622E+19   4.4341E+19   4.9057E+19   5.5891E+19   6.1610E+19   6.6859E+19   7.1343E+19   7.6576E+19   7.8706E+19   8.1461E+19   8.4452E+19   8.7417E+19   9.1182E+19   9.4593E+19
    1.3229E-02   3.3545E+18   5.3661E+18   1.0944E+19   2.2821E+19   3.0575E+19   3.5906E+19   4.2079E+19   4.8412E+19   5.3622E+19   6.1170E+19   6.7482E+19   7.3241E+19   7.8160E+19   8.3884E+19   8.6226E+19   8.9229E+19   9.2508E+19   9.5751E+19   9.9794E+19   1.0345E+20
    1.3855E-02   3.6687E+18   5.8600E+18   1.1885E+19   2.4780E+19   3.3275E+19   3.9146E+19   4.5949E+19   5.2933E+19   5.8674E+19   6.6987E+19   7.3936E+19   8.0248E+19   8.5636E+19   9.1890E+19   9.4460E+19   9.7728E+19   1.0132E+20   1.0486E+20   1.0920E+20   1.1310E+20
    1.4510E-02   4.0122E+18   6.3748E+18   1.2821E+19   2.6740E+19   3.6041E+19   4.2523E+19   5.0042E+19   5.7780E+19   6.4119E+19   7.3302E+19   8.0974E+19   8.7897E+19   9.3809E+19   1.0065E+20   1.0347E+20   1.0703E+20   1.1097E+20   1.1484E+20   1.1949E+20   1.2366E+20
    1.5196E-02   4.3884E+18   6.9370E+18   1.3835E+19   2.8849E+19   3.9025E+19   4.6178E+19   5.4481E+19   6.3059E+19   7.0057E+19   8.0200E+19   8.8668E+19   9.6260E+19   1.0275E+20   1.1022E+20   1.1333E+20   1.1720E+20   1.2152E+20   1.2575E+20   1.3074E+20   1.3518E+20
    1.5914E-02   4.8006E+18   7.5512E+18   1.4934E+19   3.1121E+19   4.2244E+19   5.0132E+19   5.9297E+19   6.8808E+19   7.6534E+19   8.7736E+19   9.7084E+19   1.0541E+20   1.1252E+20   1.2069E+20   1.2412E+20   1.2833E+20   1.3307E+20   1.3769E+20   1.4302E+20   1.4775E+20
    1.6667E-02   5.2521E+18   8.2222E+18   1.6126E+19   3.3568E+19   4.5716E+19   5.4409E+19   6.4521E+19   7.5070E+19   8.3597E+19   9.5970E+19   1.0629E+20   1.1542E+20   1.2322E+20   1.3215E+20   1.3593E+20   1.4050E+20   1.4570E+20   1.5075E+20   1.5645E+20   1.6147E+20
    1.7455E-02   5.7466E+18   8.9555E+18   1.7420E+19   3.6203E+19   4.9460E+19   5.9033E+19   7.0185E+19   8.1888E+19   9.1299E+19   1.0496E+20   1.1636E+20   1.2636E+20   1.3493E+20   1.4469E+20   1.4886E+20   1.5382E+20   1.5952E+20   1.6503E+20   1.7113E+20   1.7643E+20
    1.8281E-02   6.2885E+18   9.7570E+18   1.8825E+19   3.9043E+19   5.3498E+19   6.4031E+19   7.6324E+19   8.9310E+19   9.9697E+19   1.1478E+20   1.2737E+20   1.3833E+20   1.4774E+20   1.5841E+20   1.6300E+20   1.6839E+20   1.7463E+20   1.8063E+20   1.8716E+20   1.9275E+20
    1.9145E-02   6.8820E+18   1.0633E+19   2.0350E+19   4.2103E+19   5.7851E+19   6.9432E+19   8.2975E+19   9.7388E+19   1.0885E+20   1.2550E+20   1.3941E+20   1.5142E+20   1.6175E+20   1.7341E+20   1.7847E+20   1.8432E+20   1.9116E+20   1.9769E+20   2.0467E+20   2.1055E+20
    2.0051E-02   7.5323E+18   1.1591E+19   2.2007E+19   4.5401E+19   6.2545E+19   7.5268E+19   9.0180E+19   1.0617E+20   1.1883E+20   1.3721E+20   1.5257E+20   1.6574E+20   1.7707E+20   1.8983E+20   1.9539E+20   2.0175E+20   2.0922E+20   2.1634E+20   2.2380E+20   2.2994E+20
    2.0999E-02   8.2447E+18   1.2638E+19   2.3807E+19   4.8956E+19   6.7606E+19   8.1571E+19   9.7981E+19   1.1573E+20   1.2970E+20   1.4998E+20   1.6696E+20   1.8138E+20   1.9383E+20   2.0779E+20   2.1390E+20   2.2081E+20   2.2898E+20   2.3670E+20   2.4469E+20   2.5108E+20
    2.1992E-02   9.0252E+18   1.3783E+19   2.5764E+19   5.2791E+19   7.3063E+19   8.8379E+19   1.0643E+20   1.2612E+20   1.4155E+20   1.6392E+20   1.8268E+20   1.9848E+20   2.1215E+20   2.2744E+20   2.3415E+20   2.4166E+20   2.5057E+20   2.5895E+20   2.6750E+20   2.7411E+20
    2.3032E-02   9.8802E+18   1.5035E+19   2.7893E+19   5.6929E+19   7.8947E+19   9.5730E+19   1.1557E+20   1.3741E+20   1.5445E+20   1.7913E+20   1.9985E+20   2.1718E+20   2.3219E+20   2.4892E+20   2.5629E+20   2.6445E+20   2.7416E+20   2.8324E+20   2.9239E+20   2.9919E+20
    2.4121E-02   1.0817E+19   1.6405E+19   3.0208E+19   6.1395E+19   8.5291E+19   1.0367E+20   1.2546E+20   1.4968E+20   1.6849E+20   1.9572E+20   2.1862E+20   2.3761E+20   2.5409E+20   2.7242E+20   2.8050E+20   2.8937E+20   2.9994E+20   3.0976E+20   3.1955E+20   3.2650E+20
    2.5262E-02   1.1843E+19   1.7904E+19   3.2728E+19   6.6217E+19   9.2131E+19   1.1224E+20   1.3617E+20   1.6301E+20   1.8378E+20   2.1381E+20   2.3911E+20   2.5994E+20   2.7803E+20   2.9812E+20   3.0697E+20   3.1661E+20   3.2811E+20   3.3871E+20   3.4919E+20   3.5623E+20
    2.6456E-02   1.2967E+19   1.9543E+19   3.5470E+19   7.1426E+19   9.9507E+19   1.2149E+20   1.4775E+20   1.7748E+20   2.0042E+20   2.3355E+20   2.6148E+20   2.8434E+20   3.0419E+20   3.2622E+20   3.3590E+20   3.4639E+20   3.5888E+20   3.7030E+20   3.8151E+20   3.8858E+20
    2.7707E-02   1.4198E+19   2.1336E+19   3.8457E+19   7.7053E+19   1.0746E+20   1.3147E+20   1.6027E+20   1.9319E+20   2.1852E+20   2.5507E+20   2.8590E+20   3.1100E+20   3.3279E+20   3.5694E+20   3.6753E+20   3.7894E+20   3.9249E+20   4.0477E+20   4.1675E+20   4.2377E+20
    2.9018E-02   1.5547E+19   2.3298E+19   4.1709E+19   8.3136E+19   1.1604E+20   1.4224E+20   1.7382E+20   2.1023E+20   2.3821E+20   2.7854E+20   3.1256E+20   3.4014E+20   3.6403E+20   3.9052E+20   4.0208E+20   4.1450E+20   4.2919E+20   4.4237E+20   4.5516E+20   4.6204E+20
    3.0390E-02   1.7024E+19   2.5444E+19   4.5253E+19   8.9712E+19   1.2530E+20   1.5387E+20   1.8846E+20   2.2872E+20   2.5962E+20   3.0412E+20   3.4164E+20   3.7196E+20   3.9816E+20   4.2722E+20   4.3984E+20   4.5336E+20   4.6926E+20   4.8339E+20   4.9701E+20   5.0363E+20
    3.1827E-02   1.8642E+19   2.7793E+19   4.9114E+19   9.6825E+19   1.3529E+20   1.6642E+20   2.0428E+20   2.4876E+20   2.8288E+20   3.3200E+20   3.7338E+20   4.0673E+20   4.3545E+20   4.6732E+20   4.8109E+20   4.9581E+20   5.1300E+20   5.2812E+20   5.4260E+20   5.4883E+20
    3.3332E-02   2.0414E+19   3.0364E+19   5.3323E+19   1.0452E+20   1.4607E+20   1.7997E+20   2.2138E+20   2.7050E+20   3.0816E+20   3.6238E+20   4.0799E+20   4.4470E+20   4.7617E+20   5.1113E+20   5.2615E+20   5.4217E+20   5.6074E+20   5.7690E+20   5.9225E+20   5.9792E+20
    3.4908E-02   2.2354E+19   3.3177E+19   5.7911E+19   1.1285E+20   1.5772E+20   1.9459E+20   2.3987E+20   2.9405E+20   3.3562E+20   3.9549E+20   4.4574E+20   4.8616E+20   5.2064E+20   5.5898E+20   5.7536E+20   5.9278E+20   6.1285E+20   6.3007E+20   6.4629E+20   6.5122E+20
    3.6559E-02   2.4479E+19   3.6255E+19   6.2915E+19   1.2188E+20   1.7029E+20   2.1037E+20   2.5984E+20   3.1958E+20   3.6544E+20   4.3156E+20   4.8690E+20   5.3143E+20   5.6919E+20   6.1124E+20   6.2908E+20   6.4805E+20   6.6969E+20   6.8803E+20   7.0510E+20   7.0906E+20
    3.8288E-02   2.6805E+19   3.9624E+19   6.8372E+19   1.3165E+20   1.8388E+20   2.2742E+20   2.8143E+20   3.4724E+20   3.9782E+20   4.7084E+20   5.3178E+20   5.8085E+20   6.2220E+20   6.6830E+20   6.8772E+20   7.0836E+20   7.3171E+20   7.5119E+20   7.6907E+20   7.7180E+20
    4.0099E-02   2.9351E+19   4.3311E+19   7.4326E+19   1.4224E+20   1.9856E+20   2.4582E+20   3.0476E+20   3.7721E+20   4.3297E+20   5.1362E+20   5.8071E+20   6.3479E+20   6.8004E+20   7.3058E+20   7.5172E+20   7.7418E+20   7.9935E+20   8.2001E+20   8.3863E+20   8.3984E+20
    4.1995E-02   3.2139E+19   4.7346E+19   8.0822E+19   1.5373E+20   2.1442E+20   2.6569E+20   3.2996E+20   4.0965E+20   4.7112E+20   5.6019E+20   6.3404E+20   6.9364E+20   7.4317E+20   7.9856E+20   8.2154E+20   8.4598E+20   8.7310E+20   8.9496E+20   9.1425E+20   9.1358E+20
    4.3981E-02   3.5190E+19   5.1761E+19   8.7911E+19   1.6619E+20   2.3157E+20   2.8715E+20   3.5719E+20   4.4479E+20   5.1252E+20   6.1089E+20   6.9216E+20   7.5785E+20   8.1204E+20   8.7273E+20   8.9770E+20   9.2430E+20   9.5350E+20   9.7659E+20   9.9642E+20   9.9348E+20
    4.6061E-02   3.8529E+19   5.6594E+19   9.5649E+19   1.7970E+20   2.5013E+20   3.1034E+20   3.8662E+20   4.8283E+20   5.5742E+20   6.6605E+20   7.5549E+20   8.2788E+20   8.8717E+20   9.5365E+20   9.8074E+20   1.0097E+21   1.0411E+21   1.0655E+21   1.0857E+21   1.0800E+21
    4.8239E-02   4.2183E+19   6.1882E+19   1.0410E+20   1.9437E+20   2.7020E+20   3.3540E+20   4.1842E+20   5.2401E+20   6.0613E+20   7.2608E+20   8.2449E+20   9.0425E+20   9.6909E+20   1.0419E+21   1.0713E+21   1.1028E+21   1.1366E+21   1.1622E+21   1.1826E+21   1.1737E+21
    5.0520E-02   4.6180E+19   6.7669E+19   1.1332E+20   2.1030E+20   2.9193E+20   3.6248E+20   4.5279E+20   5.6859E+20   6.5896E+20   7.9138E+20   8.9964E+20   9.8751E+20   1.0584E+21   1.1381E+21   1.1699E+21   1.2042E+21   1.2406E+21   1.2674E+21   1.2878E+21   1.2750E+21
    5.2909E-02   5.0553E+19   7.4001E+19   1.2339E+20   2.2759E+20   3.1545E+20   3.9177E+20   4.8993E+20   6.1683E+20   7.1623E+20   8.6239E+20   9.8147E+20   1.0783E+21   1.1558E+21   1.2430E+21   1.2774E+21   1.3148E+21   1.3539E+21   1.3819E+21   1.4019E+21   1.3846E+21
    5.5411E-02   5.5336E+19   8.0931E+19   1.3439E+20   2.4638E+20   3.4093E+20   4.2344E+20   5.3009E+20   6.6905E+20   7.7833E+20   9.3962E+20   1.0706E+21   1.1772E+21   1.2620E+21   1.3573E+21   1.3945E+21   1.4352E+21   1.4773E+21   1.5064E+21   1.5257E+21   1.5030E+21
    5.8032E-02   6.0566E+19   8.8512E+19   1.4640E+20   2.6681E+20   3.6853E+20   4.5769E+20   5.7350E+20   7.2556E+20   8.4564E+20   1.0236E+21   1.1675E+21   1.2849E+21   1.3776E+21   1.4819E+21   1.5220E+21   1.5663E+21   1.6115E+21   1.6417E+21   1.6599E+21   1.6310E+21
    6.0776E-02   6.6284E+19   9.6807E+19   1.5952E+20   2.8901E+20   3.9845E+20   4.9476E+20   6.2044E+20   7.8671E+20   9.1860E+20   1.1148E+21   1.2730E+21   1.4023E+21   1.5036E+21   1.6176E+21   1.6608E+21   1.7090E+21   1.7576E+21   1.7887E+21   1.8053E+21   1.7693E+21
    6.3650E-02   7.2534E+19   1.0588E+20   1.7385E+20   3.1315E+20   4.3088E+20   5.3489E+20   6.7120E+20   8.5288E+20   9.9766E+20   1.2140E+21   1.3878E+21   1.5301E+21   1.6409E+21   1.7653E+21   1.8119E+21   1.8642E+21   1.9164E+21   1.9483E+21   1.9628E+21   1.9185E+21
    6.6660E-02   7.9365E+19   1.1581E+20   1.8951E+20   3.3942E+20   4.6606E+20   5.7833E+20   7.2611E+20   9.2449E+20   1.0833E+21   1.3217E+21   1.5126E+21   1.6693E+21   1.7904E+21   1.9262E+21   1.9763E+21   2.0331E+21   2.0892E+21   2.1216E+21   2.1334E+21   2.0795E+21
    6.9813E-02   8.6829E+19   1.2666E+20   2.0661E+20   3.6799E+20   5.0422E+20   6.2538E+20   7.8551E+20   1.0020E+21   1.1762E+21   1.4388E+21   1.6483E+21   1.8208E+21   1.9531E+21   2.1012E+21   2.1550E+21   2.2167E+21   2.2769E+21   2.3097E+21   2.3179E+21   2.2531E+21
    7.3114E-02   9.4984E+19   1.3854E+20   2.2530E+20   3.9909E+20   5.4564E+20   6.7634E+20   8.4978E+20   1.0859E+21   1.2768E+21   1.5659E+21   1.7958E+21   1.9857E+21   2.1302E+21   2.2917E+21   2.3495E+21   2.4162E+21   2.4809E+21   2.5138E+21   2.5176E+21   2.4403E+21
    7.6571E-02   1.0389E+20   1.5152E+20   2.4572E+20   4.3294E+20   5.9060E+20   7.3158E+20   9.1935E+20   1.1766E+21   1.3857E+21   1.7040E+21   1.9561E+21   2.1651E+21   2.3230E+21   2.4989E+21   2.5609E+21   2.6330E+21   2.7024E+21   2.7350E+21   2.7334E+21   2.6418E+21
    8.0193E-02   1.1361E+20   1.6571E+20   2.6803E+20   4.6980E+20   6.3942E+20   7.9145E+20   9.9466E+20   1.2749E+21   1.5038E+21   1.8539E+21   2.1302E+21   2.3601E+21   2.5328E+21   2.7243E+21   2.7906E+21   2.8685E+21   2.9428E+21   2.9747E+21   2.9667E+21   2.8589E+21
    8.3985E-02   1.2422E+20   1.8123E+20   2.9240E+20   5.0994E+20   6.9245E+20   8.5637E+20   1.0762E+21   1.3812E+21   1.6316E+21   2.0166E+21   2.3194E+21   2.5723E+21   2.7609E+21   2.9693E+21   3.0403E+21   3.1241E+21   3.2037E+21   3.2344E+21   3.2187E+21   3.0924E+21
    8.7956E-02   1.3580E+20   1.9819E+20   3.1904E+20   5.5366E+20   7.5007E+20   9.2679E+20   1.1645E+21   1.4963E+21   1.7702E+21   2.1931E+21   2.5248E+21   2.8029E+21   3.0090E+21   3.2355E+21   3.3114E+21   3.4015E+21   3.4867E+21   3.5156E+21   3.4907E+21   3.3435E+21
    9.2116E-02   1.4843E+20   2.1672E+20   3.4814E+20   6.0129E+20   8.1270E+20   1.0032E+21   1.2602E+21   1.6210E+21   1.9202E+21   2.3847E+21   2.7478E+21   3.0535E+21   3.2788E+21   3.5248E+21   3.6059E+21   3.7025E+21   3.7934E+21   3.8199E+21   3.7843E+21   3.6134E+21
    9.6472E-02   1.6220E+20   2.3697E+20   3.7994E+20   6.5319E+20   8.8078E+20   1.0861E+21   1.3639E+21   1.7560E+21   2.0828E+21   2.5925E+21   2.9899E+21   3.3258E+21   3.5719E+21   3.8391E+21   3.9256E+21   4.0289E+21   4.1258E+21   4.1490E+21   4.1008E+21   3.9033E+21
    1.0103E-01   1.7721E+20   2.5909E+20   4.1467E+20   7.0975E+20   9.5481E+20   1.1761E+21   1.4763E+21   1.9021E+21   2.2589E+21   2.8179E+21   3.2528E+21   3.6216E+21   3.8904E+21   4.1803E+21   4.2725E+21   4.3827E+21   4.4859E+21   4.5048E+21   4.4421E+21   4.2144E+21
    1.0581E-01   1.9357E+20   2.8324E+20   4.5262E+20   7.7139E+20   1.0353E+21   1.2739E+21   1.5982E+21   2.0604E+21   2.4496E+21   3.0624E+21   3.5380E+21   3.9428E+21   4.2363E+21   4.5507E+21   4.6488E+21   4.7660E+21   4.8756E+21   4.8892E+21   4.8097E+21   4.5482E+21
    1.1082E-01   2.1139E+20   3.0962E+20   4.9408E+20   8.3857E+20   1.1229E+21   1.3800E+21   1.7303E+21   2.2319E+21   2.6562E+21   3.3274E+21   3.8475E+21   4.2914E+21   4.6120E+21   4.9527E+21   5.0570E+21   5.1813E+21   5.2973E+21   5.3045E+21   5.2054E+21   4.9060E+21
    1.1606E-01   2.3080E+20   3.3841E+20   5.3936E+20   9.1181E+20   1.2182E+21   1.4953E+21   1.8736E+21   2.4177E+21   2.8801E+21   3.6146E+21   4.1834E+21   4.6698E+21   5.0197E+21   5.3887E+21   5.4994E+21   5.6310E+21   5.7534E+21   5.7527E+21   5.6313E+21   5.2892E+21
    1.2154E-01   2.5191E+20   3.6982E+20   5.8881E+20   9.9166E+20   1.3219E+21   1.6206E+21   2.0291E+21   2.6190E+21   3.1226E+21   3.9260E+21   4.5477E+21   5.0804E+21   5.4622E+21   5.8615E+21   5.9789E+21   6.1177E+21   6.2463E+21   6.2362E+21   6.0892E+21   5.6995E+21
    1.2729E-01   2.7487E+20   4.0409E+20   6.4282E+20   1.0787E+21   1.4347E+21   1.7568E+21   2.1978E+21   2.8371E+21   3.3853E+21   4.2634E+21   4.9429E+21   5.5257E+21   5.9422E+21   6.3740E+21   6.4984E+21   6.6442E+21   6.7789E+21   6.7576E+21   6.5814E+21   6.1385E+21
    1.3331E-01   2.9984E+20   4.4146E+20   7.0179E+20   1.1736E+21   1.5576E+21   1.9049E+21   2.3809E+21   3.0736E+21   3.6699E+21   4.6290E+21   5.3716E+21   6.0086E+21   6.4627E+21   6.9292E+21   7.0608E+21   7.2136E+21   7.3539E+21   7.3195E+21   7.1100E+21   6.6077E+21
    1.3962E-01   3.2697E+20   4.8220E+20   7.6616E+20   1.2771E+21   1.6913E+21   2.0658E+21   2.5797E+21   3.3299E+21   3.9784E+21   5.0252E+21   5.8364E+21   6.5322E+21   7.0269E+21   7.5306E+21   7.6696E+21   7.8292E+21   7.9744E+21   7.9247E+21   7.6775E+21   7.1088E+21
    1.4622E-01   3.5644E+20   5.2660E+20   8.3643E+20   1.3900E+21   1.8369E+21   2.2409E+21   2.7955E+21   3.6078E+21   4.3126E+21   5.4543E+21   6.3404E+21   7.0996E+21   7.6384E+21   8.1817E+21   8.3283E+21   8.4943E+21   8.6437E+21   8.5762E+21   8.2861E+21   7.6437E+21
    1.5313E-01   3.8843E+20   5.7496E+20   9.1311E+20   1.5130E+21   1.9955E+21   2.4312E+21   3.0299E+21   3.9092E+21   4.6748E+21   5.9192E+21   6.8868E+21   7.7144E+21   8.3008E+21   8.8863E+21   9.0406E+21   9.2126E+21   9.3652E+21   9.2770E+21   8.9385E+21   8.2141E+21
    1.6038E-01   4.2312E+20   6.2763E+20   9.9678E+20   1.6472E+21   2.1681E+21   2.6383E+21   3.2845E+21   4.2360E+21   5.0672E+21   6.4228E+21   7.4790E+21   8.3803E+21   9.0181E+21   9.6484E+21   9.8106E+21   9.9879E+21   1.0142E+22   1.0031E+22   9.6374E+21   8.8219E+21
    1.6796E-01   4.6075E+20   6.8495E+20   1.0880E+21   1.7935E+21   2.3562E+21   2.8635E+21   3.5611E+21   4.5905E+21   5.4926E+21   6.9681E+21   8.1208E+21   9.1015E+21   9.7945E+21   1.0472E+22   1.0642E+22   1.0824E+22   1.0979E+22   1.0840E+22   1.0385E+22   9.4689E+21
    1.7590E-01   5.0152E+20   7.4733E+20   1.1876E+21   1.9529E+21   2.5609E+21   3.1085E+21   3.8615E+21   4.9750E+21   5.9535E+21   7.5588E+21   8.8161E+21   9.8821E+21   1.0635E+22   1.1363E+22   1.1541E+22   1.1727E+22   1.1880E+22   1.1710E+22   1.1185E+22   1.0157E+22
    1.8422E-01   5.4566E+20   8.1516E+20   1.2961E+21   2.1268E+21   2.7839E+21   3.3750E+21   4.1879E+21   5.3921E+21   6.4531E+21   8.1983E+21   9.5693E+21   1.0727E+22   1.1543E+22   1.2324E+22   1.2510E+22   1.2699E+22   1.2848E+22   1.2642E+22   1.2041E+22   1.0888E+22
    1.9293E-01   5.9343E+20   8.8889E+20   1.4144E+21   2.3163E+21   3.0268E+21   3.6650E+21   4.5426E+21   5.8446E+21   6.9946E+21   8.8909E+21   1.0385E+22   1.1641E+22   1.2526E+22   1.3363E+22   1.3556E+22   1.3746E+22   1.3889E+22   1.3643E+22   1.2954E+22   1.1665E+22
    2.0206E-01   6.4507E+20   9.6899E+20   1.5433E+21   2.5229E+21   3.2912E+21   3.9805E+21   4.9280E+21   6.3356E+21   7.5815E+21   9.6407E+21   1.1268E+22   1.2629E+22   1.3588E+22   1.4483E+22   1.4684E+22   1.4873E+22   1.5008E+22   1.4715E+22   1.3928E+22   1.2488E+22
    2.1161E-01   7.0086E+20   1.0560E+21   1.6838E+21   2.7480E+21   3.5792E+21   4.3238E+21   5.3468E+21   6.8683E+21   8.2176E+21   1.0452E+22   1.2224E+22   1.3698E+22   1.4735E+22   1.5691E+22   1.5899E+22   1.6086E+22   1.6208E+22   1.5864E+22   1.4966E+22   1.3360E+22
    2.2162E-01   7.6109E+20   1.1504E+21   1.8367E+21   2.9932E+21   3.8928E+21   4.6973E+21   5.8020E+21   7.4463E+21   8.9070E+21   1.1331E+22   1.3259E+22   1.4853E+22   1.5973E+22   1.6993E+22   1.7207E+22   1.7390E+22   1.7496E+22   1.7093E+22   1.6073E+22   1.4282E+22
    2.3210E-01   8.2604E+20   1.2527E+21   2.0031E+21   3.2604E+21   4.2343E+21   5.1036E+21   6.2966E+21   8.0735E+21   9.6542E+21   1.2282E+22   1.4378E+22   1.6101E+22   1.7310E+22   1.8395E+22   1.8615E+22   1.8791E+22   1.8876E+22   1.8407E+22   1.7250E+22   1.5258E+22
    2.4307E-01   8.9606E+20   1.3637E+21   2.1843E+21   3.5515E+21   4.6060E+21   5.5456E+21   6.8341E+21   8.7540E+21   1.0464E+22   1.3311E+22   1.5587E+22   1.7449E+22   1.8751E+22   1.9905E+22   2.0129E+22   2.0296E+22   2.0355E+22   1.9811E+22   1.8501E+22   1.6288E+22
    2.5457E-01   9.7144E+20   1.4839E+21   2.3813E+21   3.8684E+21   5.0105E+21   6.0265E+21   7.4181E+21   9.4923E+21   1.1341E+22   1.4424E+22   1.6895E+22   1.8903E+22   2.0306E+22   2.1529E+22   2.1757E+22   2.1911E+22   2.1939E+22   2.1311E+22   1.9830E+22   1.7374E+22
    2.6661E-01   1.0525E+21   1.6140E+21   2.5955E+21   4.2134E+21   5.4508E+21   6.5494E+21   8.0526E+21   1.0293E+22   1.2292E+22   1.5629E+22   1.8308E+22   2.0473E+22   2.1981E+22   2.3275E+22   2.3506E+22   2.3642E+22   2.3633E+22   2.2911E+22   2.1240E+22   1.8518E+22
    2.7922E-01   1.1396E+21   1.7547E+21   2.8282E+21   4.5889E+21   5.9299E+21   7.1180E+21   8.7420E+21   1.1162E+22   1.3322E+22   1.6931E+22   1.9835E+22   2.2167E+22   2.3785E+22   2.5151E+22   2.5382E+22   2.5497E+22   2.5443E+22   2.4617E+22   2.2735E+22   1.9722E+22
    2.9242E-01   1.2331E+21   1.9068E+21   3.0810E+21   4.9975E+21   6.4510E+21   7.7363E+21   9.4908E+21   1.2105E+22   1.4438E+22   1.8340E+22   2.1482E+22   2.3993E+22   2.5727E+22   2.7166E+22   2.7395E+22   2.7484E+22   2.7378E+22   2.6435E+22   2.4317E+22   2.0987E+22
    3.0625E-01   1.3334E+21   2.0710E+21   3.3555E+21   5.4418E+21   7.0177E+21   8.4083E+21   1.0304E+22   1.3127E+22   1.5647E+22   1.9862E+22   2.3261E+22   2.5960E+22   2.7816E+22   2.9327E+22   2.9552E+22   2.9609E+22   2.9442E+22   2.8369E+22   2.5990E+22   2.2315E+22
    3.2073E-01   1.4408E+21   2.2483E+21   3.6532E+21   5.9249E+21   7.6339E+21   9.1386E+21   1.1187E+22   1.4235E+22   1.6956E+22   2.1507E+22   2.5179E+22   2.8079E+22   3.0062E+22   3.1644E+22   3.1863E+22   3.1881E+22   3.1644E+22   3.0425E+22   2.7757E+22   2.3708E+22
    3.3590E-01   1.5556E+21   2.4393E+21   3.9760E+21   6.4500E+21   8.3035E+21   9.9320E+21   1.2146E+22   1.5436E+22   1.8373E+22   2.3285E+22   2.7247E+22   3.0359E+22   3.2475E+22   3.4127E+22   3.4336E+22   3.4308E+22   3.3990E+22   3.2609E+22   2.9623E+22   2.5167E+22
    3.5178E-01   1.6783E+21   2.6451E+21   4.3257E+21   7.0203E+21   9.0310E+21   1.0794E+22   1.3186E+22   1.6738E+22   1.9906E+22   2.5204E+22   2.9475E+22   3.2813E+22   3.5066E+22   3.6785E+22   3.6980E+22   3.6899E+22   3.6488E+22   3.4927E+22   3.1589E+22   2.6693E+22
    3.6842E-01   1.8092E+21   2.8665E+21   4.7045E+21   7.6396E+21   9.8210E+21   1.1729E+22   1.4314E+22   1.8148E+22   2.1565E+22   2.7276E+22   3.1875E+22   3.5450E+22   3.7845E+22   3.9628E+22   3.9805E+22   3.9662E+22   3.9144E+22   3.7385E+22   3.3659E+22   2.8288E+22
    3.8584E-01   1.9487E+21   3.1046E+21   5.1143E+21   8.3116E+21   1.0678E+22   1.2744E+22   1.5538E+22   1.9675E+22   2.3359E+22   2.9512E+22   3.4459E+22   3.8284E+22   4.0824E+22   4.2666E+22   4.2821E+22   4.2605E+22   4.1967E+22   3.9987E+22   3.5836E+22   2.9954E+22
    4.0409E-01   2.0971E+21   3.3601E+21   5.5573E+21   9.0404E+21   1.1609E+22   1.3845E+22   1.6865E+22   2.1328E+22   2.5298E+22   3.1923E+22   3.7239E+22   4.1327E+22   4.4016E+22   4.5911E+22   4.6037E+22   4.5738E+22   4.4963E+22   4.2741E+22   3.8123E+22   3.1692E+22
    4.2320E-01   2.2547E+21   3.6342E+21   6.0358E+21   9.8303E+21   1.2618E+22   1.5039E+22   1.8302E+22   2.3117E+22   2.7394E+22   3.4522E+22   4.0227E+22   4.4592E+22   4.7431E+22   4.9374E+22   4.9464E+22   4.9069E+22   4.8141E+22   4.5650E+22   4.0523E+22   3.3504E+22
    4.4321E-01   2.4218E+21   3.9277E+21   6.5522E+21   1.0686E+22   1.3711E+22   1.6332E+22   1.9858E+22   2.5052E+22   2.9658E+22   3.7321E+22   4.3438E+22   4.8092E+22   5.1085E+22   5.3064E+22   5.3113E+22   5.2608E+22   5.1507E+22   4.8721E+22   4.3039E+22   3.5392E+22
    4.6417E-01   2.5987E+21   4.2417E+21   7.1090E+21   1.1612E+22   1.4894E+22   1.7732E+22   2.1542E+22   2.7143E+22   3.2100E+22   4.0335E+22   4.6886E+22   5.1841E+22   5.4988E+22   5.6996E+22   5.6993E+22   5.6364E+22   5.5069E+22   5.1959E+22   4.5674E+22   3.7358E+22
    4.8612E-01   2.7856E+21   4.5771E+21   7.7086E+21   1.2613E+22   1.6175E+22   1.9248E+22   2.3364E+22   2.9401E+22   3.4735E+22   4.3577E+22   5.0584E+22   5.5853E+22   5.9155E+22   6.1179E+22   6.1116E+22   6.0345E+22   5.8835E+22   5.5369E+22   4.8431E+22   3.9404E+22
    5.0911E-01   2.9826E+21   4.9348E+21   8.3536E+21   1.3695E+22   1.7561E+22   2.0886E+22   2.5332E+22   3.1839E+22   3.7575E+22   4.7063E+22   5.4549E+22   6.0144E+22   6.3599E+22   6.5627E+22   6.5492E+22   6.4562E+22   6.2812E+22   5.8957E+22   5.1314E+22   4.1532E+22
    5.3318E-01   3.1900E+21   5.3157E+21   9.0467E+21   1.4863E+22   1.9057E+22   2.2657E+22   2.7458E+22   3.4468E+22   4.0634E+22   5.0806E+22   5.8795E+22   6.4728E+22   6.8334E+22   7.0350E+22   7.0132E+22   6.9023E+22   6.7006E+22   6.2726E+22   5.4324E+22   4.3747E+22
    5.5840E-01   3.4076E+21   5.7206E+21   9.7904E+21   1.6123E+22   2.0672E+22   2.4567E+22   2.9751E+22   3.7302E+22   4.3926E+22   5.4823E+22   6.3339E+22   6.9621E+22   7.3375E+22   7.5361E+22   7.5047E+22   7.3737E+22   7.1426E+22   6.6683E+22   5.7467E+22   4.6051E+22
    5.8480E-01   3.6354E+21   6.1503E+21   1.0587E+22   1.7479E+22   2.2414E+22   2.6628E+22   3.2224E+22   4.0353E+22   4.7465E+22   5.9130E+22   6.8196E+22   7.4837E+22   7.8734E+22   8.0673E+22   8.0247E+22   7.8712E+22   7.6077E+22   7.0832E+22   6.0746E+22   4.8448E+22
    6.1246E-01   3.8734E+21   6.6053E+21   1.1440E+22   1.8939E+22   2.4289E+22   2.8848E+22   3.4886E+22   4.3634E+22   5.1265E+22   6.3742E+22   7.3383E+22   8.0391E+22   8.4425E+22   8.6295E+22   8.5744E+22   8.3958E+22   8.0967E+22   7.5178E+22   6.4165E+22   5.0945E+22
    6.4142E-01   4.1211E+21   7.0862E+21   1.2351E+22   2.0507E+22   2.6307E+22   3.1236E+22   3.7749E+22   4.7159E+22   5.5343E+22   6.8676E+22   7.8916E+22   8.6300E+22   9.0464E+22   9.2241E+22   9.1546E+22   8.9483E+22   8.6103E+22   7.9726E+22   6.7730E+22   5.3545E+22
    6.7175E-01   4.3783E+21   7.5933E+21   1.3323E+22   2.2189E+22   2.8475E+22   3.3803E+22   4.0826E+22   5.0941E+22   5.9712E+22   7.3948E+22   8.4811E+22   9.2579E+22   9.6863E+22   9.8520E+22   9.7665E+22   9.5295E+22   9.1491E+22   8.4483E+22   7.1447E+22   5.6256E+22
    7.0352E-01   4.6442E+21   8.1267E+21   1.4357E+22   2.3992E+22   3.0801E+22   3.6557E+22   4.4126E+22   5.4995E+22   6.4388E+22   7.9575E+22   9.1084E+22   9.9241E+22   1.0364E+23   1.0514E+23   1.0411E+23   1.0140E+23   9.7137E+22   8.9454E+22   7.5321E+22   5.9085E+22
    7.3679E-01   4.9182E+21   8.6861E+21   1.5456E+22   2.5920E+22   3.3292E+22   3.9509E+22   4.7662E+22   5.9334E+22   6.9385E+22   8.5572E+22   9.7751E+22   1.0630E+23   1.1079E+23   1.1212E+23   1.1089E+23   1.0781E+23   1.0305E+23   9.4644E+22   7.9361E+22   6.2041E+22
    7.7163E-01   5.1995E+21   9.2713E+21   1.6621E+22   2.7979E+22   3.5957E+22   4.2667E+22   5.1445E+22   6.3970E+22   7.4718E+22   9.1954E+22   1.0483E+23   1.1377E+23   1.1835E+23   1.1947E+23   1.1801E+23   1.1453E+23   1.0923E+23   1.0006E+23   8.3575E+22   6.5134E+22
    8.0812E-01   5.4868E+21   9.8814E+21   1.7853E+22   3.0173E+22   3.8801E+22   4.6040E+22   5.5485E+22   6.8917E+22   8.0400E+22   9.8736E+22   1.1233E+23   1.2167E+23   1.2632E+23   1.2719E+23   1.2549E+23   1.2157E+23   1.1570E+23   1.0572E+23   8.7973E+22   6.8375E+22
    8.4634E-01   5.7790E+21   1.0515E+22   1.9153E+22   3.2506E+22   4.1832E+22   4.9637E+22   5.9792E+22   7.4186E+22   8.6446E+22   1.0593E+23   1.2026E+23   1.3001E+23   1.3472E+23   1.3529E+23   1.3333E+23   1.2894E+23   1.2245E+23   1.1161E+23   9.2567E+22   7.1777E+22
    8.8636E-01   6.0744E+21   1.1171E+22   2.0520E+22   3.4981E+22   4.5055E+22   5.3464E+22   6.4376E+22   7.9788E+22   9.2865E+22   1.1356E+23   1.2865E+23   1.3879E+23   1.4354E+23   1.4379E+23   1.4154E+23   1.3664E+23   1.2951E+23   1.1776E+23   9.7370E+22   7.5355E+22
    9.2828E-01   6.3713E+21   1.1848E+22   2.1955E+22   3.7602E+22   4.8475E+22   5.7527E+22   6.9243E+22   8.5733E+22   9.9670E+22   1.2162E+23   1.3750E+23   1.4804E+23   1.5281E+23   1.5269E+23   1.5013E+23   1.4469E+23   1.3687E+23   1.2418E+23   1.0240E+23   7.9125E+22
    9.7218E-01   6.6676E+21   1.2542E+22   2.3455E+22   4.0370E+22   5.2095E+22   6.1833E+22   7.4402E+22   9.2030E+22   1.0687E+23   1.3013E+23   1.4682E+23   1.5775E+23   1.6254E+23   1.6200E+23   1.5911E+23   1.5309E+23   1.4455E+23   1.3088E+23   1.0767E+23   8.3106E+22
    1.0182E+00   6.9612E+21   1.3251E+22   2.5018E+22   4.3284E+22   5.5918E+22   6.6383E+22   7.9856E+22   9.8684E+22   1.1447E+23   1.3910E+23   1.5662E+23   1.6794E+23   1.7272E+23   1.7173E+23   1.6849E+23   1.6186E+23   1.5256E+23   1.3788E+23   1.1319E+23   8.7320E+22
    1.0663E+00   7.2495E+21   1.3971E+22   2.6641E+22   4.6345E+22   5.9943E+22   7.1181E+22   8.5609E+22   1.0570E+23   1.2248E+23   1.4853E+23   1.6691E+23   1.7861E+23   1.8338E+23   1.8188E+23   1.7828E+23   1.7101E+23   1.6092E+23   1.4519E+23   1.1901E+23   9.1790E+22
    1.1167E+00   7.5298E+21   1.4698E+22   2.8319E+22   4.9549E+22   6.4171E+22   7.6226E+22   9.1663E+22   1.1308E+23   1.3091E+23   1.5844E+23   1.7769E+23   1.8977E+23   1.9451E+23   1.9248E+23   1.8849E+23   1.8055E+23   1.6965E+23   1.5284E+23   1.2513E+23   9.6542E+22
    1.1695E+00   7.7992E+21   1.5428E+22   3.0046E+22   5.2891E+22   6.8596E+22   8.1516E+22   9.8017E+22   1.2083E+23   1.3974E+23   1.6881E+23   1.8897E+23   2.0143E+23   2.0613E+23   2.0353E+23   1.9914E+23   1.9051E+23   1.7876E+23   1.6084E+23   1.3159E+23   1.0160E+23
    1.2248E+00   8.0544E+21   1.6153E+22   3.1815E+22   5.6366E+22   7.3216E+22   8.7046E+22   1.0467E+23   1.2895E+23   1.4899E+23   1.7966E+23   2.0075E+23   2.1359E+23   2.1824E+23   2.1504E+23   2.1024E+23   2.0089E+23   1.8829E+23   1.6924E+23   1.3841E+23   1.0701E+23
    1.2828E+00   8.2922E+21   1.6869E+22   3.3619E+22   5.9964E+22   7.8020E+22   9.2810E+22   1.1161E+23   1.3742E+23   1.5865E+23   1.9098E+23   2.1303E+23   2.2625E+23   2.3086E+23   2.2702E+23   2.2181E+23   2.1173E+23   1.9825E+23   1.7805E+23   1.4564E+23   1.1280E+23
    1.3434E+00   8.5091E+21   1.7569E+22   3.5446E+22   6.3675E+22   8.3001E+22   9.8798E+22   1.1883E+23   1.4624E+23   1.6871E+23   2.0277E+23   2.2581E+23   2.3942E+23   2.4399E+23   2.3950E+23   2.3387E+23   2.2304E+23   2.0868E+23   1.8732E+23   1.5332E+23   1.1900E+23
    1.4070E+00   8.7017E+21   1.8246E+22   3.7285E+22   6.7487E+22   8.8144E+22   1.0500E+23   1.2632E+23   1.5541E+23   1.7917E+23   2.1502E+23   2.3909E+23   2.5310E+23   2.5764E+23   2.5250E+23   2.4645E+23   2.3487E+23   2.1961E+23   1.9708E+23   1.6147E+23   1.2567E+23
    1.4735E+00   8.8665E+21   1.8892E+22   3.9125E+22   7.1384E+22   9.3435E+22   1.1139E+23   1.3407E+23   1.6490E+23   1.9001E+23   2.2772E+23   2.5287E+23   2.6731E+23   2.7183E+23   2.6603E+23   2.5956E+23   2.4723E+23   2.3108E+23   2.0738E+23   1.7017E+23   1.3285E+23
    1.5432E+00   9.0001E+21   1.9499E+22   4.0951E+22   7.5347E+22   9.8856E+22   1.1797E+23   1.4205E+23   1.7471E+23   2.0122E+23   2.4087E+23   2.6714E+23   2.8203E+23   2.8657E+23   2.8012E+23   2.7325E+23   2.6017E+23   2.4314E+23   2.1826E+23   1.7944E+23   1.4059E+23
    1.6162E+00   9.0994E+21   2.0059E+22   4.2748E+22   7.9359E+22   1.0439E+23   1.2471E+23   1.5025E+23   1.8482E+23   2.1278E+23   2.5446E+23   2.8190E+23   2.9729E+23   3.0188E+23   2.9481E+23   2.8755E+23   2.7374E+23   2.5583E+23   2.2978E+23   1.8936E+23   1.4895E+23
    1.6926E+00   9.1615E+21   2.0564E+22   4.4500E+22   8.3397E+22   1.1000E+23   1.3158E+23   1.5866E+23   1.9520E+23   2.2468E+23   2.6848E+23   2.9716E+23   3.1309E+23   3.1779E+23   3.1013E+23   3.0250E+23   2.8797E+23   2.6920E+23   2.4199E+23   1.9998E+23   1.5798E+23
    1.7726E+00   9.1837E+21   2.1005E+22   4.6190E+22   8.7437E+22   1.1568E+23   1.3856E+23   1.6723E+23   2.0583E+23   2.3690E+23   2.8291E+23   3.1292E+23   3.2945E+23   3.3431E+23   3.2611E+23   3.1814E+23   3.0293E+23   2.8332E+23   2.5497E+23   2.1138E+23   1.6776E+23
    1.8564E+00   9.1641E+21   2.1375E+22   4.7801E+22   9.1455E+22   1.2139E+23   1.4562E+23   1.7595E+23   2.1670E+23   2.4942E+23   2.9776E+23   3.2917E+23   3.4639E+23   3.5149E+23   3.4281E+23   3.3453E+23   3.1866E+23   2.9825E+23   2.6877E+23   2.2361E+23   1.7835E+23
    1.9442E+00   9.1011E+21   2.1666E+22   4.9316E+22   9.5425E+22   1.2711E+23   1.5274E+23   1.8479E+23   2.2777E+23   2.6221E+23   3.1300E+23   3.4593E+23   3.6392E+23   3.6935E+23   3.6027E+23   3.5173E+23   3.3524E+23   3.1406E+23   2.8347E+23   2.3676E+23   1.8984E+23
    2.0362E+00   8.9939E+21   2.1873E+22   5.0717E+22   9.9318E+22   1.3280E+23   1.5989E+23   1.9371E+23   2.3902E+23   2.7527E+23   3.2865E+23   3.6320E+23   3.8207E+23   3.8793E+23   3.7854E+23   3.6978E+23   3.5272E+23   3.3082E+23   2.9915E+23   2.5091E+23   2.0229E+23
    2.1325E+00   8.8422E+21   2.1988E+22   5.1987E+22   1.0311E+23   1.3844E+23   1.6703E+23   2.0271E+23   2.5044E+23   2.8858E+23   3.4468E+23   3.8100E+23   4.0087E+23   4.0729E+23   3.9770E+23   3.8877E+23   3.7119E+23   3.4860E+23   3.1589E+23   2.6614E+23   2.1580E+23
    2.2333E+00   8.6468E+21   2.2008E+22   5.3109E+22   1.0677E+23   1.4400E+23   1.7414E+23   2.1173E+23   2.6199E+23   3.0210E+23   3.6110E+23   3.9934E+23   4.2034E+23   4.2746E+23   4.1779E+23   4.0875E+23   3.9072E+23   3.6750E+23   3.3378E+23   2.8255E+23   2.3045E+23
    2.3389E+00   8.4089E+21   2.1929E+22   5.4068E+22   1.1027E+23   1.4944E+23   1.8117E+23   2.2076E+23   2.7365E+23   3.1584E+23   3.7792E+23   4.1824E+23   4.4053E+23   4.4849E+23   4.3888E+23   4.2981E+23   4.1139E+23   3.8760E+23   3.5290E+23   3.0023E+23   2.4634E+23
    2.4495E+00   8.1308E+21   2.1750E+22   5.4851E+22   1.1358E+23   1.5474E+23   1.8812E+23   2.2976E+23   2.8540E+23   3.2978E+23   3.9512E+23   4.3771E+23   4.6148E+23   4.7045E+23   4.6105E+23   4.5201E+23   4.3328E+23   4.0899E+23   3.7336E+23   3.1928E+23   2.6356E+23
    2.5654E+00   7.8154E+21   2.1469E+22   5.5445E+22   1.1668E+23   1.5986E+23   1.9493E+23   2.3871E+23   2.9722E+23   3.4389E+23   4.1272E+23   4.5778E+23   4.8321E+23   4.9338E+23   4.8436E+23   4.7544E+23   4.5648E+23   4.3176E+23   3.9525E+23   3.3979E+23   2.8223E+23
    2.6867E+00   7.4664E+21   2.1088E+22   5.5840E+22   1.1955E+23   1.6478E+23   2.0159E+23   2.4759E+23   3.0908E+23   3.5818E+23   4.3072E+23   4.7846E+23   5.0576E+23   5.1735E+23   5.0889E+23   5.0018E+23   4.8107E+23   4.5599E+23   4.1867E+23   3.6188E+23   3.0243E+23
    2.8137E+00   7.0880E+21   2.0610E+22   5.6027E+22   1.2215E+23   1.6946E+23   2.0806E+23   2.5635E+23   3.2096E+23   3.7261E+23   4.4911E+23   4.9978E+23   5.2918E+23   5.4239E+23   5.3469E+23   5.2629E+23   5.0714E+23   4.8179E+23   4.4371E+23   3.8563E+23   3.2428E+23
    2.9468E+00   6.6849E+21   2.0038E+22   5.5999E+22   1.2447E+23   1.7388E+23   2.1431E+23   2.6496E+23   3.3284E+23   3.8717E+23   4.6789E+23   5.2175E+23   5.5349E+23   5.6857E+23   5.6184E+23   5.5385E+23   5.3476E+23   5.0923E+23   4.7046E+23   4.1115E+23   3.4787E+23
    3.0862E+00   6.2624E+21   1.9378E+22   5.5752E+22   1.2648E+23   1.7800E+23   2.2030E+23   2.7340E+23   3.4468E+23   4.0183E+23   4.8706E+23   5.4438E+23   5.7872E+23   5.9592E+23   5.9040E+23   5.8294E+23   5.6401E+23   5.3840E+23   4.9902E+23   4.3855E+23   3.7332E+23
    3.2321E+00   5.8257E+21   1.8636E+22   5.5282E+22   1.2816E+23   1.8180E+23   2.2600E+23   2.8162E+23   3.5644E+23   4.1657E+23   5.0660E+23   5.6766E+23   6.0487E+23   6.2447E+23   6.2041E+23   6.1360E+23   5.9496E+23   5.6938E+23   5.2947E+23   4.6791E+23   4.0071E+23
    3.3849E+00   5.3803E+21   1.7821E+22   5.4589E+22   1.2948E+23   1.8523E+23   2.3136E+23   2.8958E+23   3.6809E+23   4.3133E+23   5.2646E+23   5.9158E+23   6.3196E+23   6.5425E+23   6.5190E+23   6.4588E+23   6.2766E+23   6.0223E+23   5.6188E+23   4.9931E+23   4.3015E+23
    3.5450E+00   4.9317E+21   1.6940E+22   5.3671E+22   1.3042E+23   1.8825E+23   2.3634E+23   2.9721E+23   3.7954E+23   4.4606E+23   5.4662E+23   6.1611E+23   6.5997E+23   6.8526E+23   6.8490E+23   6.7981E+23   6.6215E+23   6.3699E+23   5.9632E+23   5.3284E+23   4.6173E+23
    3.7127E+00   4.4852E+21   1.6003E+22   5.2530E+22   1.3095E+23   1.9082E+23   2.4087E+23   3.0445E+23   3.9074E+23   4.6069E+23   5.6700E+23   6.4119E+23   6.8886E+23   7.1747E+23   7.1941E+23   7.1542E+23   6.9845E+23   6.7370E+23   6.3282E+23   5.6855E+23   4.9550E+23
    3.8882E+00   4.0455E+21   1.5019E+22   5.1168E+22   1.3104E+23   1.9288E+23   2.4489E+23   3.1122E+23   4.0159E+23   4.7513E+23   5.8752E+23   6.6676E+23   7.1857E+23   7.5085E+23   7.5540E+23   7.5267E+23   7.3657E+23   7.1238E+23   6.7143E+23   6.0648E+23   5.3154E+23
    4.0721E+00   3.6174E+21   1.3999E+22   4.9588E+22   1.3065E+23   1.9438E+23   2.4832E+23   3.1742E+23   4.1199E+23   4.8925E+23   6.0806E+23   6.9270E+23   7.4900E+23   7.8532E+23   7.9282E+23   7.9153E+23   7.7647E+23   7.5300E+23   7.1213E+23   6.4667E+23   5.6990E+23
    4.2647E+00   3.2050E+21   1.2953E+22   4.7797E+22   1.2976E+23   1.9525E+23   2.5108E+23   3.2295E+23   4.2180E+23   5.0293E+23   6.2849E+23   7.1889E+23   7.8005E+23   8.2078E+23   8.3159E+23   8.3194E+23   8.1808E+23   7.9552E+23   7.5490E+23   6.8911E+23   6.1058E+23
    4.4664E+00   2.8118E+21   1.1891E+22   4.5801E+22   1.2832E+23   1.9543E+23   2.5307E+23   3.2769E+23   4.3088E+23   5.1600E+23   6.4862E+23   7.4515E+23   8.1155E+23   8.5708E+23   8.7158E+23   8.7377E+23   8.6133E+23   8.3986E+23   7.9969E+23   7.3377E+23   6.5359E+23
    4.6776E+00   2.4411E+21   1.0825E+22   4.3611E+22   1.2632E+23   1.9484E+23   2.5420E+23   3.3151E+23   4.3906E+23   5.2828E+23   6.6826E+23   7.7127E+23   8.4329E+23   8.9403E+23   9.1262E+23   9.1689E+23   9.0606E+23   8.8591E+23   8.4640E+23   7.8058E+23   6.9889E+23
    4.8988E+00   2.0954E+21   9.7644E+21   4.1240E+22   1.2371E+23   1.9342E+23   2.5436E+23   3.3426E+23   4.4616E+23   5.3954E+23   6.8717E+23   7.9702E+23   8.7505E+23   9.3141E+23   9.5451E+23   9.6108E+23   9.5210E+23   9.3349E+23   8.9489E+23   8.2943E+23   7.4641E+23
    5.1304E+00   1.7768E+21   8.7214E+21   3.8706E+22   1.2049E+23   1.9111E+23   2.5346E+23   3.3580E+23   4.5198E+23   5.4955E+23   7.0506E+23   8.2210E+23   9.0652E+23   9.6893E+23   9.9698E+23   1.0061E+24   9.9921E+23   9.8240E+23   9.4496E+23   8.8017E+23   7.9604E+23
    5.3730E+00   1.4870E+21   7.7070E+21   3.6032E+22   1.1664E+23   1.8784E+23   2.5139E+23   3.3597E+23   4.5629E+23   5.5807E+23   7.2164E+23   8.4617E+23   9.3737E+23   1.0063E+24   1.0397E+24   1.0517E+24   1.0471E+24   1.0324E+24   9.9639E+23   9.3261E+23   8.4761E+23
    5.6271E+00   1.2268E+21   6.7322E+21   3.3247E+22   1.1217E+23   1.8358E+23   2.4806E+23   3.3465E+23   4.5890E+23   5.6482E+23   7.3657E+23   8.6888E+23   9.6721E+23   1.0430E+24   1.0823E+24   1.0974E+24   1.0954E+24   1.0830E+24   1.0489E+24   9.8648E+23   9.0093E+23
    5.8932E+00   9.9662E+20   5.8076E+21   3.0383E+22   1.0708E+23   1.7830E+23   2.4342E+23   3.3169E+23   4.5958E+23   5.6953E+23   7.4949E+23   8.8981E+23   9.9562E+23   1.0787E+24   1.1244E+24   1.1428E+24   1.1438E+24   1.1340E+24   1.1020E+24   1.0415E+24   9.5573E+23
    6.1719E+00   7.9628E+20   4.9426E+21   2.7478E+22   1.0142E+23   1.7201E+23   2.3741E+23   3.2698E+23   4.5814E+23   5.7191E+23   7.6002E+23   9.0852E+23   1.0221E+24   1.1129E+24   1.1655E+24   1.1876E+24   1.1916E+24   1.1849E+24   1.1555E+24   1.0972E+24   1.0117E+24
    6.4638E+00   6.2490E+20   4.1457E+21   2.4572E+22   9.5249E+22   1.6471E+23   2.3001E+23   3.2045E+23   4.5438E+23   5.7172E+23   7.6779E+23   9.2456E+23   1.0462E+24   1.1451E+24   1.2050E+24   1.2310E+24   1.2385E+24   1.2352E+24   1.2087E+24   1.1532E+24   1.0684E+24
    6.7695E+00   4.8103E+20   3.4232E+21   2.1710E+22   8.8628E+22   1.5646E+23   2.2124E+23   3.1204E+23   4.4817E+23   5.6870E+23   7.7241E+23   9.3745E+23   1.0673E+24   1.1746E+24   1.2423E+24   1.2725E+24   1.2838E+24   1.2842E+24   1.2611E+24   1.2090E+24   1.1254E+24
    7.0896E+00   3.6271E+20   2.7796E+21   1.8933E+22   8.1652E+22   1.4736E+23   2.1116E+23   3.0174E+23   4.3938E+23   5.6266E+23   7.7352E+23   9.4672E+23   1.0850E+24   1.2008E+24   1.2768E+24   1.3115E+24   1.3269E+24   1.3314E+24   1.3122E+24   1.2640E+24   1.1822E+24
    7.4249E+00   2.6751E+20   2.2170E+21   1.6284E+22   7.4429E+22   1.3750E+23   1.9984E+23   2.8960E+23   4.2796E+23   5.5342E+23   7.7078E+23   9.5188E+23   1.0985E+24   1.2232E+24   1.3078E+24   1.3472E+24   1.3670E+24   1.3759E+24   1.3612E+24   1.3176E+24   1.2381E+24
    7.7760E+00   1.9269E+20   1.7348E+21   1.3800E+22   6.7076E+22   1.2703E+23   1.8744E+23   2.7571E+23   4.1391E+23   5.4089E+23   7.6392E+23   9.5252E+23   1.1074E+24   1.2410E+24   1.3346E+24   1.3790E+24   1.4034E+24   1.4172E+24   1.4073E+24   1.3690E+24   1.2926E+24
    8.1437E+00   1.3536E+20   1.3302E+21   1.1512E+22   5.9720E+22   1.1612E+23   1.7411E+23   2.6023E+23   3.9729E+23   5.2503E+23   7.5270E+23   9.4823E+23   1.1112E+24   1.2536E+24   1.3565E+24   1.4061E+24   1.4354E+24   1.4544E+24   1.4498E+24   1.4175E+24   1.3450E+24
    8.5288E+00   9.2579E+19   9.9822E+20   9.4446E+21   5.2488E+22   1.0495E+23   1.6007E+23   2.4334E+23   3.7825E+23   5.0590E+23   7.3698E+23   9.3870E+23   1.1093E+24   1.2605E+24   1.3727E+24   1.4276E+24   1.4621E+24   1.4866E+24   1.4880E+24   1.4622E+24   1.3943E+24
    8.9322E+00   6.1553E+19   7.3220E+20   7.6123E+21   4.5503E+22   9.3723E+22   1.4556E+23   2.2530E+23   3.5699E+23   4.8363E+23   7.1671E+23   9.2368E+23   1.1014E+24   1.2609E+24   1.3827E+24   1.4430E+24   1.4827E+24   1.5132E+24   1.5208E+24   1.5024E+24   1.4399E+24
    9.3546E+00   3.9717E+19   5.2427E+20   6.0216E+21   3.8877E+22   8.2630E+22   1.3082E+23   2.0641E+23   3.3380E+23   4.5845E+23   6.9194E+23   9.0303E+23   1.0871E+24   1.2546E+24   1.3858E+24   1.4514E+24   1.4966E+24   1.5332E+24   1.5476E+24   1.5371E+24   1.4808E+24
    9.7969E+00   2.4827E+19   3.6595E+20   4.6701E+21   3.2709E+22   7.1869E+22   1.1613E+23   1.8699E+23   3.0904E+23   4.3068E+23   6.6285E+23   8.7675E+23   1.0663E+24   1.2411E+24   1.3814E+24   1.4523E+24   1.5030E+24   1.5459E+24   1.5674E+24   1.5656E+24   1.5162E+24
    1.0260E+01   1.5008E+19   2.4866E+20   3.5471E+21   2.7076E+22   6.1619E+22   1.0174E+23   1.6740E+23   2.8311E+23   4.0072E+23   6.2972E+23   8.4494E+23   1.0389E+24   1.2200E+24   1.3691E+24   1.4452E+24   1.5013E+24   1.5507E+24   1.5796E+24   1.5869E+24   1.5453E+24
    1.0745E+01   8.7570E+18   1.6424E+20   2.6356E+21   2.2032E+22   5.2036E+22   8.7897E+22   1.4797E+23   2.5647E+23   3.6906E+23   5.9298E+23   8.0787E+23   1.0049E+24   1.1914E+24   1.3486E+24   1.4295E+24   1.4911E+24   1.5469E+24   1.5834E+24   1.6003E+24   1.5671E+24
    1.1254E+01   4.9220E+18   1.0528E+20   1.9135E+21   1.7606E+22   4.3246E+22   7.4833E+22   1.2907E+23   2.2959E+23   3.3623E+23   5.5314E+23   7.6594E+23   9.6457E+23   1.1552E+24   1.3197E+24   1.4051E+24   1.4718E+24   1.5340E+24   1.5783E+24   1.6052E+24   1.5811E+24
    1.1786E+01   2.6594E+18   6.5400E+19   1.3558E+21   1.3803E+22   3.5339E+22   6.2730E+22   1.1100E+23   2.0296E+23   3.0282E+23   5.1084E+23   7.1972E+23   9.1835E+23   1.1117E+24   1.2824E+24   1.3719E+24   1.4434E+24   1.5118E+24   1.5638E+24   1.6008E+24   1.5863E+24
    1.2343E+01   1.3782E+18   3.9300E+19   9.3631E+20   1.0607E+22   2.8369E+22   5.1731E+22   9.4052E+22   1.7705E+23   2.6943E+23   4.6679E+23   6.6988E+23   8.6680E+23   1.0614E+24   1.2371E+24   1.3299E+24   1.4058E+24   1.4801E+24   1.5396E+24   1.5868E+24   1.5823E+24
    1.2927E+01   6.8344E+17   2.2805E+19   6.2942E+20   7.9807E+21   2.2351E+22   4.1932E+22   7.8447E+22   1.5229E+23   2.3665E+23   4.2178E+23   6.1724E+23   8.1066E+23   1.0047E+24   1.1839E+24   1.2794E+24   1.3592E+24   1.4388E+24   1.5055E+24   1.5628E+24   1.5687E+24
    1.3538E+01   3.2348E+17   1.2755E+19   4.1129E+20   5.8729E+21   1.7267E+22   3.3378E+22   6.4356E+22   1.2907E+23   2.0506E+23   3.7660E+23   5.6270E+23   7.5081E+23   9.4250E+23   1.1237E+24   1.2210E+24   1.3040E+24   1.3884E+24   1.4618E+24   1.5288E+24   1.5450E+24
    1.4178E+01   1.4575E+17   6.8630E+18   2.6086E+20   4.2222E+21   1.3065E+22   2.6067E+22   5.1884E+22   1.0769E+23   1.7515E+23   3.3206E+23   5.0722E+23   6.8824E+23   8.7578E+23   1.0572E+24   1.1554E+24   1.2408E+24   1.3293E+24   1.4086E+24   1.4849E+24   1.5114E+24
    1.4849E+01   6.2327E+16   3.5446E+18   1.6035E+20   2.9620E+21   9.6734E+21   1.9952E+22   4.1068E+22   8.8388E+22   1.4736E+23   2.8893E+23   4.5178E+23   6.2406E+23   8.0562E+23   9.8542E+23   1.0835E+24   1.1705E+24   1.2621E+24   1.3466E+24   1.4313E+24   1.4678E+24
    1.5551E+01   2.5221E+16   1.7535E+18   9.5369E+19   2.0251E+21   7.0002E+21   1.4953E+22   3.1885E+22   7.1299E+22   1.2201E+23   2.4791E+23   3.9737E+23   5.5938E+23   7.3323E+23   9.0952E+23   1.0065E+24   1.0941E+24   1.1878E+24   1.2766E+24   1.3688E+24   1.4146E+24
    1.6286E+01   9.6246E+15   8.2888E+17   5.4791E+19   1.3476E+21   4.9454E+21   1.0961E+22   2.4258E+22   5.6474E+22   9.9346E+22   2.0959E+23   3.4489E+23   4.9536E+23   6.5989E+23   8.3079E+23   9.2569E+23   1.0129E+24   1.1077E+24   1.1996E+24   1.2980E+24   1.3525E+24
    1.7057E+01   3.4515E+15   3.7344E+17   3.0352E+19   8.7171E+20   3.4068E+21   7.8496E+21   1.8067E+22   4.3883E+22   7.9474E+22   1.7447E+23   2.9518E+23   4.3308E+23   5.8688E+23   7.5062E+23   8.4239E+23   9.2816E+23   1.0229E+24   1.1167E+24   1.2201E+24   1.2822E+24
    1.7863E+01   1.1587E+15   1.5993E+17   1.6182E+19   5.4731E+20   2.2856E+21   5.4857E+21   1.3157E+22   3.3419E+22   6.2406E+22   1.4287E+23   2.4893E+23   3.7355E+23   5.1547E+23   6.7040E+23   7.5808E+23   8.4145E+23   9.3495E+23   1.0293E+24   1.1362E+24   1.2049E+24
    1.8708E+01   3.6265E+14   6.4924E+16   8.2867E+18   3.3305E+20   1.4913E+21   3.7365E+21   9.3590E+21   2.4916E+22   4.8056E+22   1.1500E+23   2.0669E+23   3.1766E+23   4.4682E+23   5.9151E+23   6.7424E+23   7.5427E+23   8.4537E+23   9.3904E+23   1.0477E+24   1.1217E+24
    1.9593E+01   1.0537E+14   2.4906E+16   4.0675E+18   1.9612E+20   9.4510E+20   2.4775E+21   6.4950E+21   1.8169E+22   3.6253E+22   9.0900E+22   1.6883E+23   2.6611E+23   3.8198E+23   5.1527E+23   5.9231E+23   6.6811E+23   7.5571E+23   8.4739E+23   9.5627E+23   1.0340E+24
    2.0519E+01   2.8295E+13   8.9996E+15   1.9095E+18   1.1158E+20   5.8091E+20   1.5969E+21   4.3922E+21   1.2942E+22   2.6765E+22   7.0495E+22   1.3555E+23   2.1944E+23   3.2182E+23   4.4284E+23   5.1360E+23   5.8442E+23   6.6750E+23   7.5596E+23   8.6338E+23   9.4334E+23
    2.1490E+01   6.9903E+12   3.0529E+15   8.5532E+17   6.1225E+19   3.4578E+20   9.9929E+20   2.8905E+21   8.9961E+21   1.9318E+22   5.3586E+22   1.0688E+23   1.7798E+23   2.6699E+23   3.7524E+23   4.3930E+23   5.0452E+23   5.8221E+23   6.6630E+23   7.7068E+23   8.5137E+23
    2.2506E+01   1.5818E+12   9.6882E+14   3.6469E+17   3.2345E+19   1.9901E+20   6.0618E+20   1.8488E+21   6.0942E+21   1.3615E+22   3.9884E+22   8.2681E+22   1.4185E+23   2.1796E+23   3.1325E+23   3.7037E+23   4.2955E+23   5.0113E+23   5.7988E+23   6.7975E+23   7.5964E+23
    2.3570E+01   3.2651E+11   2.8657E+14   1.4764E+17   1.6421E+19   1.1057E+20   3.5592E+20   1.1476E+21   4.0185E+21   9.3586E+21   2.9036E+22   6.2693E+22   1.1101E+23   1.7493E+23   2.5743E+23   3.0756E+23   3.6042E+23   4.2536E+23   4.9798E+23   5.9204E+23   6.6973E+23
    2.4685E+01   6.1268E+10   7.8721E+13   5.6597E+16   7.9960E+18   5.9203E+19   2.0197E+20   6.9043E+20   2.5757E+21   6.2664E+21   2.0652E+22   4.6546E+22   8.5207E+22   1.3791E+23   2.0809E+23   2.5136E+23   2.9782E+23   3.5581E+23   4.2170E+23   5.0888E+23   5.8308E+23
    2.5852E+01   1.0425E+10   2.0011E+13   2.0489E+16   3.7270E+18   3.0494E+19   1.1058E+20   4.0194E+20   1.6026E+21   4.0820E+21   1.4335E+22   3.3801E+22   6.4090E+22   1.0670E+23   1.6532E+23   2.0203E+23   2.4216E+23   2.9308E+23   3.5188E+23   4.3137E+23   5.0098E+23
    2.7075E+01   1.6059E+09   4.6910E+12   6.9855E+15   1.6594E+18   1.5083E+19   5.8318E+19   2.2608E+20   9.6661E+20   2.5833E+21   9.6976E+21   2.3982E+22   4.7188E+22   8.0935E+22   1.2897E+23   1.5954E+23   1.9360E+23   2.3753E+23   2.8912E+23   3.6038E+23   4.2450E+23
    2.8355E+01   2.2379E+08   1.0111E+12   2.2365E+15   7.0419E+17   7.1497E+18   2.9572E+19   1.2266E+20   5.6426E+20   1.5861E+21   6.3860E+21   1.6603E+22   3.3973E+22   6.0130E+22   9.8696E+22   1.2368E+23   1.5204E+23   1.8927E+23   2.3372E+23   2.9649E+23   3.5450E+23
    2.9696E+01   2.8197E+07   1.9987E+11   6.7057E+14   2.8423E+17   3.2420E+18   1.4393E+19   6.4087E+19   3.1832E+20   9.4337E+20   4.0878E+21   1.1203E+22   2.3889E+22   4.3707E+22   7.4025E+22   9.4030E+22   1.1719E+23   1.4814E+23   1.8574E+23   2.4003E+23   2.9155E+23
    3.1100E+01   3.2176E+06   3.6163E+10   1.8778E+14   1.0887E+17   1.4034E+18   6.7107E+18   3.2187E+19   1.7325E+20   5.4269E+20   2.5400E+21   7.3578E+21   1.6386E+22   3.1048E+22   5.4357E+22   7.0043E+22   8.8574E+22   1.1380E+23   1.4499E+23   1.9107E+23   2.3596E+23
    3.2571E+01   3.3450E+05   5.9801E+09   4.8991E+13   3.9482E+16   5.7877E+17   2.9918E+18   1.5512E+19   9.0821E+19   3.0148E+20   1.5297E+21   4.6968E+21   1.0950E+22   2.1529E+22   3.9035E+22   5.1065E+22   6.5574E+22   8.5710E+22   1.1106E+23   1.4943E+23   1.8778E+23
    3.4111E+01   3.0035E+04   9.0270E+08   1.1881E+13   1.3528E+16   2.2694E+17   1.2729E+18   7.1604E+18   4.5778E+19   1.6145E+20   8.9153E+20   2.9098E+21   7.1193E+21   1.4553E+22   2.7382E+22   3.6396E+22   4.7504E+22   6.3229E+22   8.3407E+22   1.1470E+23   1.4681E+23
    3.5724E+01   1.7111E+03   1.2435E+08   2.6727E+12   4.3697E+15   8.4429E+16   5.1582E+17   3.1598E+18   2.2146E+19   8.3212E+19   5.0198E+20   1.7469E+21   4.4967E+21   9.5778E+21   1.8741E+22   2.5332E+22   3.3636E+22   4.5640E+22   6.1348E+22   8.6338E+22   1.1267E+23
    3.7414E+01   1.6429E+02   1.5642E+07   5.5681E+11   1.3280E+15   2.9744E+16   1.9870E+17   1.3306E+18   1.0263E+19   4.1199E+19   2.7260E+20   1.0146E+21   2.7551E+21   6.1282E+21   1.2497E+22   1.7195E+22   2.3250E+22   3.2197E+22   4.4147E+22   6.3665E+22   8.4796E+22
    3.9183E+01   1.5918E+01   1.7788E+06   1.0725E+11   3.7897E+14   9.9036E+15   7.2623E+16   5.3361E+17   4.5484E+18   1.9558E+19   1.4251E+20   5.6913E+20   1.6347E+21   3.8063E+21   8.1094E+21   1.1369E+22   1.5670E+22   2.2173E+22   3.1046E+22   4.5943E+22   6.2522E+22
    4.1036E+01   2.1349E+00   2.3299E+05   1.9074E+10   1.0138E+14   3.1109E+15   2.5137E+16   2.0343E+17   1.9238E+18   8.8859E+18   7.1586E+19   3.0775E+20   9.3775E+20   2.2914E+21   5.1127E+21   7.3106E+21   1.0284E+22   1.4887E+22   2.1311E+22   3.2409E+22   4.5116E+22
    4.2976E+01   0.0000E+00   1.3847E+04   3.1285E+09   2.5380E+13   9.2027E+14   8.2253E+15   7.3592E+16   7.7516E+17   3.8562E+18   3.4485E+19   1.6012E+20   5.1911E+20   1.3346E+21   3.1271E+21   4.5657E+21   6.5624E+21   9.7320E+21   1.4261E+22   2.2322E+22   3.1827E+22
    4.5009E+01   0.0000E+00   0.0000E+00   4.7159E+08   5.9369E+12   2.5598E+14   2.5402E+15   2.5218E+16   2.9698E+17   1.5954E+18   1.5898E+19   7.9987E+19   2.7677E+20   7.5076E+20   1.8523E+21   2.7649E+21   4.0656E+21   6.1856E+21   9.2907E+21   1.4993E+22   2.1923E+22
    4.7137E+01   0.0000E+00   0.0000E+00   6.3888E+07   1.2957E+12   6.6848E+13   7.3927E+14   8.1721E+15   1.0799E+17   6.2799E+17   6.9996E+18   3.8285E+19   1.4182E+20   4.0709E+20   1.0608E+21   1.6208E+21   2.4415E+21   3.8166E+21   5.8841E+21   9.8071E+21   1.4728E+22
    4.9366E+01   0.0000E+00   0.0000E+00   7.2434E+06   2.6343E+11   1.6366E+13   2.0244E+14   2.5005E+15   3.7210E+16   2.3475E+17   2.9367E+18   1.7517E+19   6.9694E+19   2.1233E+20   5.8619E+20   9.1802E+20   1.4187E+21   2.2824E+21   3.6173E+21   6.2387E+21   9.6364E+21
    5.1701E+01   0.0000E+00   0.0000E+00   8.1470E+05   4.9794E+10   3.7506E+12   5.2090E+13   7.2143E+14   1.2128E+16   8.3185E+16   1.1715E+18   7.6439E+18   3.2767E+19   1.0630E+20   3.1193E+20   5.0146E+20   7.9623E+20   1.3206E+21   2.1550E+21   3.8538E+21   6.1324E+21
    5.4146E+01   0.0000E+00   0.0000E+00   2.3442E+05   8.6933E+09   8.0336E+11   1.2576E+13   1.9598E+14   3.7339E+15   2.7893E+16   4.4338E+17   3.1731E+18   1.4701E+19   5.0951E+19   1.5949E+20   2.6360E+20   4.3075E+20   7.3795E+20   1.2420E+21   2.3079E+21   3.7899E+21
    5.6706E+01   0.0000E+00   0.0000E+00   2.4723E+04   1.3717E+09   1.6041E+11   2.8446E+12   5.0062E+13   1.0844E+15   8.8365E+15   1.5886E+17   1.2499E+18   6.2776E+18   2.3324E+19   7.8167E+19   1.3305E+20   2.2415E+20   3.9743E+20   6.9119E+20   1.3377E+21   2.2711E+21
    5.9388E+01   0.0000E+00   0.0000E+00   0.0000E+00   1.8917E+08   2.9627E+10   6.0150E+11   1.2008E+13   2.9666E+14   2.6410E+15   5.3773E+16   4.6590E+17   2.5439E+18   1.0168E+19   3.6628E+19   6.4322E+19   1.1193E+20   2.0584E+20   3.7066E+20   7.4904E+20   1.3173E+21
    6.2197E+01   0.0000E+00   0.0000E+00   0.0000E+00   2.5340E+07   4.9589E+09   1.1823E+11   2.6998E+12   7.6360E+13   7.4368E+14   1.7162E+16   1.6392E+17   9.7536E+17   4.2090E+18   1.6363E+19   2.9706E+19   5.3501E+19   1.0229E+20   1.9113E+20   4.0438E+20   7.3826E+20
    6.5138E+01   0.0000E+00   0.0000E+00   0.0000E+00   1.3706E+07   7.3525E+08   2.1286E+10   5.6688E+11   1.8468E+13   1.9707E+14   5.1556E+15   5.4289E+16   3.5268E+17   1.6489E+18   6.9481E+18   1.3068E+19   2.4412E+19   4.8646E+19   9.4537E+19   2.1003E+20   3.9896E+20
    6.8218E+01   0.0000E+00   0.0000E+00   0.0000E+00   0.0000E+00   1.2929E+08   3.4506E+09   1.1014E+11   4.1881E+12   4.9085E+13   1.4557E+15   1.6883E+16   1.1987E+17   6.0923E+17   2.7948E+18   5.4581E+18   1.0601E+19   2.2079E+19   4.4741E+19   1.0470E+20   2.0746E+20
    7.1444E+01   0.0000E+00   0.0000E+00   0.0000E+00   0.0000E+00   3.6021E+07   5.3478E+08   1.9480E+10   8.8671E+11   1.1474E+13   3.8581E+14   4.9185E+15   3.8160E+16   2.1148E+17   1.0609E+18   2.1571E+18   4.3673E+18   9.5340E+18   2.0202E+19   4.9974E+19   1.0357E+20
    7.4823E+01   0.0000E+00   0.0000E+00   0.0000E+00   0.0000E+00   0.0000E+00   1.4525E+08   3.1317E+09   1.7368E+11   2.5096E+12   9.5894E+13   1.3397E+15   1.1341E+16   6.8694E+16   3.7857E+17   8.0354E+17   1.7004E+18   3.9039E+18   8.6768E+18   2.2774E+19   4.9509E+19
    7.8361E+01   0.0000E+00   0.0000E+00   0.0000E+00   0.0000E+00   0.0000E+00   2.3369E+07   6.9305E+08   3.1146E+10   5.1063E+11   2.2329E+13   3.4065E+14   3.1359E+15   2.0789E+16   1.2639E+17   2.8093E+17   6.2322E+17   1.5102E+18   3.5325E+18   9.8788E+18   2.2602E+19
    8.2067E+01   0.0000E+00   0.0000E+00   0.0000E+00   0.0000E+00   0.0000E+00   0.0000E+00   1.6890E+08   5.0213E+09   9.5910E+10   4.8624E+12   8.0782E+13   8.0440E+14   5.8352E+15   3.9288E+16   9.1745E+16   2.1405E+17   5.4958E+17   1.3581E+18   4.0655E+18   9.8245E+18
    8.5948E+01   0.0000E+00   0.0000E+00   0.0000E+00   0.0000E+00   0.0000E+00   0.0000E+00   0.0000E+00   1.8545E+09   1.6964E+10   9.8709E+11   1.7856E+13   1.9098E+14   1.5121E+15   1.1306E+16   2.7839E+16   6.8539E+16   1.8728E+17   4.9100E+17   1.5814E+18   4.0525E+18
    9.0012E+01   0.0000E+00   0.0000E+00   0.0000E+00   0.0000E+00   0.0000E+00   0.0000E+00   0.0000E+00   1.2248E+09   3.5127E+09   1.8637E+11   3.6769E+12   4.1910E+13   3.6015E+14   2.9935E+15   7.8025E+15   2.0344E+16   5.9441E+16   1.6612E+17   5.7898E+17   1.5804E+18
    9.4269E+01   0.0000E+00   0.0000E+00   0.0000E+00   0.0000E+00   0.0000E+00   0.0000E+00   0.0000E+00   0.0000E+00   1.5601E+09   3.3495E+10   7.0478E+11   8.5002E+12   7.8528E+13   7.2426E+14   2.0064E+15   5.5612E+15   1.7466E+16   5.2317E+16   1.9860E+17   5.8037E+17
    9.8727E+01   0.0000E+00   0.0000E+00   0.0000E+00   0.0000E+00   0.0000E+00   0.0000E+00   0.0000E+00   0.0000E+00   0.0000E+00   6.5843E+09   1.2621E+11   1.5954E+12   1.5631E+13   1.5893E+14   4.6986E+14   1.3895E+15   4.7180E+15   1.5240E+16   6.3483E+16   1.9974E+17
    1.0340E+02   0.0000E+00   0.0000E+00   0.0000E+00   0.0000E+00   0.0000E+00   0.0000E+00   0.0000E+00   0.0000E+00   0.0000E+00   5.6084E+08   2.1640E+10   2.7823E+11   2.8375E+12   3.1387E+13   9.9385E+13   3.1459E+14   1.1621E+15   4.0772E+15   1.8796E+16   6.4093E+16
    1.0829E+02   0.0000E+00   0.0000E+00   0.0000E+00   0.0000E+00   0.0000E+00   0.0000E+00   0.0000E+00   0.0000E+00   0.0000E+00   1.5375E+08   4.1645E+09   4.5805E+10   4.7069E+11   5.5365E+12   1.8820E+13   6.3903E+13   2.5849E+14   9.9322E+14   5.1178E+15   1.9058E+16
    1.1341E+02   0.0000E+00   0.0000E+00   0.0000E+00   0.0000E+00   0.0000E+00   0.0000E+00   0.0000E+00   0.0000E+00   0.0000E+00   2.5891E+07   4.3232E+08   7.3033E+09   7.1876E+10   8.6724E+11   3.1620E+12   1.1514E+13   5.1325E+13   2.1809E+14   1.2709E+15   5.2147E+15
    1.1877E+02   0.0000E+00   0.0000E+00   0.0000E+00   0.0000E+00   0.0000E+00   0.0000E+00   0.0000E+00   0.0000E+00   0.0000E+00   0.0000E+00   0.0000E+00   2.4250E+01   1.0072E+10   1.2053E+11   4.6775E+11   1.8171E+12   8.9707E+12   4.2640E+13   2.8496E+14   1.3022E+15
    1.2439E+02   0.0000E+00   0.0000E+00   0.0000E+00   0.0000E+00   0.0000E+00   0.0000E+00   0.0000E+00   0.0000E+00   0.0000E+00   0.0000E+00   0.0000E+00   4.2780E+00   2.0213E+09   1.5040E+10   6.0730E+10   2.4792E+11   1.3568E+12   7.3104E+12   5.6990E+13   2.9386E+14
    1.3027E+02   0.0000E+00   0.0000E+00   0.0000E+00   0.0000E+00   0.0000E+00   0.0000E+00   0.0000E+00   0.0000E+00   0.0000E+00   0.0000E+00   0.0000E+00   0.0000E+00   2.0166E+06   1.6904E+09   7.0005E+09   2.8955E+10   1.7393E+11   1.0781E+12   1.0012E+13   5.9205E+13
    1.3643E+02   0.0000E+00   0.0000E+00   0.0000E+00   0.0000E+00   0.0000E+00   0.0000E+00   0.0000E+00   0.0000E+00   0.0000E+00   0.0000E+00   0.0000E+00   0.0000E+00   1.6472E+07   1.3191E+08   7.4186E+08   2.9071E+09   1.8446E+10   1.3339E+11   1.5151E+12   1.0490E+13
    1.4288E+02   0.0000E+00   0.0000E+00   0.0000E+00   0.0000E+00   0.0000E+00   0.0000E+00   0.0000E+00   0.0000E+00   0.0000E+00   0.0000E+00   0.0000E+00   0.0000E+00   3.3240E+06   2.3326E+07   2.3469E+07   2.5056E+08   1.5829E+09   1.3399E+10   1.9237E+11   1.6033E+12
    1.4964E+02   0.0000E+00   0.0000E+00   0.0000E+00   0.0000E+00   0.0000E+00   0.0000E+00   0.0000E+00   0.0000E+00   0.0000E+00   0.0000E+00   0.0000E+00   0.0000E+00   3.7010E+05   2.3605E+06   2.8458E+06   1.2648E+07   1.0854E+08   1.0469E+09   1.9755E+10   2.0593E+11
    1.5671E+02   0.0000E+00   0.0000E+00   0.0000E+00   0.0000E+00   0.0000E+00   0.0000E+00   0.0000E+00   0.0000E+00   0.0000E+00   0.0000E+00   0.0000E+00   0.0000E+00   4.1816E+04   2.5806E+05   7.5145E+05   1.9308E+06   5.2098E+06   6.0703E+07   1.5534E+09   2.1429E+10
    1.6412E+02   0.0000E+00   0.0000E+00   0.0000E+00   0.0000E+00   0.0000E+00   0.0000E+00   0.0000E+00   0.0000E+00   0.0000E+00   0.0000E+00   0.0000E+00   0.0000E+00   2.5882E+03   2.8432E+04   8.5447E+04   2.0606E+05   5.5761E+05   2.3566E+06   8.5594E+07   1.7089E+09
    1.7188E+02   0.0000E+00   0.0000E+00   0.0000E+00   0.0000E+00   0.0000E+00   0.0000E+00   0.0000E+00   0.0000E+00   0.0000E+00   0.0000E+00   0.0000E+00   0.0000E+00   3.0167E+02   3.5930E+03   1.2685E+04   2.0429E+04   4.9082E+04   1.7460E+05   2.8191E+06   9.5035E+07
    1.8001E+02   0.0000E+00   0.0000E+00   0.0000E+00   0.0000E+00   0.0000E+00   0.0000E+00   0.0000E+00   0.0000E+00   0.0000E+00   0.0000E+00   0.0000E+00   0.0000E+00   5.9130E-01   1.5476E+02   7.2643E+02   3.8415E+02   3.3978E+03   1.3996E+04   4.9987E+04   3.0409E+06
    1.8853E+02   0.0000E+00   0.0000E+00   0.0000E+00   0.0000E+00   0.0000E+00   0.0000E+00   0.0000E+00   0.0000E+00   0.0000E+00   0.0000E+00   0.0000E+00   0.0000E+00   4.3010E+00   5.6930E+00   3.8243E+01   9.2939E+01   3.6211E+02   1.2938E+01   0.0000E+00   2.2867E+04
    1.9744E+02   0.0000E+00   0.0000E+00   0.0000E+00   0.0000E+00   0.0000E+00   0.0000E+00   0.0000E+00   0.0000E+00   0.0000E+00   0.0000E+00   0.0000E+00   0.0000E+00   0.0000E+00   8.9477E-01   1.8969E+00   9.8405E+00   0.0000E+00   5.4465E+01   0.0000E+00   1.3541E+03
    2.0678E+02   0.0000E+00   0.0000E+00   0.0000E+00   0.0000E+00   0.0000E+00   0.0000E+00   0.0000E+00   0.0000E+00   0.0000E+00   0.0000E+00   0.0000E+00   0.0000E+00   0.0000E+00   0.0000E+00   2.4862E-01   3.2730E-02   0.0000E+00   5.9905E+00   0.0000E+00   6.6444E+01
    2.1656E+02   0.0000E+00   0.0000E+00   0.0000E+00   0.0000E+00   0.0000E+00   0.0000E+00   0.0000E+00   0.0000E+00   0.0000E+00   0.0000E+00   0.0000E+00   0.0000E+00   0.0000E+00   0.0000E+00   0.0000E+00   5.8976E-02   0.0000E+00   0.0000E+00   0.0000E+00   0.0000E+00
    2.2680E+02   0.0000E+00   0.0000E+00   0.0000E+00   0.0000E+00   0.0000E+00   0.0000E+00   0.0000E+00   0.0000E+00   0.0000E+00   0.0000E+00   0.0000E+00   0.0000E+00   0.0000E+00   0.0000E+00   0.0000E+00   0.0000E+00   0.0000E+00   0.0000E+00   0.0000E+00   0.0000E+00
    2.3752E+02   0.0000E+00   0.0000E+00   0.0000E+00   0.0000E+00   0.0000E+00   0.0000E+00   0.0000E+00   0.0000E+00   0.0000E+00   0.0000E+00   0.0000E+00   0.0000E+00   0.0000E+00   0.0000E+00   0.0000E+00   0.0000E+00   0.0000E+00   0.0000E+00   0.0000E+00   0.0000E+00
    2.4876E+02   0.0000E+00   0.0000E+00   0.0000E+00   0.0000E+00   0.0000E+00   0.0000E+00   0.0000E+00   0.0000E+00   0.0000E+00   0.0000E+00   0.0000E+00   0.0000E+00   0.0000E+00   0.0000E+00   0.0000E+00   0.0000E+00   0.0000E+00   0.0000E+00   0.0000E+00   0.0000E+00
    2.6052E+02   0.0000E+00   0.0000E+00   0.0000E+00   0.0000E+00   0.0000E+00   0.0000E+00   0.0000E+00   0.0000E+00   0.0000E+00   0.0000E+00   0.0000E+00   0.0000E+00   0.0000E+00   0.0000E+00   0.0000E+00   0.0000E+00   0.0000E+00   0.0000E+00   0.0000E+00   0.0000E+00
    2.7284E+02   0.0000E+00   0.0000E+00   0.0000E+00   0.0000E+00   0.0000E+00   0.0000E+00   0.0000E+00   0.0000E+00   0.0000E+00   0.0000E+00   0.0000E+00   0.0000E+00   0.0000E+00   0.0000E+00   0.0000E+00   0.0000E+00   0.0000E+00   0.0000E+00   0.0000E+00   0.0000E+00
    2.8574E+02   0.0000E+00   0.0000E+00   0.0000E+00   0.0000E+00   0.0000E+00   0.0000E+00   0.0000E+00   0.0000E+00   0.0000E+00   0.0000E+00   0.0000E+00   0.0000E+00   0.0000E+00   0.0000E+00   0.0000E+00   0.0000E+00   0.0000E+00   0.0000E+00   0.0000E+00   0.0000E+00
    2.9925E+02   0.0000E+00   0.0000E+00   0.0000E+00   0.0000E+00   0.0000E+00   0.0000E+00   0.0000E+00   0.0000E+00   0.0000E+00   0.0000E+00   0.0000E+00   0.0000E+00   0.0000E+00   0.0000E+00   0.0000E+00   0.0000E+00   0.0000E+00   0.0000E+00   0.0000E+00   0.0000E+00
    3.1341E+02   0.0000E+00   0.0000E+00   0.0000E+00   0.0000E+00   0.0000E+00   0.0000E+00   0.0000E+00   0.0000E+00   0.0000E+00   0.0000E+00   0.0000E+00   0.0000E+00   0.0000E+00   0.0000E+00   0.0000E+00   0.0000E+00   0.0000E+00   0.0000E+00   0.0000E+00   0.0000E+00
    3.2823E+02   0.0000E+00   0.0000E+00   0.0000E+00   0.0000E+00   0.0000E+00   0.0000E+00   0.0000E+00   0.0000E+00   0.0000E+00   0.0000E+00   0.0000E+00   0.0000E+00   0.0000E+00   0.0000E+00   0.0000E+00   0.0000E+00   0.0000E+00   0.0000E+00   0.0000E+00   0.0000E+00
    3.4375E+02   0.0000E+00   0.0000E+00   0.0000E+00   0.0000E+00   0.0000E+00   0.0000E+00   0.0000E+00   0.0000E+00   0.0000E+00   0.0000E+00   0.0000E+00   0.0000E+00   0.0000E+00   0.0000E+00   0.0000E+00   0.0000E+00   0.0000E+00   0.0000E+00   0.0000E+00   0.0000E+00
    3.6000E+02   0.0000E+00   0.0000E+00   0.0000E+00   0.0000E+00   0.0000E+00   0.0000E+00   0.0000E+00   0.0000E+00   0.0000E+00   0.0000E+00   0.0000E+00   0.0000E+00   0.0000E+00   0.0000E+00   0.0000E+00   0.0000E+00   0.0000E+00   0.0000E+00   0.0000E+00   0.0000E+00
    3.7703E+02   0.0000E+00   0.0000E+00   0.0000E+00   0.0000E+00   0.0000E+00   0.0000E+00   0.0000E+00   0.0000E+00   0.0000E+00   0.0000E+00   0.0000E+00   0.0000E+00   0.0000E+00   0.0000E+00   0.0000E+00   0.0000E+00   0.0000E+00   0.0000E+00   0.0000E+00   0.0000E+00
    3.9486E+02   0.0000E+00   0.0000E+00   0.0000E+00   0.0000E+00   0.0000E+00   0.0000E+00   0.0000E+00   0.0000E+00   0.0000E+00   0.0000E+00   0.0000E+00   0.0000E+00   0.0000E+00   0.0000E+00   0.0000E+00   0.0000E+00   0.0000E+00   0.0000E+00   0.0000E+00   0.0000E+00
    4.1353E+02   0.0000E+00   0.0000E+00   0.0000E+00   0.0000E+00   0.0000E+00   0.0000E+00   0.0000E+00   0.0000E+00   0.0000E+00   0.0000E+00   0.0000E+00   0.0000E+00   0.0000E+00   0.0000E+00   0.0000E+00   0.0000E+00   0.0000E+00   0.0000E+00   0.0000E+00   0.0000E+00
