    1.2535E-03   7.6836E+16   1.0319E+17   1.5942E+17   2.2621E+17   2.6337E+17   2.9073E+17   3.2818E+17   3.8428E+17   4.2617E+17   4.8953E+17   5.3779E+17   5.7959E+17   6.1625E+17   6.5932E+17   6.8234E+17   7.0173E+17   7.2720E+17   7.6165E+17   7.9958E+17   8.3868E+17
    1.3127E-03   8.4102E+16   1.1278E+17   1.7404E+17   2.4718E+17   2.8817E+17   3.1834E+17   3.5951E+17   4.2108E+17   4.6717E+17   5.3674E+17   5.8976E+17   6.3540E+17   6.7594E+17   7.2318E+17   7.4809E+17   7.6951E+17   7.9737E+17   8.3532E+17   8.7663E+17   9.1962E+17
    1.3748E-03   9.2057E+16   1.2328E+17   1.9000E+17   2.7008E+17   3.1527E+17   3.4854E+17   3.9381E+17   4.6139E+17   5.1211E+17   5.8849E+17   6.4675E+17   6.9661E+17   7.4140E+17   7.9322E+17   8.2017E+17   8.4385E+17   8.7431E+17   9.1610E+17   9.6109E+17   1.0083E+18
    1.4398E-03   1.0077E+17   1.3476E+17   2.0739E+17   2.9507E+17   3.4486E+17   3.8157E+17   4.3138E+17   5.0554E+17   5.6136E+17   6.4521E+17   7.0922E+17   7.6373E+17   8.1320E+17   8.7002E+17   8.9921E+17   9.2539E+17   9.5868E+17   1.0047E+18   1.0537E+18   1.1056E+18
    1.5079E-03   1.1030E+17   1.4732E+17   2.2636E+17   3.2235E+17   3.7719E+17   4.1768E+17   4.7252E+17   5.5390E+17   6.1533E+17   7.0739E+17   7.7772E+17   8.3736E+17   8.9196E+17   9.5424E+17   9.8588E+17   1.0148E+18   1.0512E+18   1.1018E+18   1.1553E+18   1.2123E+18
    1.5792E-03   1.2076E+17   1.6111E+17   2.4712E+17   3.5220E+17   4.1253E+17   4.5720E+17   5.1758E+17   6.0686E+17   6.7445E+17   7.7550E+17   8.5274E+17   9.1804E+17   9.7822E+17   1.0464E+18   1.0808E+18   1.1128E+18   1.1525E+18   1.2081E+18   1.2664E+18   1.3289E+18
    1.6539E-03   1.3219E+17   1.7614E+17   2.6966E+17   3.8470E+17   4.5108E+17   5.0038E+17   5.6690E+17   6.6486E+17   7.3926E+17   8.5018E+17   9.3505E+17   1.0066E+18   1.0730E+18   1.1477E+18   1.1850E+18   1.2203E+18   1.2638E+18   1.3249E+18   1.3885E+18   1.4571E+18
    1.7321E-03   1.4470E+17   1.9259E+17   2.9422E+17   4.2017E+17   4.9317E+17   5.4759E+17   6.2090E+17   7.2839E+17   8.1026E+17   9.3204E+17   1.0253E+18   1.1037E+18   1.1768E+18   1.2587E+18   1.2993E+18   1.3383E+18   1.3858E+18   1.4529E+18   1.5223E+18   1.5974E+18
    1.8140E-03   1.5840E+17   2.1058E+17   3.2100E+17   4.5889E+17   5.3913E+17   5.9919E+17   6.8002E+17   7.9795E+17   8.8804E+17   1.0218E+18   1.1242E+18   1.2102E+18   1.2908E+18   1.3804E+18   1.4246E+18   1.4676E+18   1.5196E+18   1.5933E+18   1.6689E+18   1.7513E+18
    1.8998E-03   1.7340E+17   2.3027E+17   3.5018E+17   5.0116E+17   5.8931E+17   6.5559E+17   7.4474E+17   8.7412E+17   9.7325E+17   1.1201E+18   1.2326E+18   1.3270E+18   1.4157E+18   1.5139E+18   1.5620E+18   1.6095E+18   1.6663E+18   1.7472E+18   1.8298E+18   1.9199E+18
    1.9897E-03   1.8982E+17   2.5181E+17   3.8197E+17   5.4730E+17   6.4408E+17   7.1722E+17   8.1558E+17   9.5753E+17   1.0666E+18   1.2278E+18   1.3514E+18   1.4551E+18   1.5527E+18   1.6602E+18   1.7127E+18   1.7650E+18   1.8272E+18   1.9159E+18   2.0062E+18   2.1048E+18
    2.0838E-03   2.0779E+17   2.7538E+17   4.1662E+17   5.9766E+17   7.0387E+17   7.8457E+17   8.9310E+17   1.0488E+18   1.1688E+18   1.3459E+18   1.4816E+18   1.5956E+18   1.7029E+18   1.8206E+18   1.8780E+18   1.9356E+18   2.0036E+18   2.1010E+18   2.1996E+18   2.3074E+18
    2.1823E-03   2.2748E+17   3.0119E+17   4.5440E+17   6.5266E+17   7.6914E+17   8.5816E+17   9.7793E+17   1.1488E+18   1.2807E+18   1.4753E+18   1.6244E+18   1.7496E+18   1.8676E+18   1.9964E+18   2.0592E+18   2.1227E+18   2.1971E+18   2.3038E+18   2.4115E+18   2.5294E+18
    2.2855E-03   2.4903E+17   3.2942E+17   4.9555E+17   7.1268E+17   8.4037E+17   9.3855E+17   1.0707E+18   1.2583E+18   1.4033E+18   1.6170E+18   1.7808E+18   1.9184E+18   2.0482E+18   2.1891E+18   2.2580E+18   2.3279E+18   2.4093E+18   2.5263E+18   2.6440E+18   2.7728E+18
    2.3936E-03   2.7262E+17   3.6031E+17   5.4038E+17   7.7821E+17   9.1812E+17   1.0264E+18   1.1722E+18   1.3781E+18   1.5376E+18   1.7724E+18   1.9522E+18   2.1035E+18   2.2461E+18   2.4004E+18   2.4760E+18   2.5529E+18   2.6420E+18   2.7701E+18   2.8988E+18   3.0395E+18
    2.5068E-03   2.9845E+17   3.9411E+17   5.8925E+17   8.4975E+17   1.0030E+18   1.1223E+18   1.2833E+18   1.5092E+18   1.6845E+18   1.9426E+18   2.1401E+18   2.3064E+18   2.4630E+18   2.6319E+18   2.7150E+18   2.7997E+18   2.8972E+18   3.0375E+18   3.1782E+18   3.3319E+18
    2.6253E-03   3.2673E+17   4.3110E+17   6.4251E+17   9.2787E+17   1.0956E+18   1.2270E+18   1.4047E+18   1.6527E+18   1.8454E+18   2.1291E+18   2.3459E+18   2.5287E+18   2.7008E+18   2.8857E+18   2.9770E+18   3.0704E+18   3.1772E+18   3.3306E+18   3.4844E+18   3.6523E+18
    2.7495E-03   3.5769E+17   4.7159E+17   7.0055E+17   1.0132E+18   1.1967E+18   1.3414E+18   1.5374E+18   1.8097E+18   2.0215E+18   2.3335E+18   2.5715E+18   2.7725E+18   2.9614E+18   3.1639E+18   3.2643E+18   3.3672E+18   3.4841E+18   3.6519E+18   3.8201E+18   4.0035E+18
    2.8795E-03   3.9159E+17   5.1590E+17   7.6383E+17   1.1063E+18   1.3070E+18   1.4663E+18   1.6824E+18   1.9815E+18   2.2143E+18   2.5573E+18   2.8188E+18   3.0395E+18   3.2470E+18   3.4687E+18   3.5792E+18   3.6927E+18   3.8207E+18   4.0041E+18   4.1880E+18   4.3884E+18
    3.0157E-03   4.2870E+17   5.6440E+17   8.3281E+17   1.2080E+18   1.4274E+18   1.6027E+18   1.8409E+18   2.1694E+18   2.4254E+18   2.8026E+18   3.0896E+18   3.3323E+18   3.5600E+18   3.8028E+18   3.9244E+18   4.0496E+18   4.1899E+18   4.3902E+18   4.5912E+18   4.8102E+18
    3.1583E-03   4.6932E+17   6.1747E+17   9.0802E+17   1.3191E+18   1.5588E+18   1.7516E+18   2.0141E+18   2.3750E+18   2.6563E+18   3.0713E+18   3.3865E+18   3.6530E+18   3.9028E+18   4.1689E+18   4.3028E+18   4.4411E+18   4.5946E+18   4.8133E+18   5.0331E+18   5.2725E+18
    3.3076E-03   5.1380E+17   6.7556E+17   9.9003E+17   1.4404E+18   1.7023E+18   1.9142E+18   2.2034E+18   2.5999E+18   2.9092E+18   3.3656E+18   3.7118E+18   4.0047E+18   4.2787E+18   4.5703E+18   4.7178E+18   4.8706E+18   5.0388E+18   5.2776E+18   5.5181E+18   5.7799E+18
    3.4641E-03   5.6286E+17   7.3977E+17   1.0819E+18   1.5753E+18   1.8616E+18   2.0941E+18   2.4119E+18   2.8473E+18   3.1869E+18   3.6885E+18   4.0683E+18   4.3898E+18   4.6904E+18   5.0101E+18   5.1721E+18   5.3407E+18   5.5249E+18   5.7860E+18   6.0490E+18   6.3352E+18
    3.6279E-03   6.1617E+17   8.0937E+17   1.1796E+18   1.7201E+18   2.0327E+18   2.2880E+18   2.6379E+18   3.1163E+18   3.4897E+18   4.0417E+18   4.4588E+18   4.8121E+18   5.1416E+18   5.4921E+18   5.6704E+18   5.8569E+18   6.0586E+18   6.3437E+18   6.6314E+18   6.9445E+18
    3.7994E-03   6.7454E+17   8.8556E+17   1.2861E+18   1.8783E+18   2.2194E+18   2.4997E+18   2.8846E+18   3.4105E+18   3.8209E+18   4.4284E+18   4.8864E+18   5.2746E+18   5.6357E+18   6.0200E+18   6.2161E+18   6.4225E+18   6.6432E+18   6.9542E+18   7.2688E+18   7.6113E+18
    3.9791E-03   7.3844E+17   9.6895E+17   1.4023E+18   2.0510E+18   2.4232E+18   2.7307E+18   3.1539E+18   3.7320E+18   4.1833E+18   4.8519E+18   5.3549E+18   5.7814E+18   6.1770E+18   6.5984E+18   6.8139E+18   7.0424E+18   7.2838E+18   7.6232E+18   7.9672E+18   8.3419E+18
    4.1673E-03   8.0839E+17   1.0602E+18   1.5291E+18   2.2397E+18   2.6457E+18   2.9828E+18   3.4480E+18   4.0833E+18   4.5797E+18   5.3156E+18   5.8680E+18   6.3368E+18   6.7700E+18   7.2322E+18   7.4690E+18   7.7219E+18   7.9859E+18   8.3563E+18   8.7324E+18   9.1424E+18
    4.3644E-03   8.8497E+17   1.1601E+18   1.6674E+18   2.4458E+18   2.8886E+18   3.2581E+18   3.7691E+18   4.4673E+18   5.0132E+18   5.8234E+18   6.4301E+18   6.9453E+18   7.4197E+18   7.9268E+18   8.1867E+18   8.4665E+18   8.7554E+18   9.1598E+18   9.5708E+18   1.0020E+19
    4.5707E-03   9.6879E+17   1.2695E+18   1.8184E+18   2.6709E+18   3.1539E+18   3.5585E+18   4.1195E+18   4.8869E+18   5.4873E+18   6.3794E+18   7.0456E+18   7.6121E+18   8.1316E+18   8.6879E+18   8.9730E+18   9.2826E+18   9.5984E+18   1.0040E+19   1.0489E+19   1.0981E+19
    4.7869E-03   1.0606E+18   1.3892E+18   1.9833E+18   2.9168E+18   3.4435E+18   3.8864E+18   4.5020E+18   5.3452E+18   6.0056E+18   6.9880E+18   7.7198E+18   8.3428E+18   8.9115E+18   9.5220E+18   9.8345E+18   1.0177E+19   1.0522E+19   1.1005E+19   1.1496E+19   1.2034E+19
    5.0133E-03   1.1610E+18   1.5202E+18   2.1633E+18   3.1854E+18   3.7598E+18   4.2444E+18   4.9194E+18   5.8458E+18   6.5722E+18   7.6543E+18   8.4580E+18   9.1434E+18   9.7661E+18   1.0436E+19   1.0778E+19   1.1157E+19   1.1534E+19   1.2062E+19   1.2598E+19   1.3187E+19
    5.2503E-03   1.2709E+18   1.6636E+18   2.3598E+18   3.4788E+18   4.1051E+18   4.6351E+18   5.3750E+18   6.3925E+18   7.1916E+18   8.3836E+18   9.2662E+18   1.0021E+19   1.0703E+19   1.1437E+19   1.1812E+19   1.2230E+19   1.2643E+19   1.3220E+19   1.3806E+19   1.4451E+19
    5.4986E-03   1.3913E+18   1.8206E+18   2.5744E+18   3.7992E+18   4.4824E+18   5.0617E+18   5.8721E+18   6.9893E+18   7.8685E+18   9.1818E+18   1.0151E+19   1.0982E+19   1.1729E+19   1.2535E+19   1.2945E+19   1.3406E+19   1.3858E+19   1.4489E+19   1.5129E+19   1.5835E+19
    5.7587E-03   1.5230E+18   1.9924E+18   2.8088E+18   4.1493E+18   4.8944E+18   5.5274E+18   6.4146E+18   7.6409E+18   8.6082E+18   1.0055E+19   1.1120E+19   1.2035E+19   1.2853E+19   1.3737E+19   1.4187E+19   1.4693E+19   1.5189E+19   1.5880E+19   1.6578E+19   1.7351E+19
    6.0310E-03   1.6672E+18   2.1805E+18   3.0648E+18   4.5316E+18   5.3445E+18   6.0359E+18   7.0066E+18   8.3521E+18   9.4163E+18   1.1011E+19   1.2181E+19   1.3189E+19   1.4086E+19   1.5055E+19   1.5547E+19   1.6104E+19   1.6647E+19   1.7404E+19   1.8166E+19   1.9012E+19
    6.3162E-03   1.8253E+18   2.3868E+18   3.3460E+18   4.9508E+18   5.8381E+18   6.5933E+18   7.6549E+18   9.1305E+18   1.0301E+19   1.2058E+19   1.3342E+19   1.4453E+19   1.5436E+19   1.6499E+19   1.7037E+19   1.7650E+19   1.8244E+19   1.9073E+19   1.9904E+19   2.0831E+19
    6.6149E-03   1.9981E+18   2.6122E+18   3.6517E+18   5.4069E+18   6.3753E+18   7.1996E+18   8.3599E+18   9.9776E+18   1.1265E+19   1.3202E+19   1.4613E+19   1.5838E+19   1.6916E+19   1.8081E+19   1.8670E+19   1.9342E+19   1.9994E+19   2.0902E+19   2.1809E+19   2.2823E+19
    6.9277E-03   2.1872E+18   2.8589E+18   3.9857E+18   5.9051E+18   6.9622E+18   7.8617E+18   9.1291E+18   1.0902E+19   1.2318E+19   1.4453E+19   1.6004E+19   1.7354E+19   1.8538E+19   1.9813E+19   2.0458E+19   2.1195E+19   2.1910E+19   2.2904E+19   2.3893E+19   2.5003E+19
    7.2553E-03   2.3941E+18   3.1290E+18   4.3508E+18   6.4491E+18   7.6034E+18   8.5847E+18   9.9684E+18   1.1910E+19   1.3467E+19   1.5821E+19   1.7525E+19   1.9015E+19   2.0314E+19   2.1710E+19   2.2417E+19   2.3223E+19   2.4008E+19   2.5097E+19   2.6175E+19   2.7390E+19
    7.5984E-03   2.6206E+18   3.4246E+18   4.7497E+18   7.0431E+18   8.3041E+18   9.3744E+18   1.0884E+19   1.3009E+19   1.4721E+19   1.7317E+19   1.9190E+19   2.0834E+19   2.2261E+19   2.3788E+19   2.4563E+19   2.5445E+19   2.6307E+19   2.7499E+19   2.8674E+19   3.0003E+19
    7.9577E-03   2.8684E+18   3.7482E+18   5.1858E+18   7.6916E+18   9.0698E+18   1.0237E+19   1.1883E+19   1.4209E+19   1.6090E+19   1.8952E+19   2.1012E+19   2.2827E+19   2.4394E+19   2.6064E+19   2.6913E+19   2.7877E+19   2.8824E+19   3.0128E+19   3.1409E+19   3.2863E+19
    8.3341E-03   3.1397E+18   4.1024E+18   5.6626E+18   8.3997E+18   9.9065E+18   1.1179E+19   1.2974E+19   1.5517E+19   1.7584E+19   2.0739E+19   2.3005E+19   2.5008E+19   2.6731E+19   2.8556E+19   2.9486E+19   3.0539E+19   3.1580E+19   3.3008E+19   3.4402E+19   3.5993E+19
    8.7282E-03   3.4365E+18   4.4902E+18   6.1837E+18   9.1728E+18   1.0821E+19   1.2208E+19   1.4164E+19   1.6943E+19   1.9214E+19   2.2692E+19   2.5185E+19   2.7396E+19   2.9291E+19   3.1285E+19   3.2305E+19   3.3454E+19   3.4598E+19   3.6160E+19   3.7679E+19   3.9418E+19
    9.1409E-03   3.7613E+18   4.9145E+18   6.7535E+18   1.0017E+19   1.1820E+19   1.3333E+19   1.5463E+19   1.8498E+19   2.0992E+19   2.4826E+19   2.7570E+19   3.0011E+19   3.2095E+19   3.4273E+19   3.5391E+19   3.6646E+19   3.7903E+19   3.9610E+19   4.1265E+19   4.3166E+19
    9.5732E-03   4.1167E+18   5.3791E+18   7.3766E+18   1.0938E+19   1.2912E+19   1.4561E+19   1.6880E+19   2.0193E+19   2.2931E+19   2.7157E+19   3.0178E+19   3.2872E+19   3.5165E+19   3.7545E+19   3.8770E+19   4.0140E+19   4.1522E+19   4.3387E+19   4.5190E+19   4.7266E+19
    1.0026E-02   4.5056E+18   5.8875E+18   8.0578E+18   1.1943E+19   1.4106E+19   1.5903E+19   1.8427E+19   2.2041E+19   2.5046E+19   2.9703E+19   3.3030E+19   3.6004E+19   3.8527E+19   4.1128E+19   4.2469E+19   4.3965E+19   4.5483E+19   4.7520E+19   4.9485E+19   5.1751E+19
    1.0500E-02   4.9311E+18   6.4441E+18   8.8027E+18   1.3039E+19   1.5410E+19   1.7370E+19   2.0116E+19   2.4056E+19   2.7352E+19   3.2483E+19   3.6149E+19   3.9432E+19   4.2208E+19   4.5050E+19   4.6518E+19   4.8152E+19   4.9819E+19   5.2043E+19   5.4184E+19   5.6657E+19
    1.0997E-02   5.3966E+18   7.0532E+18   9.6174E+18   1.4236E+19   1.6836E+19   1.8973E+19   2.1959E+19   2.6253E+19   2.9866E+19   3.5519E+19   3.9559E+19   4.3182E+19   4.6237E+19   4.9345E+19   5.0951E+19   5.2736E+19   5.4566E+19   5.6992E+19   5.9325E+19   6.2022E+19
    1.1517E-02   5.9059E+18   7.7198E+18   1.0508E+19   1.5542E+19   1.8395E+19   2.0725E+19   2.3972E+19   2.8648E+19   3.2606E+19   3.8833E+19   4.3286E+19   4.7284E+19   5.0647E+19   5.4046E+19   5.5802E+19   5.7754E+19   5.9761E+19   6.2407E+19   6.4950E+19   6.7887E+19
    1.2061E-02   6.4631E+18   8.4495E+18   1.1483E+19   1.6966E+19   2.0098E+19   2.2640E+19   2.6170E+19   3.1258E+19   3.5593E+19   4.2451E+19   4.7361E+19   5.1772E+19   5.5472E+19   5.9193E+19   6.1111E+19   6.3247E+19   6.5446E+19   6.8330E+19   7.1103E+19   7.4300E+19
    1.2632E-02   7.0727E+18   9.2480E+18   1.2548E+19   1.8519E+19   2.1960E+19   2.4733E+19   2.8569E+19   3.4104E+19   3.8849E+19   4.6399E+19   5.1813E+19   5.6681E+19   6.0752E+19   6.4827E+19   6.6921E+19   6.9260E+19   7.1669E+19   7.4809E+19   7.7834E+19   8.1311E+19
    1.3229E-02   7.7395E+18   1.0122E+19   1.3714E+19   2.0213E+19   2.3995E+19   2.7021E+19   3.1190E+19   3.7207E+19   4.2398E+19   5.0710E+19   5.6681E+19   6.2054E+19   6.6532E+19   7.0998E+19   7.3284E+19   7.5848E+19   7.8483E+19   8.1901E+19   8.5200E+19   8.8978E+19
    1.3855E-02   8.4755E+18   1.1086E+19   1.5004E+19   2.2095E+19   2.6245E+19   2.9550E+19   3.4090E+19   4.0645E+19   4.6325E+19   5.5462E+19   6.2038E+19   6.7955E+19   7.2873E+19   7.7762E+19   8.0254E+19   8.3061E+19   8.5940E+19   8.9654E+19   9.3246E+19   9.7345E+19
    1.4510E-02   9.2739E+18   1.2133E+19   1.6400E+19   2.4114E+19   2.8679E+19   3.2287E+19   3.7221E+19   4.4340E+19   5.0547E+19   6.0601E+19   6.7854E+19   7.4383E+19   7.9791E+19   8.5156E+19   8.7873E+19   9.0953E+19   9.4098E+19   9.8135E+19   1.0205E+20   1.0650E+20
    1.5196E-02   1.0147E+19   1.3279E+19   1.7926E+19   2.6315E+19   3.1338E+19   3.5279E+19   4.0639E+19   4.8367E+19   5.5146E+19   6.6203E+19   7.4203E+19   8.1406E+19   8.7351E+19   9.3241E+19   9.6202E+19   9.9585E+19   1.0302E+20   1.0740E+20   1.1167E+20   1.1649E+20
    1.5914E-02   1.1102E+19   1.4533E+19   1.9596E+19   2.8715E+19   3.4245E+19   3.8550E+19   4.4373E+19   5.2758E+19   6.0157E+19   7.2312E+19   8.1136E+19   8.9082E+19   9.5617E+19   1.0209E+20   1.0531E+20   1.0903E+20   1.1277E+20   1.1753E+20   1.2218E+20   1.2739E+20
    1.6667E-02   1.2147E+19   1.5905E+19   2.1422E+19   3.1332E+19   3.7421E+19   4.2126E+19   4.8453E+19   5.7547E+19   6.5616E+19   7.8972E+19   8.8706E+19   9.7471E+19   1.0465E+20   1.1176E+20   1.1527E+20   1.1936E+20   1.2344E+20   1.2860E+20   1.3367E+20   1.3930E+20
    1.7455E-02   1.3289E+19   1.7407E+19   2.3420E+19   3.4184E+19   4.0892E+19   4.6035E+19   5.2910E+19   6.2769E+19   7.1562E+19   8.6232E+19   9.6969E+19   1.0664E+20   1.1453E+20   1.2235E+20   1.2617E+20   1.3067E+20   1.3510E+20   1.4070E+20   1.4621E+20   1.5230E+20
    1.8281E-02   1.4537E+19   1.9049E+19   2.5605E+19   3.7293E+19   4.4685E+19   5.0309E+19   5.7779E+19   6.8464E+19   7.8041E+19   9.4144E+19   1.0599E+20   1.1665E+20   1.2533E+20   1.3393E+20   1.3808E+20   1.4304E+20   1.4786E+20   1.5393E+20   1.5992E+20   1.6648E+20
    1.9145E-02   1.5903E+19   2.0846E+19   2.7995E+19   4.0683E+19   4.8828E+19   5.4983E+19   6.3101E+19   7.4675E+19   8.5098E+19   1.0277E+20   1.1583E+20   1.2758E+20   1.3712E+20   1.4659E+20   1.5111E+20   1.5656E+20   1.6180E+20   1.6838E+20   1.7488E+20   1.8196E+20
    2.0051E-02   1.7395E+19   2.2812E+19   3.0609E+19   4.4377E+19   5.3356E+19   6.0092E+19   6.8916E+19   8.1451E+19   9.2785E+19   1.1216E+20   1.2657E+20   1.3952E+20   1.5002E+20   1.6043E+20   1.6535E+20   1.7136E+20   1.7704E+20   1.8417E+20   1.9122E+20   1.9885E+20
    2.0999E-02   1.9027E+19   2.4962E+19   3.3469E+19   4.8403E+19   5.8302E+19   6.5679E+19   7.5271E+19   8.8843E+19   1.0116E+20   1.2239E+20   1.3828E+20   1.5255E+20   1.6410E+20   1.7556E+20   1.8091E+20   1.8754E+20   1.9369E+20   2.0142E+20   2.0905E+20   2.1726E+20
    2.1992E-02   2.0811E+19   2.7314E+19   3.6596E+19   5.2792E+19   6.3705E+19   7.1787E+19   8.2217E+19   9.6908E+19   1.1028E+20   1.3352E+20   1.5106E+20   1.6678E+20   1.7948E+20   1.9211E+20   1.9792E+20   2.0522E+20   2.1190E+20   2.2026E+20   2.2851E+20   2.3734E+20
    2.3032E-02   2.2760E+19   2.9887E+19   4.0016E+19   5.7576E+19   6.9606E+19   7.8465E+19   8.9809E+19   1.0571E+20   1.2022E+20   1.4565E+20   1.6499E+20   1.8229E+20   1.9628E+20   2.1019E+20   2.1651E+20   2.2456E+20   2.3178E+20   2.4084E+20   2.4973E+20   2.5924E+20
    2.4121E-02   2.4890E+19   3.2700E+19   4.3757E+19   6.2790E+19   7.6051E+19   8.5766E+19   9.8107E+19   1.1531E+20   1.3104E+20   1.5885E+20   1.8017E+20   1.9922E+20   2.1463E+20   2.2995E+20   2.3681E+20   2.4569E+20   2.5350E+20   2.6331E+20   2.7289E+20   2.8310E+20
    2.5262E-02   2.7219E+19   3.5777E+19   4.7849E+19   6.8474E+19   8.3090E+19   9.3747E+19   1.0718E+20   1.2579E+20   1.4283E+20   1.7322E+20   1.9673E+20   2.1768E+20   2.3466E+20   2.5155E+20   2.5899E+20   2.6877E+20   2.7723E+20   2.8784E+20   2.9814E+20   3.0911E+20
    2.6456E-02   2.9762E+19   3.9141E+19   5.2323E+19   7.4670E+19   9.0777E+19   1.0247E+20   1.1709E+20   1.3723E+20   1.5568E+20   1.8886E+20   2.1477E+20   2.3782E+20   2.5652E+20   2.7513E+20   2.8322E+20   2.9399E+20   3.0314E+20   3.1462E+20   3.2567E+20   3.3744E+20
    2.7707E-02   3.2542E+19   4.2819E+19   5.7216E+19   8.1425E+19   9.9169E+19   1.1201E+20   1.2793E+20   1.4972E+20   1.6968E+20   2.0587E+20   2.3442E+20   2.5977E+20   2.8038E+20   3.0090E+20   3.0968E+20   3.2154E+20   3.3143E+20   3.4384E+20   3.5568E+20   3.6831E+20
    2.9018E-02   3.5578E+19   4.6841E+19   6.2567E+19   8.8789E+19   1.0833E+20   1.2244E+20   1.3978E+20   1.6335E+20   1.8494E+20   2.2438E+20   2.5583E+20   2.8370E+20   3.0643E+20   3.2904E+20   3.3858E+20   3.5162E+20   3.6232E+20   3.7573E+20   3.8838E+20   4.0192E+20
    3.0390E-02   3.8895E+19   5.1237E+19   6.8418E+19   9.6817E+19   1.1833E+20   1.3384E+20   1.5273E+20   1.7823E+20   2.0156E+20   2.4452E+20   2.7916E+20   3.0978E+20   3.3484E+20   3.5976E+20   3.7012E+20   3.8445E+20   3.9602E+20   4.1051E+20   4.2400E+20   4.3851E+20
    3.1827E-02   4.2517E+19   5.6043E+19   7.4816E+19   1.0557E+20   1.2925E+20   1.4630E+20   1.6689E+20   1.9448E+20   2.1968E+20   2.6643E+20   3.0455E+20   3.3821E+20   3.6583E+20   3.9330E+20   4.0456E+20   4.2029E+20   4.3280E+20   4.4845E+20   4.6280E+20   4.7834E+20
    3.3332E-02   4.6472E+19   6.1295E+19   8.1811E+19   1.1512E+20   1.4116E+20   1.5992E+20   1.8237E+20   2.1223E+20   2.3943E+20   2.9027E+20   3.3220E+20   3.6918E+20   3.9965E+20   4.2991E+20   4.4214E+20   4.5940E+20   4.7292E+20   4.8981E+20   5.0505E+20   5.2167E+20
    3.4908E-02   5.0791E+19   6.7035E+19   8.9458E+19   1.2552E+20   1.5416E+20   1.7480E+20   1.9929E+20   2.3161E+20   2.6096E+20   3.1620E+20   3.6229E+20   4.0294E+20   4.3652E+20   4.6985E+20   4.8315E+20   5.0205E+20   5.1668E+20   5.3491E+20   5.5103E+20   5.6881E+20
    3.6559E-02   5.5507E+19   7.3307E+19   9.7819E+19   1.3687E+20   1.6834E+20   1.9107E+20   2.1779E+20   2.5278E+20   2.8442E+20   3.4440E+20   3.9505E+20   4.3971E+20   4.7674E+20   5.1342E+20   5.2790E+20   5.4858E+20   5.6439E+20   5.8405E+20   6.0108E+20   6.2007E+20
    3.8288E-02   6.0654E+19   8.0160E+19   1.0696E+20   1.4925E+20   1.8382E+20   2.0884E+20   2.3802E+20   2.7591E+20   3.1001E+20   3.7509E+20   4.3069E+20   4.7976E+20   5.2059E+20   5.6094E+20   5.7672E+20   5.9930E+20   6.1640E+20   6.3759E+20   6.5552E+20   6.7579E+20
    4.0099E-02   6.6271E+19   8.7647E+19   1.1695E+20   1.6276E+20   2.0069E+20   2.2826E+20   2.6013E+20   3.0117E+20   3.3791E+20   4.0848E+20   4.6946E+20   5.2338E+20   5.6840E+20   6.1275E+20   6.2996E+20   6.5460E+20   6.7308E+20   6.9591E+20   7.1473E+20   7.3634E+20
    4.1995E-02   7.2401E+19   9.5824E+19   1.2787E+20   1.7748E+20   2.1910E+20   2.4948E+20   2.8430E+20   3.2877E+20   3.6834E+20   4.4480E+20   5.1165E+20   5.7088E+20   6.2051E+20   6.6924E+20   6.8801E+20   7.1487E+20   7.3483E+20   7.5942E+20   7.7910E+20   8.0212E+20
    4.3981E-02   7.9089E+19   1.0476E+20   1.3980E+20   1.9355E+20   2.3918E+20   2.7266E+20   3.1072E+20   3.5891E+20   4.0152E+20   4.8432E+20   5.5753E+20   6.2259E+20   6.7729E+20   7.3081E+20   7.5130E+20   7.8055E+20   8.0209E+20   8.2855E+20   8.4907E+20   8.7355E+20
    4.6061E-02   8.6384E+19   1.1451E+20   1.5284E+20   2.1107E+20   2.6107E+20   2.9798E+20   3.3960E+20   3.9185E+20   4.3771E+20   5.2732E+20   6.0743E+20   6.7888E+20   7.3916E+20   7.9790E+20   8.2028E+20   8.5210E+20   8.7532E+20   9.0379E+20   9.2509E+20   9.5108E+20
    4.8239E-02   9.4340E+19   1.2516E+20   1.6709E+20   2.3019E+20   2.8493E+20   3.2564E+20   3.7116E+20   4.2784E+20   4.7719E+20   5.7412E+20   6.6170E+20   7.4015E+20   8.0656E+20   8.7099E+20   8.9544E+20   9.3004E+20   9.5505E+20   9.8564E+20   1.0077E+21   1.0352E+21
    5.0520E-02   1.0302E+20   1.3678E+20   1.8266E+20   2.5104E+20   3.1095E+20   3.5585E+20   4.0566E+20   4.6716E+20   5.2025E+20   6.2505E+20   7.2071E+20   8.0683E+20   8.7997E+20   9.5061E+20   9.7734E+20   1.0149E+21   1.0418E+21   1.0747E+21   1.0973E+21   1.1265E+21
    5.2909E-02   1.1247E+20   1.4947E+20   1.9968E+20   2.7380E+20   3.3931E+20   3.8885E+20   4.4338E+20   5.1013E+20   5.6726E+20   6.8051E+20   7.8491E+20   8.7942E+20   9.5994E+20   1.0374E+21   1.0666E+21   1.1074E+21   1.1363E+21   1.1715E+21   1.1947E+21   1.2255E+21
    5.5411E-02   1.2278E+20   1.6333E+20   2.1829E+20   2.9880E+20   3.7039E+20   4.2497E+20   4.8466E+20   5.5717E+20   6.1870E+20   7.4105E+20   8.5485E+20   9.5844E+20   1.0470E+21   1.1318E+21   1.1637E+21   1.2080E+21   1.2389E+21   1.2767E+21   1.3002E+21   1.3326E+21
    5.8032E-02   1.3401E+20   1.7843E+20   2.3859E+20   3.2590E+20   4.0411E+20   4.6432E+20   5.2971E+20   6.0848E+20   6.7468E+20   8.0677E+20   9.3075E+20   1.0443E+21   1.1417E+21   1.2346E+21   1.2695E+21   1.3176E+21   1.3506E+21   1.3911E+21   1.4148E+21   1.4488E+21
    6.0776E-02   1.4624E+20   1.9491E+20   2.6075E+20   3.5546E+20   4.4084E+20   5.0726E+20   5.7892E+20   6.6450E+20   7.3574E+20   8.7827E+20   1.0132E+21   1.1377E+21   1.2447E+21   1.3465E+21   1.3845E+21   1.4367E+21   1.4719E+21   1.5153E+21   1.5390E+21   1.5745E+21
    6.3650E-02   1.5955E+20   2.1288E+20   2.8495E+20   3.8772E+20   4.8086E+20   5.5413E+20   6.3268E+20   7.2571E+20   8.0238E+20   9.5609E+20   1.1028E+21   1.2391E+21   1.3568E+21   1.4682E+21   1.5097E+21   1.5663E+21   1.6038E+21   1.6501E+21   1.6735E+21   1.7105E+21
    6.6660E-02   1.7405E+20   2.3247E+20   3.1137E+20   4.2291E+20   5.2446E+20   6.0528E+20   6.9142E+20   7.9257E+20   8.7510E+20   1.0408E+21   1.2003E+21   1.3494E+21   1.4786E+21   1.6005E+21   1.6457E+21   1.7072E+21   1.7470E+21   1.7965E+21   1.8192E+21   1.8576E+21
    6.9813E-02   1.8983E+20   2.5383E+20   3.4020E+20   4.6130E+20   5.7196E+20   6.6110E+20   7.5557E+20   8.6560E+20   9.5446E+20   1.1330E+21   1.3061E+21   1.4693E+21   1.6110E+21   1.7444E+21   1.7937E+21   1.8604E+21   1.9025E+21   1.9553E+21   1.9769E+21   2.0166E+21
    7.3114E-02   2.0700E+20   2.7710E+20   3.7167E+20   5.0318E+20   6.2370E+20   7.2200E+20   8.2564E+20   9.4536E+20   1.0411E+21   1.2334E+21   1.4212E+21   1.5995E+21   1.7549E+21   1.9008E+21   1.9545E+21   2.0270E+21   2.0713E+21   2.1275E+21   2.1477E+21   2.1884E+21
    7.6571E-02   2.2567E+20   3.0246E+20   4.0601E+20   5.4886E+20   6.8007E+20   7.8843E+20   9.0217E+20   1.0325E+21   1.1356E+21   1.3426E+21   1.5463E+21   1.7410E+21   1.9112E+21   2.0708E+21   2.1292E+21   2.2079E+21   2.2546E+21   2.3142E+21   2.3323E+21   2.3739E+21
    8.0193E-02   2.4596E+20   3.3007E+20   4.4347E+20   5.9870E+20   7.4145E+20   8.6089E+20   9.8573E+20   1.1276E+21   1.2387E+21   1.4616E+21   1.6822E+21   1.8947E+21   2.0811E+21   2.2555E+21   2.3190E+21   2.4044E+21   2.4534E+21   2.5166E+21   2.5320E+21   2.5742E+21
    8.3985E-02   2.6802E+20   3.6015E+20   4.8434E+20   6.5306E+20   8.0831E+20   9.3991E+20   1.0770E+21   1.2315E+21   1.3513E+21   1.5911E+21   1.8300E+21   2.0616E+21   2.2655E+21   2.4561E+21   2.5251E+21   2.6177E+21   2.6691E+21   2.7359E+21   2.7478E+21   2.7902E+21
    8.7956E-02   2.9199E+20   3.9288E+20   5.2890E+20   7.1235E+20   8.8111E+20   1.0261E+21   1.1766E+21   1.3449E+21   1.4742E+21   1.7321E+21   1.9905E+21   2.2429E+21   2.4658E+21   2.6738E+21   2.7488E+21   2.8492E+21   2.9029E+21   2.9734E+21   2.9808E+21   3.0231E+21
    9.2116E-02   3.1801E+20   4.2851E+20   5.7748E+20   7.7700E+20   9.6039E+20   1.1200E+21   1.2853E+21   1.4687E+21   1.6082E+21   1.8856E+21   2.1651E+21   2.4397E+21   2.6831E+21   2.9102E+21   2.9916E+21   3.1004E+21   3.1563E+21   3.2304E+21   3.2324E+21   3.2741E+21
    9.6472E-02   3.4626E+20   4.6726E+20   6.3044E+20   8.4751E+20   1.0467E+21   1.2224E+21   1.4039E+21   1.6039E+21   1.7545E+21   2.0527E+21   2.3547E+21   2.6534E+21   2.9191E+21   3.1667E+21   3.2550E+21   3.3729E+21   3.4310E+21   3.5084E+21   3.5038E+21   3.5445E+21
    1.0103E-01   3.7691E+20   5.0941E+20   6.8815E+20   9.2438E+20   1.1407E+21   1.3340E+21   1.5333E+21   1.7514E+21   1.9140E+21   2.2347E+21   2.5609E+21   2.8853E+21   3.1750E+21   3.4450E+21   3.5406E+21   3.6682E+21   3.7284E+21   3.8091E+21   3.7965E+21   3.8355E+21
    1.0581E-01   4.1014E+20   5.5523E+20   7.5102E+20   1.0082E+21   1.2430E+21   1.4555E+21   1.6745E+21   1.9123E+21   2.0881E+21   2.4328E+21   2.7849E+21   3.1370E+21   3.4527E+21   3.7467E+21   3.8503E+21   3.9882E+21   4.0505E+21   4.1341E+21   4.1119E+21   4.1485E+21
    1.1082E-01   4.4616E+20   6.0501E+20   8.1949E+20   1.0995E+21   1.3544E+21   1.5880E+21   1.8286E+21   2.0880E+21   2.2779E+21   2.6485E+21   3.0284E+21   3.4101E+21   3.7539E+21   4.0738E+21   4.1860E+21   4.3349E+21   4.3990E+21   4.4852E+21   4.4516E+21   4.4851E+21
    1.1606E-01   4.8519E+20   6.5909E+20   8.9405E+20   1.1991E+21   1.4756E+21   1.7322E+21   1.9965E+21   2.2795E+21   2.4850E+21   2.8833E+21   3.2929E+21   3.7064E+21   4.0804E+21   4.4283E+21   4.5497E+21   4.7102E+21   4.7761E+21   4.8642E+21   4.8171E+21   4.8467E+21
    1.2154E-01   5.2744E+20   7.1780E+20   9.7521E+20   1.3076E+21   1.6076E+21   1.8893E+21   2.1796E+21   2.4885E+21   2.7107E+21   3.1389E+21   3.5804E+21   4.0279E+21   4.4344E+21   4.8123E+21   4.9437E+21   5.1164E+21   5.1838E+21   5.2732E+21   5.2104E+21   5.2351E+21
    1.2729E-01   5.7315E+20   7.8152E+20   1.0635E+21   1.4258E+21   1.7512E+21   2.0604E+21   2.3792E+21   2.7163E+21   2.9568E+21   3.4171E+21   3.8928E+21   4.3765E+21   4.8180E+21   5.2283E+21   5.3704E+21   5.5558E+21   5.6244E+21   5.7144E+21   5.6331E+21   5.6518E+21
    1.3331E-01   6.2258E+20   8.5064E+20   1.1596E+21   1.5545E+21   1.9074E+21   2.2466E+21   2.5967E+21   2.9648E+21   3.2251E+21   3.7199E+21   4.2323E+21   4.7547E+21   5.2337E+21   5.6786E+21   5.8323E+21   6.0309E+21   6.1004E+21   6.1899E+21   6.0872E+21   6.0987E+21
    1.3962E-01   6.7600E+20   9.2557E+20   1.2640E+21   1.6947E+21   2.0774E+21   2.4492E+21   2.8337E+21   3.2355E+21   3.5175E+21   4.0495E+21   4.6010E+21   5.1647E+21   5.6840E+21   6.1660E+21   6.3321E+21   6.5445E+21   6.6143E+21   6.7022E+21   6.5747E+21   6.5777E+21
    1.4622E-01   7.3369E+20   1.0068E+21   1.3776E+21   1.8473E+21   2.2623E+21   2.6697E+21   3.0919E+21   3.5305E+21   3.8360E+21   4.4081E+21   5.0015E+21   5.6093E+21   6.1717E+21   6.6934E+21   6.8727E+21   7.0993E+21   7.1690E+21   7.2537E+21   7.0977E+21   7.0907E+21
    1.5313E-01   7.9595E+20   1.0947E+21   1.5010E+21   2.0134E+21   2.4634E+21   2.9095E+21   3.3730E+21   3.8520E+21   4.1830E+21   4.7982E+21   5.4365E+21   6.0912E+21   6.6998E+21   7.2638E+21   7.4573E+21   7.6984E+21   7.7672E+21   7.8473E+21   7.6584E+21   7.6396E+21
    1.6038E-01   8.6308E+20   1.1899E+21   1.6349E+21   2.1941E+21   2.6821E+21   3.1704E+21   3.6790E+21   4.2020E+21   4.5609E+21   5.2225E+21   5.9089E+21   6.6134E+21   7.2714E+21   7.8804E+21   8.0891E+21   8.3451E+21   8.4122E+21   8.4856E+21   8.2591E+21   8.2267E+21
    1.6796E-01   9.3541E+20   1.2929E+21   1.7804E+21   2.3907E+21   2.9199E+21   3.4540E+21   4.0120E+21   4.5832E+21   4.9723E+21   5.6840E+21   6.4218E+21   7.1793E+21   7.8899E+21   8.5469E+21   8.7716E+21   9.0428E+21   9.1070E+21   9.1718E+21   8.9023E+21   8.8541E+21
    1.7590E-01   1.0133E+21   1.4042E+21   1.9382E+21   2.6045E+21   3.1784E+21   3.7622E+21   4.3743E+21   4.9980E+21   5.4201E+21   6.1858E+21   6.9785E+21   7.7923E+21   8.5591E+21   9.2668E+21   9.5086E+21   9.7951E+21   9.8552E+21   9.9089E+21   9.5903E+21   9.5239E+21
    1.8422E-01   1.0971E+21   1.5245E+21   2.1094E+21   2.8369E+21   3.4593E+21   4.0972E+21   4.7683E+21   5.4494E+21   5.9074E+21   6.7312E+21   7.5826E+21   8.4564E+21   9.2828E+21   1.0044E+22   1.0304E+22   1.0606E+22   1.0660E+22   1.0700E+22   1.0326E+22   1.0239E+22
    1.9293E-01   1.1871E+21   1.6543E+21   2.2949E+21   3.0895E+21   3.7645E+21   4.4611E+21   5.1967E+21   5.9404E+21   6.4374E+21   7.3239E+21   8.2382E+21   9.1754E+21   1.0065E+22   1.0884E+22   1.1162E+22   1.1479E+22   1.1526E+22   1.1549E+22   1.1112E+22   1.1001E+22
    2.0206E-01   1.2837E+21   1.7944E+21   2.4959E+21   3.3638E+21   4.0960E+21   4.8562E+21   5.6622E+21   6.4743E+21   7.0138E+21   7.9678E+21   8.9492E+21   9.9538E+21   1.0911E+22   1.1789E+22   1.2087E+22   1.2419E+22   1.2457E+22   1.2459E+22   1.1951E+22   1.1812E+22
    2.1161E-01   1.3874E+21   1.9454E+21   2.7135E+21   3.6617E+21   4.4561E+21   5.2853E+21   6.1680E+21   7.0545E+21   7.6402E+21   8.6671E+21   9.7203E+21   1.0796E+22   1.1825E+22   1.2766E+22   1.3084E+22   1.3431E+22   1.3457E+22   1.3435E+22   1.2846E+22   1.2676E+22
    2.2162E-01   1.4985E+21   2.1080E+21   2.9490E+21   3.9850E+21   4.8469E+21   5.7509E+21   6.7173E+21   7.6849E+21   8.3208E+21   9.4262E+21   1.0556E+22   1.1708E+22   1.2812E+22   1.3819E+22   1.4158E+22   1.4519E+22   1.4531E+22   1.4479E+22   1.3800E+22   1.3594E+22
    2.3210E-01   1.6174E+21   2.2830E+21   3.2037E+21   4.3358E+21   5.2710E+21   6.2561E+21   7.3134E+21   8.3694E+21   9.0600E+21   1.0250E+22   1.1462E+22   1.2694E+22   1.3877E+22   1.4953E+22   1.5314E+22   1.5688E+22   1.5682E+22   1.5597E+22   1.4816E+22   1.4570E+22
    2.4307E-01   1.7445E+21   2.4712E+21   3.4788E+21   4.7161E+21   5.7311E+21   6.8039E+21   7.9603E+21   9.1125E+21   9.8624E+21   1.1144E+22   1.2443E+22   1.3760E+22   1.5027E+22   1.6175E+22   1.6557E+22   1.6944E+22   1.6917E+22   1.6792E+22   1.5897E+22   1.5605E+22
    2.5457E-01   1.8802E+21   2.6733E+21   3.7760E+21   5.1282E+21   6.2301E+21   7.3978E+21   8.6618E+21   9.9186E+21   1.0733E+22   1.2113E+22   1.3506E+22   1.4912E+22   1.6267E+22   1.7490E+22   1.7893E+22   1.8291E+22   1.8240E+22   1.8068E+22   1.7047E+22   1.6703E+22
    2.6661E-01   2.0249E+21   2.8902E+21   4.0967E+21   5.5747E+21   6.7709E+21   8.0413E+21   9.4221E+21   1.0793E+22   1.1677E+22   1.3163E+22   1.4656E+22   1.6156E+22   1.7605E+22   1.8905E+22   1.9329E+22   1.9736E+22   1.9656E+22   1.9431E+22   1.8269E+22   1.7866E+22
    2.7922E-01   2.1791E+21   3.1227E+21   4.4425E+21   6.0579E+21   7.3569E+21   8.7383E+21   1.0246E+22   1.1740E+22   1.2701E+22   1.4301E+22   1.5900E+22   1.7501E+22   1.9046E+22   2.0427E+22   2.0871E+22   2.1285E+22   2.1171E+22   2.0885E+22   1.9565E+22   1.9096E+22
    2.9242E-01   2.3432E+21   3.3718E+21   4.8149E+21   6.5808E+21   7.9915E+21   9.4928E+21   1.1138E+22   1.2766E+22   1.3809E+22   1.5533E+22   1.7246E+22   1.8951E+22   2.0599E+22   2.2061E+22   2.2525E+22   2.2944E+22   2.2791E+22   2.2435E+22   2.0940E+22   2.0397E+22
    3.0625E-01   2.5174E+21   3.6381E+21   5.2159E+21   7.1460E+21   8.6784E+21   1.0309E+22   1.2103E+22   1.3877E+22   1.5010E+22   1.6867E+22   1.8700E+22   2.0517E+22   2.2270E+22   2.3817E+22   2.4298E+22   2.4720E+22   2.4521E+22   2.4085E+22   2.2397E+22   2.1770E+22
    3.2073E-01   2.7022E+21   3.9227E+21   5.6471E+21   7.7567E+21   9.4214E+21   1.1192E+22   1.3147E+22   1.5079E+22   1.6308E+22   1.8309E+22   2.0270E+22   2.2204E+22   2.4068E+22   2.5700E+22   2.6198E+22   2.6618E+22   2.6367E+22   2.5840E+22   2.3939E+22   2.3219E+22
    3.3590E-01   2.8979E+21   4.2263E+21   6.1103E+21   8.4160E+21   1.0225E+22   1.2146E+22   1.4275E+22   1.6378E+22   1.7712E+22   1.9867E+22   2.1966E+22   2.4023E+22   2.6002E+22   2.7720E+22   2.8232E+22   2.8647E+22   2.8337E+22   2.7706E+22   2.5570E+22   2.4746E+22
    3.5178E-01   3.1049E+21   4.5499E+21   6.6075E+21   9.1273E+21   1.1093E+22   1.3177E+22   1.5493E+22   1.7781E+22   1.9229E+22   2.1550E+22   2.3795E+22   2.5982E+22   2.8079E+22   2.9884E+22   3.0408E+22   3.0812E+22   3.0435E+22   2.9687E+22   2.7292E+22   2.6352E+22
    3.6842E-01   3.3233E+21   4.8942E+21   7.1404E+21   9.8940E+21   1.2030E+22   1.4290E+22   1.6808E+22   1.9296E+22   2.0867E+22   2.3367E+22   2.5767E+22   2.8090E+22   3.0310E+22   3.2202E+22   3.2733E+22   3.3122E+22   3.2669E+22   3.1789E+22   2.9110E+22   2.8042E+22
    3.8584E-01   3.5535E+21   5.2600E+21   7.7112E+21   1.0720E+22   1.3041E+22   1.5489E+22   1.8226E+22   2.0930E+22   2.2634E+22   2.5326E+22   2.7891E+22   3.0357E+22   3.2703E+22   3.4681E+22   3.5216E+22   3.5584E+22   3.5046E+22   3.4017E+22   3.1026E+22   2.9816E+22
    4.0409E-01   3.7957E+21   5.6482E+21   8.3217E+21   1.1608E+22   1.4131E+22   1.6783E+22   1.9754E+22   2.2692E+22   2.4539E+22   2.7437E+22   3.0178E+22   3.2794E+22   3.5270E+22   3.7332E+22   3.7866E+22   3.8205E+22   3.7571E+22   3.6375E+22   3.3043E+22   3.1677E+22
    4.2320E-01   4.0500E+21   6.0594E+21   8.9738E+21   1.2563E+22   1.5305E+22   1.8176E+22   2.1399E+22   2.4588E+22   2.6591E+22   2.9711E+22   3.2637E+22   3.5410E+22   3.8019E+22   4.0162E+22   4.0691E+22   4.0993E+22   4.0253E+22   3.8869E+22   3.5166E+22   3.3627E+22
    4.4321E-01   4.3164E+21   6.4943E+21   9.6696E+21   1.3589E+22   1.6569E+22   1.9674E+22   2.3168E+22   2.6629E+22   2.8799E+22   3.2157E+22   3.5281E+22   3.8218E+22   4.0962E+22   4.3183E+22   4.3700E+22   4.3956E+22   4.3097E+22   4.1503E+22   3.7396E+22   3.5670E+22
    4.6417E-01   4.5951E+21   6.9534E+21   1.0411E+22   1.4689E+22   1.7928E+22   2.1286E+22   2.5071E+22   2.8822E+22   3.1174E+22   3.4787E+22   3.8119E+22   4.1228E+22   4.4110E+22   4.6404E+22   4.6902E+22   4.7102E+22   4.6111E+22   4.4284E+22   3.9738E+22   3.7807E+22
    4.8612E-01   4.8865E+21   7.4382E+21   1.1201E+22   1.5870E+22   1.9389E+22   2.3019E+22   2.7115E+22   3.1180E+22   3.3727E+22   3.7613E+22   4.1166E+22   4.4453E+22   4.7475E+22   4.9835E+22   5.0307E+22   5.0439E+22   4.9301E+22   4.7215E+22   4.2195E+22   4.0040E+22
    5.0911E-01   5.1521E+21   7.9245E+21   1.2023E+22   1.7121E+22   2.0947E+22   2.4870E+22   2.9301E+22   3.3703E+22   3.6460E+22   4.0640E+22   4.4428E+22   4.7901E+22   5.1064E+22   5.3485E+22   5.3921E+22   5.3974E+22   5.2674E+22   5.0302E+22   4.4769E+22   4.2373E+22
    5.3318E-01   5.4609E+21   8.4565E+21   1.2911E+22   1.8470E+22   2.2627E+22   2.6862E+22   3.1649E+22   3.6412E+22   3.9395E+22   4.3888E+22   4.7923E+22   5.1589E+22   5.4893E+22   5.7364E+22   5.7756E+22   5.7715E+22   5.6237E+22   5.3549E+22   4.7464E+22   4.4807E+22
    5.5840E-01   5.7811E+21   9.0122E+21   1.3849E+22   1.9909E+22   2.4423E+22   2.8991E+22   3.4158E+22   3.9308E+22   4.2535E+22   4.7362E+22   5.1659E+22   5.5525E+22   5.8971E+22   6.1482E+22   6.1820E+22   6.1670E+22   5.9995E+22   5.6961E+22   5.0284E+22   4.7347E+22
    5.8480E-01   6.1115E+21   9.5923E+21   1.4840E+22   2.1441E+22   2.6342E+22   3.1267E+22   3.6839E+22   4.2403E+22   4.5890E+22   5.1076E+22   5.5648E+22   5.9722E+22   6.3308E+22   6.5848E+22   6.6120E+22   6.5845E+22   6.3956E+22   6.0542E+22   5.3233E+22   4.9995E+22
    6.1246E-01   6.4515E+21   1.0197E+22   1.5884E+22   2.3072E+22   2.8391E+22   3.3696E+22   3.9699E+22   4.5706E+22   4.9473E+22   5.5041E+22   5.9904E+22   6.4193E+22   6.7917E+22   7.0473E+22   7.0668E+22   7.0250E+22   6.8124E+22   6.4299E+22   5.6314E+22   5.2756E+22
    6.4142E-01   6.8010E+21   1.0825E+22   1.6984E+22   2.4807E+22   3.0576E+22   3.6287E+22   4.2748E+22   4.9227E+22   5.3296E+22   5.9270E+22   6.4439E+22   6.8950E+22   7.2810E+22   7.5367E+22   7.5470E+22   7.4890E+22   7.2508E+22   6.8235E+22   5.9533E+22   5.5633E+22
    6.7175E-01   7.1087E+21   1.1447E+22   1.8120E+22   2.6632E+22   3.2890E+22   3.9036E+22   4.5986E+22   5.2970E+22   5.7361E+22   6.3771E+22   6.9262E+22   7.4003E+22   7.7997E+22   8.0537E+22   8.0537E+22   7.9774E+22   7.7112E+22   7.2357E+22   6.2894E+22   5.8634E+22
    7.0352E-01   7.4680E+21   1.2117E+22   1.9327E+22   2.8577E+22   3.5359E+22   4.1965E+22   4.9432E+22   5.6952E+22   6.1689E+22   6.8563E+22   7.4392E+22   7.9370E+22   8.3492E+22   8.5997E+22   8.5877E+22   8.4910E+22   8.1944E+22   7.6670E+22   6.6404E+22   6.1762E+22
    7.3679E-01   7.8241E+21   1.2802E+22   2.0586E+22   3.0631E+22   3.7975E+22   4.5069E+22   5.3084E+22   6.1177E+22   6.6284E+22   7.3652E+22   7.9837E+22   8.5059E+22   8.9306E+22   9.1754E+22   9.1499E+22   9.0304E+22   8.7010E+22   8.1181E+22   7.0070E+22   6.5026E+22
    7.7163E-01   8.1755E+21   1.3502E+22   2.1896E+22   3.2797E+22   4.0745E+22   4.8359E+22   5.6954E+22   6.5658E+22   7.1160E+22   7.9055E+22   8.5613E+22   9.1086E+22   9.5451E+22   9.7818E+22   9.7412E+22   9.5965E+22   9.2317E+22   8.5897E+22   7.3899E+22   6.8433E+22
    8.0812E-01   8.5418E+21   1.4224E+22   2.3263E+22   3.5085E+22   4.3684E+22   5.1850E+22   6.1061E+22   7.0412E+22   7.6338E+22   8.4792E+22   9.1739E+22   9.7467E+22   1.0194E+23   1.0420E+23   1.0363E+23   1.0190E+23   9.7874E+22   9.0825E+22   7.7901E+22   7.1994E+22
    8.4634E-01   8.9189E+21   1.4986E+22   2.4722E+22   3.7534E+22   4.6827E+22   5.5578E+22   6.5438E+22   7.5473E+22   8.1845E+22   9.0888E+22   9.8235E+22   1.0422E+23   1.0879E+23   1.1092E+23   1.1015E+23   1.0812E+23   1.0369E+23   9.5976E+22   8.2085E+22   7.5717E+22
    8.8636E-01   8.1335E+21   1.4974E+22   2.5716E+22   3.9731E+22   4.9859E+22   5.9317E+22   6.9920E+22   8.0709E+22   8.7571E+22   9.7262E+22   1.0505E+23   1.1131E+23   1.1598E+23   1.1795E+23   1.1699E+23   1.1463E+23   1.0976E+23   1.0135E+23   8.6462E+22   7.9616E+22
    9.2828E-01   8.4047E+21   1.5680E+22   2.7223E+22   4.2385E+22   5.3313E+22   6.3430E+22   7.4759E+22   8.6317E+22   9.3688E+22   1.0404E+23   1.1227E+23   1.1880E+23   1.2355E+23   1.2533E+23   1.2414E+23   1.2143E+23   1.1611E+23   1.0697E+23   9.1043E+22   8.3701E+22
    9.7218E-01   8.6634E+21   1.6362E+22   2.8724E+22   4.5099E+22   5.6878E+22   6.7688E+22   7.9780E+22   9.2157E+22   1.0007E+23   1.1114E+23   1.1983E+23   1.2664E+23   1.3147E+23   1.3303E+23   1.3161E+23   1.2853E+23   1.2272E+23   1.1283E+23   9.5841E+22   8.7986E+22
    1.0182E+00   8.9103E+21   1.7036E+22   3.0244E+22   4.7901E+22   6.0578E+22   7.2113E+22   8.5006E+22   9.8246E+22   1.0675E+23   1.1857E+23   1.2774E+23   1.3485E+23   1.3975E+23   1.4107E+23   1.3940E+23   1.3592E+23   1.2962E+23   1.1896E+23   1.0087E+23   9.2490E+22
    1.0663E+00   9.1442E+21   1.7697E+22   3.1782E+22   5.0793E+22   6.4419E+22   7.6712E+22   9.0442E+22   1.0459E+23   1.1372E+23   1.2635E+23   1.3603E+23   1.4343E+23   1.4839E+23   1.4946E+23   1.4753E+23   1.4364E+23   1.3681E+23   1.2535E+23   1.0616E+23   9.7231E+22
    1.1167E+00   9.3623E+21   1.8343E+22   3.3332E+22   5.3769E+22   6.8396E+22   8.1481E+22   9.6087E+22   1.1120E+23   1.2098E+23   1.3447E+23   1.4468E+23   1.5239E+23   1.5742E+23   1.5820E+23   1.5600E+23   1.5167E+23   1.4431E+23   1.3204E+23   1.1171E+23   1.0223E+23
    1.1695E+00   9.5517E+21   1.8959E+22   3.4881E+22   5.6821E+22   7.2501E+22   8.6414E+22   1.0194E+23   1.1806E+23   1.2855E+23   1.4294E+23   1.5370E+23   1.6174E+23   1.6682E+23   1.6731E+23   1.6482E+23   1.6005E+23   1.5214E+23   1.3905E+23   1.1757E+23   1.0752E+23
    1.2248E+00   9.6519E+21   1.9535E+22   3.6425E+22   5.9942E+22   7.6729E+22   9.1506E+22   1.0799E+23   1.2517E+23   1.3641E+23   1.5177E+23   1.6310E+23   1.7148E+23   1.7662E+23   1.7679E+23   1.7401E+23   1.6879E+23   1.6031E+23   1.4639E+23   1.2375E+23   1.1311E+23
    1.2828E+00   9.8036E+21   2.0097E+22   3.7964E+22   6.3131E+22   8.1079E+22   9.6757E+22   1.1424E+23   1.3254E+23   1.4458E+23   1.6095E+23   1.7289E+23   1.8162E+23   1.8682E+23   1.8666E+23   1.8359E+23   1.7790E+23   1.6885E+23   1.5409E+23   1.3028E+23   1.1905E+23
    1.3434E+00   9.9115E+21   2.0618E+22   3.9500E+22   6.6393E+22   8.5557E+22   1.0217E+23   1.2069E+23   1.4017E+23   1.5304E+23   1.7050E+23   1.8307E+23   1.9217E+23   1.9742E+23   1.9693E+23   1.9357E+23   1.8740E+23   1.7779E+23   1.6219E+23   1.3720E+23   1.2536E+23
    1.4070E+00   8.5494E+21   1.9954E+22   4.0294E+22   6.9251E+22   8.9824E+22   1.0752E+23   1.2720E+23   1.4794E+23   1.6172E+23   1.8034E+23   1.9359E+23   2.0309E+23   2.0843E+23   2.0761E+23   2.0396E+23   1.9733E+23   1.8714E+23   1.7070E+23   1.4454E+23   1.3208E+23
    1.4735E+00   8.5618E+21   2.0332E+22   4.1707E+22   7.2527E+22   9.4419E+22   1.1313E+23   1.3393E+23   1.5597E+23   1.7070E+23   1.9053E+23   2.0449E+23   2.1442E+23   2.1986E+23   2.1872E+23   2.1479E+23   2.0769E+23   1.9694E+23   1.7968E+23   1.5234E+23   1.3926E+23
    1.5432E+00   8.5703E+21   2.0650E+22   4.3019E+22   7.5745E+22   9.9000E+22   1.1875E+23   1.4073E+23   1.6412E+23   1.7987E+23   2.0100E+23   2.1573E+23   2.2613E+23   2.3171E+23   2.3027E+23   2.2608E+23   2.1852E+23   2.0721E+23   1.8915E+23   1.6064E+23   1.4692E+23
    1.6162E+00   8.5512E+21   2.0901E+22   4.4235E+22   7.8904E+22   1.0356E+23   1.2439E+23   1.4758E+23   1.7241E+23   1.8924E+23   2.1176E+23   2.2731E+23   2.3823E+23   2.4398E+23   2.4228E+23   2.3784E+23   2.2986E+23   2.1800E+23   1.9915E+23   1.6948E+23   1.5512E+23
    1.6926E+00   8.4155E+21   2.1021E+22   4.5315E+22   8.1978E+22   1.0809E+23   1.3002E+23   1.5447E+23   1.8080E+23   1.9879E+23   2.2280E+23   2.3922E+23   2.5072E+23   2.5670E+23   2.5478E+23   2.5013E+23   2.4172E+23   2.2935E+23   2.0974E+23   1.7892E+23   1.6390E+23
    1.7726E+00   7.6259E+21   2.0928E+22   4.6288E+22   8.4988E+22   1.1259E+23   1.3565E+23   1.6140E+23   1.8930E+23   2.0851E+23   2.3410E+23   2.5149E+23   2.6363E+23   2.6989E+23   2.6781E+23   2.6296E+23   2.5417E+23   2.4130E+23   2.2096E+23   1.8901E+23   1.7333E+23
    1.8564E+00   6.6588E+21   2.0850E+22   4.7164E+22   8.7917E+22   1.1704E+23   1.4126E+23   1.6836E+23   1.9790E+23   2.1840E+23   2.4569E+23   2.6411E+23   2.7696E+23   2.8357E+23   2.8139E+23   2.7638E+23   2.6723E+23   2.5390E+23   2.3286E+23   1.9980E+23   1.8345E+23
    1.9442E+00   6.4098E+21   2.0662E+22   4.7862E+22   9.0737E+22   1.2144E+23   1.4687E+23   1.7535E+23   2.0659E+23   2.2846E+23   2.5755E+23   2.7709E+23   2.9074E+23   2.9778E+23   2.9557E+23   2.9044E+23   2.8097E+23   2.6721E+23   2.4551E+23   2.1136E+23   1.9433E+23
    2.0362E+00   4.5720E+21   1.7939E+22   4.6826E+22   9.2587E+22   1.2525E+23   1.5212E+23   1.8214E+23   2.1522E+23   2.3857E+23   2.6962E+23   2.9041E+23   3.0495E+23   3.1252E+23   3.1037E+23   3.0517E+23   2.9542E+23   2.8126E+23   2.5895E+23   2.2374E+23   2.0603E+23
    2.1325E+00   3.9190E+21   1.6629E+22   4.6442E+22   9.4669E+22   1.2918E+23   1.5743E+23   1.8897E+23   2.2393E+23   2.4882E+23   2.8195E+23   3.0408E+23   3.1963E+23   3.2783E+23   3.2584E+23   3.2061E+23   3.1063E+23   2.9613E+23   2.7325E+23   2.3700E+23   2.1860E+23
    2.2333E+00   3.7208E+21   1.6247E+22   4.6602E+22   9.6891E+22   1.3307E+23   1.6259E+23   1.9565E+23   2.3256E+23   2.5909E+23   2.9447E+23   3.1809E+23   3.3477E+23   3.4372E+23   3.4200E+23   3.3681E+23   3.2666E+23   3.1186E+23   2.8846E+23   2.5122E+23   2.3213E+23
    2.3389E+00   3.4221E+21   1.5510E+22   4.6349E+22   9.8732E+22   1.3663E+23   1.6749E+23   2.0212E+23   2.4110E+23   2.6938E+23   3.0718E+23   3.3243E+23   3.5040E+23   3.6023E+23   3.5891E+23   3.5382E+23   3.4355E+23   3.2852E+23   3.0465E+23   2.6645E+23   2.4667E+23
    2.4495E+00   2.2265E+21   1.3640E+22   4.5710E+22   1.0030E+23   1.3994E+23   1.7217E+23   2.0845E+23   2.4957E+23   2.7970E+23   3.2010E+23   3.4713E+23   3.6653E+23   3.7740E+23   3.7661E+23   3.7169E+23   3.6136E+23   3.4616E+23   3.2189E+23   2.8276E+23   2.6230E+23
    2.5654E+00   2.0741E+21   1.2955E+22   4.4944E+22   1.0153E+23   1.4297E+23   1.7663E+23   2.1460E+23   2.5796E+23   2.9004E+23   3.3322E+23   3.6221E+23   3.8319E+23   3.9525E+23   3.9514E+23   3.9047E+23   3.8015E+23   3.6483E+23   3.4023E+23   3.0022E+23   2.7908E+23
    2.6867E+00   1.6142E+21   9.6265E+21   4.0348E+22   1.0033E+23   1.4448E+23   1.8014E+23   2.2016E+23   2.6600E+23   3.0020E+23   3.4643E+23   3.7760E+23   4.0037E+23   4.1379E+23   4.1453E+23   4.1018E+23   3.9995E+23   3.8460E+23   3.5972E+23   3.1889E+23   2.9708E+23
    2.8137E+00   1.5001E+21   9.0923E+21   3.9400E+22   1.0091E+23   1.4677E+23   1.8385E+23   2.2565E+23   2.7394E+23   3.1034E+23   3.5980E+23   3.9332E+23   4.1806E+23   4.3304E+23   4.3480E+23   4.3086E+23   4.2080E+23   4.0549E+23   3.8043E+23   3.3883E+23   3.1636E+23
    2.9468E+00   1.3989E+21   8.6406E+21   3.8471E+22   1.0119E+23   1.4860E+23   1.8705E+23   2.3066E+23   2.8150E+23   3.2023E+23   3.7320E+23   4.0931E+23   4.3624E+23   4.5298E+23   4.5596E+23   4.5254E+23   4.4273E+23   4.2756E+23   4.0239E+23   3.6010E+23   3.3699E+23
    3.0862E+00   1.2865E+21   8.0885E+21   3.7291E+22   1.0105E+23   1.4994E+23   1.8974E+23   2.3517E+23   2.8867E+23   3.2988E+23   3.8660E+23   4.2554E+23   4.5490E+23   4.7363E+23   4.7803E+23   4.7522E+23   4.6577E+23   4.5083E+23   4.2565E+23   3.8273E+23   3.5901E+23
    3.2321E+00   8.4549E+20   6.1992E+21   3.5012E+22   1.0029E+23   1.5073E+23   1.9190E+23   2.3919E+23   2.9545E+23   3.3926E+23   4.0000E+23   4.4202E+23   4.7404E+23   4.9498E+23   5.0102E+23   4.9893E+23   4.8993E+23   4.7533E+23   4.5023E+23   4.0677E+23   3.8248E+23
    3.3849E+00   7.6573E+20   5.6970E+21   3.3177E+22   9.8970E+22   1.5091E+23   1.9350E+23   2.4270E+23   3.0180E+23   3.4834E+23   4.1337E+23   4.5870E+23   4.9362E+23   5.1701E+23   5.2491E+23   5.2366E+23   5.1522E+23   5.0106E+23   4.7615E+23   4.3224E+23   4.0742E+23
    3.5450E+00   6.7989E+20   4.7359E+21   2.8535E+22   9.4992E+22   1.4931E+23   1.9388E+23   2.4532E+23   3.0749E+23   3.5692E+23   4.2655E+23   4.7548E+23   5.1358E+23   5.3968E+23   5.4966E+23   5.4939E+23   5.4162E+23   5.2802E+23   5.0340E+23   4.5916E+23   4.3387E+23
    3.7127E+00   6.1827E+20   4.3536E+21   2.6892E+22   9.3072E+22   1.4846E+23   1.9427E+23   2.4755E+23   3.1270E+23   3.6510E+23   4.3954E+23   4.9232E+23   5.3385E+23   5.6290E+23   5.7522E+23   5.7604E+23   5.6907E+23   5.5617E+23   5.3197E+23   4.8751E+23   4.6183E+23
    3.8882E+00   5.6008E+20   4.0059E+21   2.5407E+22   9.0971E+22   1.4712E+23   1.9396E+23   2.4901E+23   3.1716E+23   3.7265E+23   4.5218E+23   5.0907E+23   5.5429E+23   5.8658E+23   6.0151E+23   6.0356E+23   5.9752E+23   5.8545E+23   5.6182E+23   5.1728E+23   4.9128E+23
    4.0721E+00   4.9899E+20   3.6371E+21   2.3800E+22   8.8454E+22   1.4516E+23   1.9291E+23   2.4965E+23   3.2082E+23   3.7947E+23   4.6435E+23   5.2562E+23   5.7482E+23   6.1062E+23   6.2841E+23   6.3185E+23   6.2687E+23   6.1579E+23   5.9286E+23   5.4841E+23   5.2220E+23
    4.2647E+00   4.0724E+20   3.0463E+21   2.1513E+22   8.5249E+22   1.4245E+23   1.9106E+23   2.4942E+23   3.2359E+23   3.8549E+23   4.7593E+23   5.4183E+23   5.9527E+23   6.3486E+23   6.5580E+23   6.6077E+23   6.5701E+23   6.4708E+23   6.2502E+23   5.8082E+23   5.5452E+23
    4.4664E+00   3.5886E+20   2.7052E+21   1.9351E+22   8.0891E+22   1.3856E+23   1.8812E+23   2.4813E+23   3.2532E+23   3.9052E+23   4.8674E+23   5.5752E+23   6.1547E+23   6.5913E+23   6.8351E+23   6.9017E+23   6.8778E+23   6.7917E+23   6.5816E+23   6.1441E+23   5.8816E+23
    4.6776E+00   3.1477E+20   2.4124E+21   1.7731E+22   7.7247E+22   1.3468E+23   1.8467E+23   2.4598E+23   3.2603E+23   3.9452E+23   4.9664E+23   5.7251E+23   6.3522E+23   6.8322E+23   7.1132E+23   7.1985E+23   7.1899E+23   7.1189E+23   6.9210E+23   6.4904E+23   6.2300E+23
    4.8988E+00   2.7061E+20   2.1120E+21   1.6042E+22   7.3262E+22   1.3017E+23   1.8037E+23   2.4278E+23   3.2554E+23   3.9728E+23   5.0542E+23   5.8655E+23   6.5426E+23   7.0688E+23   7.3900E+23   7.4956E+23   7.5040E+23   7.4501E+23   7.2666E+23   6.8453E+23   6.5889E+23
    5.1304E+00   2.0932E+20   1.6822E+21   1.3624E+22   6.8212E+22   1.2476E+23   1.7510E+23   2.3843E+23   3.2372E+23   3.9864E+23   5.1285E+23   5.9942E+23   6.7234E+23   7.2984E+23   7.6626E+23   7.7902E+23   7.8176E+23   7.7827E+23   7.6159E+23   7.2066E+23   6.9563E+23
    5.3730E+00   1.7623E+20   1.4497E+21   1.2156E+22   6.3586E+22   1.1878E+23   1.6887E+23   2.3287E+23   3.2046E+23   3.9845E+23   5.1870E+23   6.1082E+23   6.8915E+23   7.5176E+23   7.9278E+23   8.0792E+23   8.1274E+23   8.1138E+23   7.9659E+23   7.5717E+23   7.3298E+23
    5.6271E+00   1.4795E+20   1.2487E+21   1.0735E+22   5.7951E+22   1.1131E+23   1.6121E+23   2.2583E+23   3.1553E+23   3.9644E+23   5.2269E+23   6.2045E+23   7.0435E+23   7.7231E+23   8.1820E+23   8.3590E+23   8.4299E+23   8.4399E+23   8.3133E+23   7.9375E+23   7.7067E+23
    5.8932E+00   1.2286E+20   1.0695E+21   9.5240E+21   5.3318E+22   1.0442E+23   1.5327E+23   2.1780E+23   3.0909E+23   3.9263E+23   5.2466E+23   6.2803E+23   7.1759E+23   7.9109E+23   8.4212E+23   8.6255E+23   8.7212E+23   8.7569E+23   8.6544E+23   8.3005E+23   8.0838E+23
    6.1719E+00   1.0063E+20   9.0635E+20   8.3865E+21   4.8705E+22   9.7155E+22   1.4452E+23   2.0850E+23   3.0092E+23   3.8678E+23   5.2429E+23   6.3323E+23   7.2852E+23   8.0770E+23   8.6412E+23   8.8744E+23   8.9968E+23   9.0607E+23   8.9850E+23   8.6568E+23   8.4572E+23
    6.4638E+00   8.1140E+19   7.5790E+20   7.2962E+21   4.3977E+22   8.9405E+22   1.3491E+23   1.9790E+23   2.9093E+23   3.7875E+23   5.2137E+23   6.3574E+23   7.3674E+23   8.2172E+23   8.8374E+23   9.1011E+23   9.2521E+23   9.3464E+23   9.3004E+23   9.0020E+23   8.8230E+23
    6.7695E+00   6.4242E+19   6.2323E+20   6.2442E+21   3.9096E+22   8.1136E+22   1.2442E+23   1.8597E+23   2.7909E+23   3.6843E+23   5.1566E+23   6.3526E+23   7.4191E+23   8.3272E+23   9.0052E+23   9.3007E+23   9.4822E+23   9.6092E+23   9.5957E+23   9.3313E+23   9.1763E+23
    7.0896E+00   4.9725E+19   5.0138E+20   5.2270E+21   3.4058E+22   7.2346E+22   1.1304E+23   1.7272E+23   2.6535E+23   3.5571E+23   5.0699E+23   6.3152E+23   7.4366E+23   8.4030E+23   9.1398E+23   9.4683E+23   9.6820E+23   9.8437E+23   9.8656E+23   9.6395E+23   9.5124E+23
    7.4249E+00   3.7304E+19   3.9113E+20   4.2433E+21   2.8867E+22   6.3026E+22   1.0076E+23   1.5812E+23   2.4967E+23   3.4052E+23   4.9518E+23   6.2428E+23   7.4168E+23   8.4404E+23   9.2367E+23   9.5990E+23   9.8463E+23   1.0045E+24   1.0105E+24   9.9212E+23   9.8258E+23
    7.7760E+00   2.6621E+19   2.9102E+20   3.2918E+21   2.3524E+22   5.3136E+22   8.7495E+22   1.4210E+23   2.3202E+23   3.2279E+23   4.8009E+23   6.1334E+23   7.3569E+23   8.4358E+23   9.2914E+23   9.6878E+23   9.9700E+23   1.0207E+24   1.0307E+24   1.0171E+24   1.0111E+24
    8.1437E+00   1.7238E+19   1.9944E+20   2.3693E+21   1.7997E+22   4.2539E+22   7.3022E+22   1.2448E+23   2.1229E+23   3.0241E+23   4.6160E+23   5.9853E+23   7.2544E+23   8.3858E+23   9.2997E+23   9.7302E+23   1.0048E+24   1.0324E+24   1.0468E+24   1.0383E+24   1.0362E+24
    8.5288E+00   7.8653E+18   1.1363E+20   1.4653E+21   1.2171E+22   3.0844E+22   5.6735E+22   1.0474E+23   1.9021E+23   2.7918E+23   4.3960E+23   5.7976E+23   7.1076E+23   8.2880E+23   9.2580E+23   9.7222E+23   1.0076E+24   1.0393E+24   1.0581E+24   1.0551E+24   1.0573E+24
    8.9322E+00   1.4848E+18   2.3237E+19   3.7859E+20   4.0931E+21   1.3076E+22   3.1762E+22   7.7766E+22   1.6363E+23   2.5198E+23   4.1371E+23   5.5688E+23   6.9155E+23   8.1403E+23   9.1635E+23   9.6601E+23   1.0050E+24   1.0407E+24   1.0642E+24   1.0670E+24   1.0739E+24
    9.3546E+00   6.6960E+17   1.0872E+19   1.9884E+20   2.4756E+21   8.4727E+21   2.1278E+22   5.5751E+22   1.3224E+23   2.1755E+23   3.8087E+23   5.2815E+23   6.6687E+23   7.9374E+23   9.0119E+23   9.5399E+23   9.9659E+23   1.0363E+24   1.0646E+24   1.0735E+24   1.0853E+24
    9.7969E+00   3.8390E+17   6.6593E+18   1.3174E+20   1.8054E+21   6.4888E+21   1.6730E+22   4.5496E+22   1.1410E+23   1.9429E+23   3.5286E+23   4.9923E+23   6.3900E+23   7.6857E+23   8.8031E+23   9.3598E+23   9.8203E+23   1.0257E+24   1.0589E+24   1.0742E+24   1.0911E+24
    1.0260E+01   2.3638E+17   4.3660E+18   9.4034E+19   1.4019E+21   5.2255E+21   1.3685E+22   3.8032E+22   9.9097E+22   1.7342E+23   3.2486E+23   4.6805E+23   6.0719E+23   7.3830E+23   8.5359E+23   9.1185E+23   9.6119E+23   1.0087E+24   1.0467E+24   1.0685E+24   1.0908E+24
    1.0745E+01   1.4741E+17   2.8658E+18   6.6550E+19   1.0790E+21   4.1717E+21   1.1122E+22   3.1657E+22   8.5591E+22   1.5375E+23   2.9656E+23   4.3486E+23   5.7188E+23   7.0329E+23   8.2127E+23   8.8173E+23   9.3411E+23   9.8517E+23   1.0279E+24   1.0564E+24   1.0841E+24
    1.1254E+01   9.1746E+16   1.9254E+18   4.8685E+19   8.5725E+20   3.4208E+21   9.2117E+21   2.6481E+22   7.3403E+22   1.3496E+23   2.6789E+23   3.9999E+23   5.3353E+23   6.6404E+23   7.8371E+23   8.4592E+23   9.0097E+23   9.5526E+23   1.0025E+24   1.0376E+24   1.0707E+24
    1.1786E+01   5.5720E+16   1.2750E+18   3.5373E+19   6.7921E+20   2.8016E+21   7.6317E+21   2.2170E+22   6.2813E+22   1.1787E+23   2.3998E+23   3.6439E+23   4.9297E+23   6.2122E+23   7.4143E+23   8.0485E+23   8.6211E+23   9.1920E+23   9.7067E+23   1.0120E+24   1.0505E+24
    1.2343E+01   3.2762E+16   8.2425E+17   2.5286E+19   5.3216E+20   2.2734E+21   6.2747E+21   1.8426E+22   5.3286E+22   1.0196E+23   2.1270E+23   3.2843E+23   4.5081E+23   5.7550E+23   6.9506E+23   7.5907E+23   8.1801E+23   8.7738E+23   9.3261E+23   9.7992E+23   1.0236E+24
    1.2927E+01   1.8556E+16   5.1757E+17   1.7697E+19   4.1050E+20   1.8204E+21   5.1000E+21   1.5154E+22   4.4707E+22   8.7180E+22   1.8633E+23   2.9265E+23   4.0777E+23   5.2768E+23   6.4534E+23   7.0929E+23   7.6930E+23   8.3033E+23   8.8877E+23   9.4155E+23   9.8993E+23
    1.3538E+01   1.0080E+16   3.1446E+17   1.2084E+19   3.1082E+20   1.4343E+21   4.0863E+21   1.2301E+22   3.7026E+22   7.3584E+22   1.6118E+23   2.5761E+23   3.6460E+23   4.7859E+23   5.9313E+23   6.5633E+23   7.1675E+23   7.7875E+23   8.3974E+23   8.9734E+23   9.5000E+23
    1.4178E+01   5.2302E+15   1.8420E+17   8.0276E+18   2.3042E+20   1.1091E+21   3.2200E+21   9.8346E+21   3.0221E+22   6.1225E+22   1.3753E+23   2.2385E+23   3.2204E+23   4.2912E+23   5.3934E+23   6.0110E+23   6.6122E+23   7.2346E+23   7.8626E+23   8.4789E+23   9.0424E+23
    1.4849E+01   2.5805E+15   1.0365E+17   5.1728E+18   1.6684E+20   8.4001E+20   2.4899E+21   7.7296E+21   2.4272E+22   5.0154E+22   1.1565E+23   1.9186E+23   2.8079E+23   3.8014E+23   4.8493E+23   5.4456E+23   6.0367E+23   6.6539E+23   7.2918E+23   7.9395E+23   8.5328E+23
    1.5551E+01   1.2051E+15   5.5835E+16   3.2241E+18   1.1772E+20   6.2168E+20   1.8855E+21   5.9612E+21   1.9154E+22   4.0401E+22   9.5757E+22   1.6207E+23   2.4151E+23   3.3247E+23   4.3085E+23   4.8772E+23   5.4511E+23   6.0555E+23   6.6948E+23   7.3640E+23   7.9791E+23
    1.6286E+01   5.3017E+14   2.8682E+16   1.9381E+18   8.0742E+19   4.4865E+20   1.3954E+21   4.5029E+21   1.4831E+22   3.1965E+22   7.7985E+22   1.3482E+23   2.0476E+23   2.8689E+23   3.7803E+23   4.3157E+23   4.8656E+23   5.4499E+23   6.0818E+23   6.7619E+23   7.3902E+23
    1.7057E+01   2.1861E+14   1.3996E+16   1.1202E+18   5.3712E+19   3.1507E+20   1.0073E+21   3.3258E+21   1.1252E+22   2.4809E+22   6.2411E+22   1.1034E+23   1.7099E+23   2.4408E+23   3.2734E+23   3.7707E+23   4.2905E+23   4.8476E+23   5.4636E+23   6.1439E+23   6.7762E+23
    1.7863E+01   8.4037E+13   6.4618E+15   6.2077E+17   3.4572E+19   2.1485E+20   7.0789E+20   2.3977E+21   8.3519E+21   1.8866E+22   4.9031E+22   8.8769E+22   1.4052E+23   2.0457E+23   2.7953E+23   3.2506E+23   3.7351E+23   4.2590E+23   4.8509E+23   5.5207E+23   6.1478E+23
    1.8708E+01   2.9952E+13   2.8110E+15   3.2876E+17   2.1480E+19   1.4197E+20   4.8337E+20   1.6845E+21   6.0571E+21   1.4040E+22   3.7774E+22   7.0137E+22   1.1355E+23   1.6879E+23   2.3523E+23   2.7631E+23   3.2080E+23   3.6936E+23   4.2540E+23   4.9031E+23   5.5159E+23
    1.9593E+01   9.8401E+12   1.1472E+15   1.6589E+17   1.2852E+19   9.0720E+19   3.2010E+20   1.1512E+21   4.2860E+21   1.0212E+22   2.8508E+22   5.4371E+22   9.0141E+22   1.3697E+23   1.9493E+23   2.3141E+23   2.7164E+23   3.1597E+23   3.6824E+23   4.3014E+23   4.8913E+23
    2.0519E+01   2.9618E+12   4.3733E+14   7.9495E+16   7.3875E+18   5.5944E+19   2.0520E+20   7.6409E+20   2.9546E+21   7.2508E+21   2.1053E+22   4.1312E+22   7.0234E+22   1.0924E+23   1.5894E+23   1.9081E+23   2.2661E+23   2.6644E+23   3.1443E+23   3.7252E+23   4.2844E+23
    2.1490E+01   8.1157E+11   1.5500E+14   3.6061E+16   4.0698E+18   3.3223E+19   1.2709E+20   4.9171E+20   1.9815E+21   5.0188E+21   1.5196E+22   3.0733E+22   5.3658E+22   8.5531E+22   1.2740E+23   1.5477E+23   1.8609E+23   2.2131E+23   2.6466E+23   3.1827E+23   3.7046E+23
    2.2506E+01   2.0115E+11   5.0826E+13   1.5433E+16   2.1435E+18   1.8961E+19   7.5910E+19   3.0626E+20   1.2909E+21   3.3820E+21   1.0708E+22   2.2362E+22   4.0154E+22   6.5691E+22   1.0031E+23   1.2339E+23   1.5031E+23   1.8092E+23   2.1943E+23   2.6807E+23   3.1600E+23
    2.3570E+01   4.4810E+10   1.5345E+13   6.2100E+15   1.0767E+18   1.0378E+19   4.3639E+19   1.8430E+20   8.1561E+20   2.2156E+21   7.3565E+21   1.5895E+22   2.9403E+22   4.9440E+22   7.7499E+22   9.6600E+22   1.1932E+23   1.4545E+23   1.7906E+23   2.2243E+23   2.6574E+23
    2.4685E+01   8.9184E+09   4.2436E+12   2.3409E+15   5.1448E+17   5.4350E+18   2.4097E+19   1.0696E+20   4.9898E+20   1.4091E+21   4.9213E+21   1.1024E+22   2.1043E+22   3.6423E+22   5.8701E+22   7.4199E+22   9.3011E+22   1.1490E+23   1.4370E+23   1.8168E+23   2.2014E+23
    2.5852E+01   1.5780E+09   1.0696E+12   8.2365E+14   2.3324E+17   2.7175E+18   1.2755E+19   5.9755E+19   2.9510E+20   8.6858E+20   3.2014E+21   7.4507E+21   1.4702E+22   2.6238E+22   4.3545E+22   5.5860E+22   7.1121E+22   8.9107E+22   1.1332E+23   1.4597E+23   1.7952E+23
    2.7075E+01   2.4740E+08   2.4449E+11   2.6948E+14   1.0005E+17   1.2943E+18   6.4583E+18   3.2071E+19   1.6841E+20   5.1812E+20   2.0221E+21   4.9008E+21   1.0015E+22   1.8460E+22   3.1601E+22   4.1176E+22   5.3296E+22   6.7775E+22   8.7734E+22   1.1525E+23   1.4400E+23
    2.8355E+01   3.4319E+07   5.0464E+10   8.1674E+13   4.0498E+16   5.8571E+17   3.1208E+18   1.6503E+19   9.2573E+19   2.9859E+20   1.2384E+21   3.1328E+21   6.6429E+21   1.2669E+22   2.2410E+22   2.9685E+22   3.9099E+22   5.0508E+22   6.6622E+22   8.9357E+22   1.1352E+23
    2.9696E+01   4.2138E+06   9.3715E+09   2.2844E+13   1.5423E+16   2.5122E+17   1.4359E+18   8.1238E+18   4.8918E+19   1.6594E+20   7.3411E+20   1.9434E+21   4.2847E+21   8.4708E+21   1.5511E+22   2.0907E+22   2.8051E+22   3.6842E+22   4.9571E+22   6.7966E+22   8.7875E+22
    3.1100E+01   4.5935E+05   1.5619E+09   5.8750E+12   5.5098E+15   1.0187E+17   6.2756E+17   3.8172E+18   2.4799E+19   8.8770E+19   4.2056E+20   1.1681E+21   2.6835E+21   5.5101E+21   1.0465E+22   1.4368E+22   1.9657E+22   2.6273E+22   3.6104E+22   5.0665E+22   6.6733E+22
    3.2571E+01   4.4827E+04   2.3330E+08   1.3848E+12   1.8410E+15   3.8941E+16   2.5985E+17   1.7079E+18   1.2035E+19   4.5620E+19   2.3242E+20   6.7919E+20   1.6294E+21   3.4820E+21   6.8734E+21   9.6215E+21   1.3439E+22   1.8297E+22   2.5711E+22   3.6977E+22   4.9668E+22
    3.4111E+01   3.7199E+03   3.1220E+07   2.9830E+11   5.7364E+14   1.3996E+16   1.0167E+17   7.2586E+17   5.5783E+18   2.2476E+19   1.2368E+20   3.8136E+20   9.5764E+20   2.1344E+21   4.3883E+21   6.2701E+21   8.9518E+21   1.2428E+22   1.7881E+22   2.6393E+22   3.6194E+22
    3.5724E+01   2.3554E+02   3.7467E+06   5.8603E+10   1.6620E+14   4.7159E+15   3.7484E+16   2.9226E+17   2.4638E+18   1.0593E+19   6.3253E+19   2.0642E+20   5.4385E+20   1.2671E+21   2.7194E+21   3.9706E+21   5.8017E+21   8.2221E+21   1.2130E+22   1.8403E+22   2.5795E+22
    3.7414E+01   3.2556E+01   4.0141E+05   1.0483E+10   4.4651E+13   1.4856E+15   1.2987E+16   1.1118E+17   1.0343E+18   4.7651E+18   3.1024E+19   1.0749E+20   2.9791E+20   7.2719E+20   1.6330E+21   2.4395E+21   3.6531E+21   5.2911E+21   8.0159E+21   1.2520E+22   1.7960E+22
    3.9183E+01   1.5918E+01   3.5791E+04   1.7062E+09   1.1097E+13   4.3634E+14   4.2163E+15   3.9850E+16   4.1160E+17   2.0409E+18   1.4563E+19   5.3750E+19   1.5710E+20   4.0275E+20   9.4861E+20   1.4518E+21   2.2313E+21   3.3069E+21   5.1529E+21   8.3000E+21   1.2201E+22
    4.1036E+01   2.1349E+00   2.3742E+03   2.5248E+08   2.5458E+12   1.1919E+14   1.2792E+15   1.3419E+16   1.5487E+17   8.3021E+17   6.5270E+18   2.5753E+19   7.9593E+19   2.1484E+20   5.3211E+20   8.3545E+20   1.3198E+21   2.0042E+21   3.2175E+21   5.3542E+21   8.0766E+21
    4.2976E+01   0.0000E+00   5.7270E+02   3.3888E+07   5.3819E+11   3.0206E+13   3.6171E+14   4.2338E+15   5.4940E+16   3.1994E+17   2.7869E+18   1.1798E+19   3.8660E+19   1.1015E+20   2.8765E+20   4.6399E+20   7.5461E+20   1.1758E+21   1.9483E+21   3.3561E+21   5.2029E+21
    4.5009E+01   0.0000E+00   9.0471E+01   4.0471E+06   1.0470E+11   7.0884E+12   9.5098E+13   1.2480E+15   1.8326E+16   1.1650E+17   1.1308E+18   5.1553E+18   1.7963E+19   5.4165E+19   1.4955E+20   2.4820E+20   4.1628E+20   6.6659E+20   1.1422E+21   2.0409E+21   3.2569E+21
    4.7137E+01   0.0000E+00   0.0000E+00   3.9973E+05   1.8721E+10   1.5377E+12   2.3198E+13   3.4288E+14   5.7322E+15   3.9977E+16   4.3499E+17   2.1439E+18   7.9647E+18   2.5485E+19   7.4601E+19   1.2760E+20   2.2111E+20   3.6444E+20   6.4712E+20   1.2020E+21   1.9780E+21
    4.9366E+01   0.0000E+00   0.0000E+00   5.0380E+04   3.0713E+09   3.0791E+11   5.2412E+12   8.7596E+13   1.6769E+15   1.2895E+16   1.5822E+17   8.4640E+17   3.3619E+18   1.1445E+19   3.5623E+19   6.2901E+19   1.1283E+20   1.9175E+20   3.5361E+20   6.8445E+20   1.1635E+21
    5.1701E+01   0.0000E+00   0.0000E+00   1.1721E+04   4.5927E+08   5.6844E+10   1.0953E+12   2.0771E+13   4.5776E+14   3.8998E+15   5.4287E+16   3.1645E+17   1.3474E+18   4.8926E+18   1.6240E+19   2.9657E+19   5.5177E+19   9.6873E+19   1.8597E+20   3.7608E+20   6.6177E+20
    5.4146E+01   0.0000E+00   0.0000E+00   2.3442E+05   6.1310E+07   9.6539E+09   2.1146E+11   4.5652E+12   1.1636E+14   1.1034E+15   1.7526E+16   1.1177E+17   5.1136E+17   1.9855E+18   7.0484E+18   1.3337E+19   2.5793E+19   4.6877E+19   9.3924E+19   1.9899E+20   3.6321E+20
    5.6706E+01   0.0000E+00   0.0000E+00   2.4723E+04   7.1812E+06   1.4973E+09   3.7660E+10   9.2902E+11   2.7502E+13   2.9147E+14   5.3122E+15   3.7206E+16   1.8329E+17   7.6264E+17   2.9036E+18   5.7038E+18   1.1493E+19   2.1669E+19   4.5438E+19   1.0116E+20   1.9197E+20
    5.9388E+01   0.0000E+00   0.0000E+00   0.0000E+00   1.1463E+06   2.0836E+08   6.1600E+09   1.7488E+11   6.0368E+12   7.1772E+13   1.5085E+15   1.1646E+16   6.1880E+16   2.7640E+17   1.1315E+18   2.3124E+18   4.8658E+18   9.5403E+18   2.0999E+19   4.9287E+19   9.7494E+19
    6.2197E+01   0.0000E+00   0.0000E+00   0.0000E+00   1.8284E+05   2.6459E+07   9.1407E+08   3.0380E+10   1.2296E+12   1.6454E+13   4.0062E+14   3.4215E+15   1.9625E+16   9.4222E+16   4.1568E+17   8.8554E+17   1.9509E+18   3.9880E+18   9.2438E+18   2.2956E+19   4.7459E+19
    6.5138E+01   0.0000E+00   0.0000E+00   0.0000E+00   1.3706E+07   4.2921E+06   1.2267E+08   4.8390E+09   2.3216E+11   3.5084E+12   9.9367E+13   9.4186E+14   5.8331E+15   3.0112E+16   1.4339E+17   3.1911E+17   7.3792E+17   1.5771E+18   3.8632E+18   1.0191E+19   2.2086E+19
    6.8218E+01   0.0000E+00   0.0000E+00   0.0000E+00   0.0000E+00   5.4382E+05   2.0150E+07   7.0334E+08   4.0501E+10   6.9495E+11   2.2993E+13   2.4266E+14   1.6213E+15   8.9932E+15   4.6259E+16   1.0775E+17   2.6223E+17   5.8778E+17   1.5273E+18   4.2981E+18   9.7970E+18
    7.1444E+01   0.0000E+00   0.0000E+00   0.0000E+00   0.0000E+00   3.6021E+07   2.3287E+06   1.0084E+08   6.4859E+09   1.2751E+11   4.9584E+12   5.8475E+13   4.2075E+14   2.5024E+15   1.3895E+16   3.3939E+16   8.7146E+16   2.0554E+17   5.6890E+17   1.7162E+18   4.1292E+18
    7.4823E+01   0.0000E+00   0.0000E+00   0.0000E+00   0.0000E+00   0.0000E+00   1.4525E+08   1.4121E+07   9.6398E+08   2.1547E+10   9.9485E+11   1.3176E+13   1.0184E+14   6.4704E+14   3.8687E+15   9.9212E+15   2.6943E+16   6.7114E+16   1.9877E+17   6.4621E+17   1.6478E+18
    7.8361E+01   0.0000E+00   0.0000E+00   0.0000E+00   0.0000E+00   0.0000E+00   2.3369E+07   1.1409E+06   1.5417E+08   3.3733E+09   1.8503E+11   2.7746E+12   2.2984E+13   1.5515E+14   9.9376E+14   2.6774E+15   7.7055E+15   2.0350E+16   6.4809E+16   2.2844E+17   6.2014E+17
    8.2067E+01   0.0000E+00   0.0000E+00   0.0000E+00   0.0000E+00   0.0000E+00   0.0000E+00   1.2061E+05   1.7096E+07   5.4986E+08   3.1772E+10   5.4523E+11   4.8362E+12   3.4465E+13   2.3450E+14   6.6328E+14   2.0253E+15   5.6948E+15   1.9607E+16   7.5433E+16   2.1913E+17
    8.5948E+01   0.0000E+00   0.0000E+00   0.0000E+00   0.0000E+00   0.0000E+00   0.0000E+00   2.4533E+04   1.2861E+06   7.7219E+07   5.1607E+09   9.9842E+10   9.4860E+11   7.0929E+12   5.0646E+13   1.4998E+14   4.8573E+14   1.4605E+15   5.4671E+15   2.3136E+16   7.2334E+16
    9.0012E+01   0.0000E+00   0.0000E+00   0.0000E+00   0.0000E+00   0.0000E+00   0.0000E+00   6.0700E+03   4.4925E+05   1.2911E+06   9.4783E+08   1.7313E+10   1.7353E+11   1.3538E+12   9.9899E+12   3.0790E+13   1.0547E+14   3.4050E+14   1.3943E+15   6.5472E+15   2.2179E+16
    9.4269E+01   0.0000E+00   0.0000E+00   0.0000E+00   0.0000E+00   0.0000E+00   0.0000E+00   8.3603E+02   0.0000E+00   1.7183E+04   1.0261E+08   3.1350E+09   3.0000E+10   2.4033E+11   1.8001E+12   5.7154E+12   2.0558E+13   7.1520E+13   3.2227E+14   1.6964E+15   6.2748E+15
    9.8727E+01   0.0000E+00   0.0000E+00   0.0000E+00   0.0000E+00   0.0000E+00   0.0000E+00   0.0000E+00   0.0000E+00   2.5663E+05   1.6948E+04   4.6709E+08   5.1838E+09   4.0293E+10   2.9748E+11   9.5775E+11   3.5681E+12   1.3397E+13   6.6791E+13   3.9880E+14   1.6254E+15
    1.0340E+02   0.0000E+00   0.0000E+00   0.0000E+00   0.0000E+00   0.0000E+00   0.0000E+00   0.0000E+00   0.0000E+00   0.0000E+00   1.3045E+06   2.1640E+10   4.5859E+08   6.7245E+09   4.5557E+10   1.4534E+11   5.4777E+11   2.2136E+12   1.2252E+13   8.4125E+13   3.8198E+14
    1.0829E+02   0.0000E+00   0.0000E+00   0.0000E+00   0.0000E+00   0.0000E+00   0.0000E+00   0.0000E+00   0.0000E+00   0.0000E+00   2.2617E+05   4.1645E+09   1.0581E+08   1.7088E+08   6.5758E+09   2.0203E+10   7.4264E+10   3.1922E+11   1.9582E+12   1.5710E+13   8.0531E+13
    1.1341E+02   0.0000E+00   0.0000E+00   0.0000E+00   0.0000E+00   0.0000E+00   0.0000E+00   0.0000E+00   0.0000E+00   0.0000E+00   1.1765E+04   4.3232E+08   1.3160E+07   1.2742E+08   8.8099E+08   2.6045E+09   9.0030E+09   3.9886E+10   2.6760E+11   2.5534E+12   1.5023E+13
    1.1877E+02   0.0000E+00   0.0000E+00   0.0000E+00   0.0000E+00   0.0000E+00   0.0000E+00   0.0000E+00   0.0000E+00   0.0000E+00   6.4288E+03   0.0000E+00   7.0628E+05   2.2573E+07   5.0843E+07   4.0057E+08   9.9597E+08   4.3512E+09   3.0587E+10   3.5336E+11   2.4368E+12
    1.2439E+02   0.0000E+00   0.0000E+00   0.0000E+00   0.0000E+00   0.0000E+00   0.0000E+00   0.0000E+00   0.0000E+00   0.0000E+00   0.0000E+00   0.0000E+00   8.2528E+05   2.6084E+06   3.5231E+07   1.5601E+07   6.5278E+07   4.2492E+08   2.8623E+09   4.0433E+10   3.3589E+11
    1.3027E+02   0.0000E+00   0.0000E+00   0.0000E+00   0.0000E+00   0.0000E+00   0.0000E+00   0.0000E+00   0.0000E+00   0.0000E+00   0.0000E+00   0.0000E+00   2.9054E+04   3.1081E+05   4.0024E+06   4.4513E+06   1.4603E+07   1.1514E+07   2.1874E+08   3.6742E+09   3.8122E+10
    1.3643E+02   0.0000E+00   0.0000E+00   0.0000E+00   0.0000E+00   0.0000E+00   0.0000E+00   0.0000E+00   0.0000E+00   0.0000E+00   0.0000E+00   0.0000E+00   1.0643E+03   3.9835E+04   2.6806E+05   5.9289E+05   1.1561E+06   9.0538E+06   1.2787E+07   2.5074E+08   3.4035E+09
    1.4288E+02   0.0000E+00   0.0000E+00   0.0000E+00   0.0000E+00   0.0000E+00   0.0000E+00   0.0000E+00   0.0000E+00   0.0000E+00   0.0000E+00   0.0000E+00   4.5211E+02   3.9255E+03   2.4427E+04   6.6461E+04   1.8111E+05   5.2036E+05   3.5348E+05   1.1979E+07   2.2246E+08
    1.4964E+02   0.0000E+00   0.0000E+00   0.0000E+00   0.0000E+00   0.0000E+00   0.0000E+00   0.0000E+00   0.0000E+00   0.0000E+00   0.0000E+00   0.0000E+00   0.0000E+00   2.1211E+02   2.6462E+03   6.9374E+03   1.5377E+04   4.5598E+04   1.2978E+05   4.4712E+05   9.3943E+06
    1.5671E+02   0.0000E+00   0.0000E+00   0.0000E+00   0.0000E+00   0.0000E+00   0.0000E+00   0.0000E+00   0.0000E+00   0.0000E+00   0.0000E+00   0.0000E+00   0.0000E+00   1.9744E+01   1.3435E+02   5.2354E+02   1.4724E+03   3.9958E+03   1.1849E+04   2.9997E+04   2.0509E+05
    1.6412E+02   0.0000E+00   0.0000E+00   0.0000E+00   0.0000E+00   0.0000E+00   0.0000E+00   0.0000E+00   0.0000E+00   0.0000E+00   0.0000E+00   0.0000E+00   0.0000E+00   3.2178E+00   3.6099E+01   4.6220E+01   8.8170E+01   5.5761E+05   8.4536E+02   2.6907E+03   6.0253E+03
    1.7188E+02   0.0000E+00   0.0000E+00   0.0000E+00   0.0000E+00   0.0000E+00   0.0000E+00   0.0000E+00   0.0000E+00   0.0000E+00   0.0000E+00   0.0000E+00   0.0000E+00   3.0401E+00   3.5930E+03   9.0338E+00   1.0348E+00   4.9082E+04   9.6196E+01   1.5311E+02   1.0010E+03
    1.8001E+02   0.0000E+00   0.0000E+00   0.0000E+00   0.0000E+00   0.0000E+00   0.0000E+00   0.0000E+00   0.0000E+00   0.0000E+00   0.0000E+00   0.0000E+00   0.0000E+00   5.9130E-01   1.5476E+02   2.6626E+00   3.8415E+02   3.3978E+03   7.1309E+00   3.2510E+01   1.9716E-04
    1.8853E+02   0.0000E+00   0.0000E+00   0.0000E+00   0.0000E+00   0.0000E+00   0.0000E+00   0.0000E+00   0.0000E+00   0.0000E+00   0.0000E+00   0.0000E+00   0.0000E+00   4.3010E+00   5.6930E+00   9.7533E-02   9.2939E+01   3.6211E+02   7.7641E-02   1.8113E-01   2.2867E+04
    1.9744E+02   0.0000E+00   0.0000E+00   0.0000E+00   0.0000E+00   0.0000E+00   0.0000E+00   0.0000E+00   0.0000E+00   0.0000E+00   0.0000E+00   0.0000E+00   0.0000E+00   0.0000E+00   8.9477E-01   1.0926E-01   9.8405E+00   0.0000E+00   5.4465E+01   0.0000E+00   1.3541E+03
    2.0678E+02   0.0000E+00   0.0000E+00   0.0000E+00   0.0000E+00   0.0000E+00   0.0000E+00   0.0000E+00   0.0000E+00   0.0000E+00   0.0000E+00   0.0000E+00   0.0000E+00   0.0000E+00   0.0000E+00   1.8205E-02   3.2730E-02   0.0000E+00   5.9905E+00   0.0000E+00   6.6444E+01
    2.1656E+02   0.0000E+00   0.0000E+00   0.0000E+00   0.0000E+00   0.0000E+00   0.0000E+00   0.0000E+00   0.0000E+00   0.0000E+00   0.0000E+00   0.0000E+00   0.0000E+00   0.0000E+00   0.0000E+00   0.0000E+00   5.8976E-02   0.0000E+00   0.0000E+00   0.0000E+00   0.0000E+00
    2.2680E+02   0.0000E+00   0.0000E+00   0.0000E+00   0.0000E+00   0.0000E+00   0.0000E+00   0.0000E+00   0.0000E+00   0.0000E+00   0.0000E+00   0.0000E+00   0.0000E+00   0.0000E+00   0.0000E+00   0.0000E+00   0.0000E+00   0.0000E+00   0.0000E+00   0.0000E+00   0.0000E+00
    2.3752E+02   0.0000E+00   0.0000E+00   0.0000E+00   0.0000E+00   0.0000E+00   0.0000E+00   0.0000E+00   0.0000E+00   0.0000E+00   0.0000E+00   0.0000E+00   0.0000E+00   0.0000E+00   0.0000E+00   0.0000E+00   0.0000E+00   0.0000E+00   0.0000E+00   0.0000E+00   0.0000E+00
    2.4876E+02   0.0000E+00   0.0000E+00   0.0000E+00   0.0000E+00   0.0000E+00   0.0000E+00   0.0000E+00   0.0000E+00   0.0000E+00   0.0000E+00   0.0000E+00   0.0000E+00   0.0000E+00   0.0000E+00   0.0000E+00   0.0000E+00   0.0000E+00   0.0000E+00   0.0000E+00   0.0000E+00
    2.6052E+02   0.0000E+00   0.0000E+00   0.0000E+00   0.0000E+00   0.0000E+00   0.0000E+00   0.0000E+00   0.0000E+00   0.0000E+00   0.0000E+00   0.0000E+00   0.0000E+00   0.0000E+00   0.0000E+00   0.0000E+00   0.0000E+00   0.0000E+00   0.0000E+00   0.0000E+00   0.0000E+00
    2.7284E+02   0.0000E+00   0.0000E+00   0.0000E+00   0.0000E+00   0.0000E+00   0.0000E+00   0.0000E+00   0.0000E+00   0.0000E+00   0.0000E+00   0.0000E+00   0.0000E+00   0.0000E+00   0.0000E+00   0.0000E+00   0.0000E+00   0.0000E+00   0.0000E+00   0.0000E+00   0.0000E+00
    2.8574E+02   0.0000E+00   0.0000E+00   0.0000E+00   0.0000E+00   0.0000E+00   0.0000E+00   0.0000E+00   0.0000E+00   0.0000E+00   0.0000E+00   0.0000E+00   0.0000E+00   0.0000E+00   0.0000E+00   0.0000E+00   0.0000E+00   0.0000E+00   0.0000E+00   0.0000E+00   0.0000E+00
    2.9925E+02   0.0000E+00   0.0000E+00   0.0000E+00   0.0000E+00   0.0000E+00   0.0000E+00   0.0000E+00   0.0000E+00   0.0000E+00   0.0000E+00   0.0000E+00   0.0000E+00   0.0000E+00   0.0000E+00   0.0000E+00   0.0000E+00   0.0000E+00   0.0000E+00   0.0000E+00   0.0000E+00
    3.1341E+02   0.0000E+00   0.0000E+00   0.0000E+00   0.0000E+00   0.0000E+00   0.0000E+00   0.0000E+00   0.0000E+00   0.0000E+00   0.0000E+00   0.0000E+00   0.0000E+00   0.0000E+00   0.0000E+00   0.0000E+00   0.0000E+00   0.0000E+00   0.0000E+00   0.0000E+00   0.0000E+00
    3.2823E+02   0.0000E+00   0.0000E+00   0.0000E+00   0.0000E+00   0.0000E+00   0.0000E+00   0.0000E+00   0.0000E+00   0.0000E+00   0.0000E+00   0.0000E+00   0.0000E+00   0.0000E+00   0.0000E+00   0.0000E+00   0.0000E+00   0.0000E+00   0.0000E+00   0.0000E+00   0.0000E+00
    3.4375E+02   0.0000E+00   0.0000E+00   0.0000E+00   0.0000E+00   0.0000E+00   0.0000E+00   0.0000E+00   0.0000E+00   0.0000E+00   0.0000E+00   0.0000E+00   0.0000E+00   0.0000E+00   0.0000E+00   0.0000E+00   0.0000E+00   0.0000E+00   0.0000E+00   0.0000E+00   0.0000E+00
    3.6000E+02   0.0000E+00   0.0000E+00   0.0000E+00   0.0000E+00   0.0000E+00   0.0000E+00   0.0000E+00   0.0000E+00   0.0000E+00   0.0000E+00   0.0000E+00   0.0000E+00   0.0000E+00   0.0000E+00   0.0000E+00   0.0000E+00   0.0000E+00   0.0000E+00   0.0000E+00   0.0000E+00
    3.7703E+02   0.0000E+00   0.0000E+00   0.0000E+00   0.0000E+00   0.0000E+00   0.0000E+00   0.0000E+00   0.0000E+00   0.0000E+00   0.0000E+00   0.0000E+00   0.0000E+00   0.0000E+00   0.0000E+00   0.0000E+00   0.0000E+00   0.0000E+00   0.0000E+00   0.0000E+00   0.0000E+00
    3.9486E+02   0.0000E+00   0.0000E+00   0.0000E+00   0.0000E+00   0.0000E+00   0.0000E+00   0.0000E+00   0.0000E+00   0.0000E+00   0.0000E+00   0.0000E+00   0.0000E+00   0.0000E+00   0.0000E+00   0.0000E+00   0.0000E+00   0.0000E+00   0.0000E+00   0.0000E+00   0.0000E+00
    4.1353E+02   0.0000E+00   0.0000E+00   0.0000E+00   0.0000E+00   0.0000E+00   0.0000E+00   0.0000E+00   0.0000E+00   0.0000E+00   0.0000E+00   0.0000E+00   0.0000E+00   0.0000E+00   0.0000E+00   0.0000E+00   0.0000E+00   0.0000E+00   0.0000E+00   0.0000E+00   0.0000E+00
