    1.2535E-03   9.2073E+16   1.2985E+17   1.9520E+17   2.7049E+17   3.1692E+17   3.5663E+17   4.1149E+17   4.6963E+17   5.1633E+17   5.8346E+17   6.3810E+17   6.8382E+17   7.3000E+17   7.7904E+17   8.0796E+17   8.3370E+17   8.6583E+17   9.0381E+17   9.5477E+17   1.0012E+18
    1.3127E-03   1.0072E+17   1.4158E+17   2.1322E+17   2.9592E+17   3.4713E+17   3.9064E+17   4.5091E+17   5.1483E+17   5.6609E+17   6.3981E+17   6.9957E+17   7.5015E+17   8.0060E+17   8.5435E+17   8.8603E+17   9.1411E+17   9.4942E+17   9.9117E+17   1.0471E+18   1.0979E+18
    1.3748E-03   1.1019E+17   1.5437E+17   2.3291E+17   3.2372E+17   3.8018E+17   4.2787E+17   4.9407E+17   5.6437E+17   6.2063E+17   7.0159E+17   7.6695E+17   8.2289E+17   8.7801E+17   9.3695E+17   9.7164E+17   1.0023E+18   1.0411E+18   1.0869E+18   1.1483E+18   1.2039E+18
    1.4398E-03   1.2055E+17   1.6833E+17   2.5441E+17   3.5407E+17   4.1636E+17   4.6863E+17   5.4130E+17   6.1866E+17   6.8041E+17   7.6933E+17   8.4081E+17   9.0266E+17   9.6291E+17   1.0276E+18   1.0655E+18   1.0990E+18   1.1416E+18   1.1919E+18   1.2594E+18   1.3200E+18
    1.5079E-03   1.3189E+17   1.8357E+17   2.7790E+17   3.8723E+17   4.5593E+17   5.1324E+17   5.9300E+17   6.7814E+17   7.4594E+17   8.4360E+17   9.2179E+17   9.9015E+17   1.0560E+18   1.1270E+18   1.1685E+18   1.2050E+18   1.2519E+18   1.3070E+18   1.3813E+18   1.4475E+18
    1.5792E-03   1.4433E+17   2.0027E+17   3.0361E+17   4.2347E+17   4.9922E+17   5.6207E+17   6.4956E+17   7.4331E+17   8.1773E+17   9.2500E+17   1.0105E+18   1.0860E+18   1.1580E+18   1.2359E+18   1.2813E+18   1.3213E+18   1.3727E+18   1.4329E+18   1.5146E+18   1.5868E+18
    1.6539E-03   1.5793E+17   2.1843E+17   3.3164E+17   4.6302E+17   5.4656E+17   6.1551E+17   7.1147E+17   8.1473E+17   8.9643E+17   1.0143E+18   1.1078E+18   1.1912E+18   1.2700E+18   1.3555E+18   1.4051E+18   1.4488E+18   1.5053E+18   1.5711E+18   1.6612E+18   1.7399E+18
    1.7321E-03   1.7281E+17   2.3826E+17   3.6225E+17   5.0620E+17   5.9833E+17   6.7400E+17   7.7921E+17   8.9298E+17   9.8268E+17   1.1122E+18   1.2145E+18   1.3065E+18   1.3928E+18   1.4868E+18   1.5409E+18   1.5887E+18   1.6507E+18   1.7226E+18   1.8219E+18   1.9077E+18
    1.8140E-03   1.8910E+17   2.5991E+17   3.9570E+17   5.5334E+17   6.5492E+17   7.3802E+17   8.5333E+17   9.7872E+17   1.0772E+18   1.2195E+18   1.3315E+18   1.4329E+18   1.5275E+18   1.6307E+18   1.6898E+18   1.7420E+18   1.8101E+18   1.8886E+18   1.9981E+18   2.0915E+18
    1.8998E-03   2.0693E+17   2.8356E+17   4.3223E+17   6.0481E+17   7.1677E+17   8.0808E+17   9.3442E+17   1.0726E+18   1.1808E+18   1.3371E+18   1.4597E+18   1.5716E+18   1.6751E+18   1.7887E+18   1.8532E+18   1.9102E+18   1.9849E+18   2.0705E+18   2.1913E+18   2.2930E+18
    1.9897E-03   2.2645E+17   3.0939E+17   4.7213E+17   6.6099E+17   7.8437E+17   8.8476E+17   1.0231E+18   1.1755E+18   1.2942E+18   1.4660E+18   1.6003E+18   1.7236E+18   1.8371E+18   1.9620E+18   2.0323E+18   2.0947E+18   2.1766E+18   2.2699E+18   2.4031E+18   2.5139E+18
    2.0838E-03   2.4782E+17   3.3761E+17   5.1571E+17   7.2231E+17   8.5823E+17   9.6866E+17   1.1202E+18   1.2882E+18   1.4186E+18   1.6074E+18   1.7545E+18   1.8902E+18   2.0147E+18   2.1521E+18   2.2287E+18   2.2970E+18   2.3868E+18   2.4885E+18   2.6354E+18   2.7560E+18
    2.1823E-03   2.7122E+17   3.6846E+17   5.6332E+17   7.8926E+17   9.3893E+17   1.0605E+18   1.2263E+18   1.4117E+18   1.5548E+18   1.7623E+18   1.9234E+18   2.0729E+18   2.2094E+18   2.3606E+18   2.4441E+18   2.5189E+18   2.6173E+18   2.7280E+18   2.8900E+18   3.0213E+18
    2.2855E-03   2.9682E+17   4.0215E+17   6.1530E+17   8.6233E+17   1.0271E+18   1.1609E+18   1.3425E+18   1.5469E+18   1.7040E+18   1.9322E+18   2.1087E+18   2.2731E+18   2.4229E+18   2.5893E+18   2.6804E+18   2.7622E+18   2.8701E+18   2.9906E+18   3.1691E+18   3.3121E+18
    2.3936E-03   3.2485E+17   4.3898E+17   6.7207E+17   9.4209E+17   1.1234E+18   1.2708E+18   1.4695E+18   1.6950E+18   1.8675E+18   2.1183E+18   2.3118E+18   2.4927E+18   2.6570E+18   2.8402E+18   2.9395E+18   3.0290E+18   3.1473E+18   3.2785E+18   3.4749E+18   3.6307E+18
    2.5068E-03   3.5552E+17   4.7923E+17   7.3406E+17   1.0291E+18   1.2285E+18   1.3910E+18   1.6085E+18   1.8572E+18   2.0466E+18   2.3224E+18   2.5345E+18   2.7334E+18   2.9136E+18   3.1153E+18   3.2235E+18   3.3215E+18   3.4512E+18   3.5941E+18   3.8101E+18   3.9800E+18
    2.6253E-03   3.8909E+17   5.2322E+17   8.0176E+17   1.1242E+18   1.3434E+18   1.5225E+18   1.7605E+18   2.0349E+18   2.2428E+18   2.5460E+18   2.7786E+18   2.9974E+18   3.1950E+18   3.4170E+18   3.5350E+18   3.6424E+18   3.7845E+18   3.9400E+18   4.1774E+18   4.3626E+18
    2.7495E-03   4.2583E+17   5.7131E+17   8.7567E+17   1.2279E+18   1.4687E+18   1.6662E+18   1.9268E+18   2.2294E+18   2.4577E+18   2.7911E+18   3.0462E+18   3.2868E+18   3.5034E+18   3.7478E+18   3.8765E+18   3.9941E+18   4.1500E+18   4.3193E+18   4.5799E+18   4.7819E+18
    2.8795E-03   4.6604E+17   6.2389E+17   9.5636E+17   1.3411E+18   1.6056E+18   1.8234E+18   2.1086E+18   2.4423E+18   2.6931E+18   3.0597E+18   3.3396E+18   3.6041E+18   3.8414E+18   4.1105E+18   4.2509E+18   4.3798E+18   4.5507E+18   4.7352E+18   5.0208E+18   5.2414E+18
    3.0157E-03   5.1004E+17   6.8139E+17   1.0444E+18   1.4647E+18   1.7551E+18   1.9952E+18   2.3075E+18   2.6755E+18   2.9510E+18   3.3541E+18   3.6612E+18   3.9520E+18   4.2120E+18   4.5082E+18   4.6613E+18   4.8027E+18   4.9902E+18   5.1912E+18   5.5038E+18   5.7448E+18
    3.1583E-03   5.5820E+17   7.4425E+17   1.1406E+18   1.5996E+18   1.9182E+18   2.1830E+18   2.5250E+18   2.9307E+18   3.2335E+18   3.6767E+18   4.0137E+18   4.3334E+18   4.6181E+18   4.9442E+18   5.1112E+18   5.2663E+18   5.4722E+18   5.6912E+18   6.0330E+18   6.2965E+18
    3.3076E-03   6.1090E+17   8.1299E+17   1.2455E+18   1.7469E+18   2.0964E+18   2.3881E+18   2.7629E+18   3.2102E+18   3.5429E+18   4.0302E+18   4.4002E+18   4.7518E+18   5.0635E+18   5.4225E+18   5.6047E+18   5.7750E+18   6.0013E+18   6.2401E+18   6.6137E+18   6.9021E+18
    3.4641E-03   6.6898E+17   8.8932E+17   1.3617E+18   1.9100E+18   2.2928E+18   2.6137E+18   3.0246E+18   3.5164E+18   3.8820E+18   4.4173E+18   4.8232E+18   5.2095E+18   5.5506E+18   5.9451E+18   6.1441E+18   6.3309E+18   6.5796E+18   6.8404E+18   7.2485E+18   7.5638E+18
    3.6279E-03   7.3211E+17   9.7155E+17   1.4867E+18   2.0857E+18   2.5051E+18   2.8587E+18   3.3091E+18   3.8512E+18   4.2532E+18   4.8418E+18   5.2875E+18   5.7123E+18   6.0855E+18   6.5198E+18   6.7368E+18   6.9421E+18   7.2156E+18   7.5003E+18   7.9454E+18   8.2907E+18
    3.7994E-03   8.0121E+17   1.0615E+18   1.6231E+18   2.2774E+18   2.7368E+18   3.1262E+18   3.6202E+18   4.2174E+18   4.6597E+18   5.3067E+18   5.7961E+18   6.2634E+18   6.6714E+18   7.1495E+18   7.3859E+18   7.6114E+18   7.9122E+18   8.2230E+18   8.7076E+18   9.0857E+18
    3.9791E-03   8.7684E+17   1.1599E+18   1.7719E+18   2.4868E+18   2.9897E+18   3.4183E+18   3.9603E+18   4.6182E+18   5.1048E+18   5.8162E+18   6.3535E+18   6.8674E+18   7.3135E+18   7.8397E+18   8.0971E+18   8.3449E+18   8.6761E+18   9.0154E+18   9.5426E+18   9.9566E+18
    4.1673E-03   9.5961E+17   1.2675E+18   1.9341E+18   2.7155E+18   3.2657E+18   3.7373E+18   4.3321E+18   5.0566E+18   5.5922E+18   6.3743E+18   6.9644E+18   7.5296E+18   8.0171E+18   8.5964E+18   8.8764E+18   9.1489E+18   9.5136E+18   9.8843E+18   1.0457E+19   1.0911E+19
    4.3644E-03   1.0502E+18   1.3852E+18   2.1110E+18   2.9652E+18   3.5669E+18   4.0855E+18   4.7384E+18   5.5361E+18   6.1259E+18   6.9857E+18   7.6338E+18   8.2555E+18   8.7882E+18   9.4260E+18   9.7304E+18   1.0030E+19   1.0432E+19   1.0837E+19   1.1460E+19   1.1956E+19
    4.5707E-03   1.1494E+18   1.5139E+18   2.3039E+18   3.2380E+18   3.8957E+18   4.4657E+18   5.1824E+18   6.0607E+18   6.7102E+18   7.6555E+18   8.3673E+18   9.0511E+18   9.6332E+18   1.0335E+19   1.0666E+19   1.0995E+19   1.1438E+19   1.1882E+19   1.2558E+19   1.3101E+19
    4.7869E-03   1.2579E+18   1.6548E+18   2.5141E+18   3.5359E+18   4.2544E+18   4.8806E+18   5.6676E+18   6.6344E+18   7.3498E+18   8.3892E+18   9.1711E+18   9.9231E+18   1.0559E+19   1.1332E+19   1.1692E+19   1.2054E+19   1.2542E+19   1.3027E+19   1.3761E+19   1.4355E+19
    5.0133E-03   1.3767E+18   1.8088E+18   2.7434E+18   3.8613E+18   4.6460E+18   5.3333E+18   6.1977E+18   7.2617E+18   8.0500E+18   9.1928E+18   1.0052E+19   1.0879E+19   1.1574E+19   1.2425E+19   1.2815E+19   1.3213E+19   1.3751E+19   1.4283E+19   1.5080E+19   1.5728E+19
    5.2503E-03   1.5067E+18   1.9774E+18   2.9932E+18   4.2168E+18   5.0733E+18   5.8274E+18   6.7767E+18   7.9476E+18   8.8163E+18   1.0073E+19   1.1017E+19   1.1926E+19   1.2686E+19   1.3623E+19   1.4046E+19   1.4483E+19   1.5077E+19   1.5660E+19   1.6525E+19   1.7233E+19
    5.4986E-03   1.6490E+18   2.1619E+18   3.2656E+18   4.6052E+18   5.5397E+18   6.3666E+18   7.4091E+18   8.6974E+18   9.6549E+18   1.1037E+19   1.2075E+19   1.3074E+19   1.3905E+19   1.4937E+19   1.5395E+19   1.5876E+19   1.6529E+19   1.7169E+19   1.8108E+19   1.8881E+19
    5.7587E-03   1.8047E+18   2.3637E+18   3.5623E+18   5.0295E+18   6.0488E+18   6.9548E+18   8.0996E+18   9.5169E+18   1.0572E+19   1.2093E+19   1.3234E+19   1.4331E+19   1.5240E+19   1.6376E+19   1.6873E+19   1.7401E+19   1.8121E+19   1.8823E+19   1.9844E+19   2.0686E+19
    6.0310E-03   1.9752E+18   2.5845E+18   3.8858E+18   5.4932E+18   6.6045E+18   7.5967E+18   8.8535E+18   1.0413E+19   1.1576E+19   1.3249E+19   1.4504E+19   1.5709E+19   1.6704E+19   1.7955E+19   1.8494E+19   1.9073E+19   1.9867E+19   2.0637E+19   2.1747E+19   2.2664E+19
    6.3162E-03   2.1620E+18   2.8266E+18   4.2399E+18   6.0015E+18   7.2132E+18   8.2989E+18   9.6783E+18   1.1393E+19   1.2675E+19   1.4515E+19   1.5895E+19   1.7218E+19   1.8307E+19   1.9683E+19   2.0268E+19   2.0904E+19   2.1777E+19   2.2623E+19   2.3830E+19   2.4827E+19
    6.6149E-03   2.3662E+18   3.0909E+18   4.6240E+18   6.5552E+18   7.8755E+18   9.0630E+18   1.0577E+19   1.2462E+19   1.3876E+19   1.5901E+19   1.7420E+19   1.8872E+19   2.0064E+19   2.1579E+19   2.2214E+19   2.2912E+19   2.3873E+19   2.4802E+19   2.6115E+19   2.7199E+19
    6.9277E-03   2.5897E+18   3.3802E+18   5.0426E+18   7.1604E+18   8.5986E+18   9.8964E+18   1.1557E+19   1.3631E+19   1.5189E+19   1.7418E+19   1.9091E+19   2.0683E+19   2.1990E+19   2.3656E+19   2.4346E+19   2.5111E+19   2.6167E+19   2.7188E+19   2.8617E+19   2.9794E+19
    7.2553E-03   2.8343E+18   3.6966E+18   5.4988E+18   7.8218E+18   9.3881E+18   1.0806E+19   1.2627E+19   1.4907E+19   1.6624E+19   1.9079E+19   2.0921E+19   2.2667E+19   2.4101E+19   2.5932E+19   2.6682E+19   2.7521E+19   2.8681E+19   2.9803E+19   3.1358E+19   3.2635E+19
    7.5984E-03   3.1021E+18   4.0429E+18   5.9958E+18   8.5446E+18   1.0250E+19   1.1797E+19   1.3794E+19   1.6301E+19   1.8193E+19   2.0897E+19   2.2926E+19   2.4840E+19   2.6414E+19   2.8426E+19   2.9242E+19   3.0163E+19   3.1436E+19   3.2668E+19   3.4360E+19   3.5745E+19
    7.9577E-03   3.3950E+18   4.4218E+18   6.5375E+18   9.3347E+18   1.1191E+19   1.2879E+19   1.5067E+19   1.7823E+19   1.9907E+19   2.2886E+19   2.5122E+19   2.7220E+19   2.8949E+19   3.1159E+19   3.2048E+19   3.3057E+19   3.4453E+19   3.5806E+19   3.7649E+19   3.9150E+19
    8.3341E-03   3.7157E+18   4.8365E+18   7.1279E+18   1.0198E+19   1.2219E+19   1.4060E+19   1.6455E+19   1.9485E+19   2.1781E+19   2.5063E+19   2.7528E+19   2.9826E+19   3.1727E+19   3.4154E+19   3.5123E+19   3.6229E+19   3.7757E+19   3.9243E+19   4.1250E+19   4.2876E+19
    8.7282E-03   4.0666E+18   5.2902E+18   7.7714E+18   1.1143E+19   1.3342E+19   1.5348E+19   1.7969E+19   2.1299E+19   2.3827E+19   2.7445E+19   3.0162E+19   3.2680E+19   3.4771E+19   3.7435E+19   3.8493E+19   3.9705E+19   4.1377E+19   4.3008E+19   4.5194E+19   4.6953E+19
    9.1409E-03   4.4506E+18   5.7866E+18   8.4728E+18   1.2175E+19   1.4568E+19   1.6752E+19   1.9620E+19   2.3279E+19   2.6062E+19   3.0051E+19   3.3047E+19   3.5805E+19   3.8108E+19   4.1029E+19   4.2185E+19   4.3515E+19   4.5342E+19   4.7131E+19   4.9511E+19   5.1415E+19
    9.5732E-03   4.8709E+18   6.3299E+18   9.2374E+18   1.3303E+19   1.5908E+19   1.8285E+19   2.1420E+19   2.5440E+19   2.8503E+19   3.2902E+19   3.6205E+19   3.9227E+19   4.1764E+19   4.4967E+19   4.6232E+19   4.7690E+19   4.9684E+19   5.1646E+19   5.4236E+19   5.6297E+19
    1.0026E-02   5.3308E+18   6.9243E+18   1.0071E+19   1.4536E+19   1.7372E+19   1.9958E+19   2.3383E+19   2.7798E+19   3.1169E+19   3.6020E+19   3.9662E+19   4.2973E+19   4.5771E+19   4.9281E+19   5.0665E+19   5.2266E+19   5.4439E+19   5.6589E+19   5.9408E+19   6.1637E+19
    1.0500E-02   5.8340E+18   7.5748E+18   1.0980E+19   1.5884E+19   1.8971E+19   2.1783E+19   2.5522E+19   3.0370E+19   3.4079E+19   3.9429E+19   4.3445E+19   4.7074E+19   5.0161E+19   5.4006E+19   5.5522E+19   5.7280E+19   5.9646E+19   6.2002E+19   6.5067E+19   6.7479E+19
    1.0997E-02   6.3847E+18   8.2866E+18   1.1971E+19   1.7358E+19   2.0718E+19   2.3774E+19   2.7854E+19   3.3175E+19   3.7255E+19   4.3156E+19   4.7586E+19   5.1565E+19   5.4971E+19   5.9183E+19   6.0843E+19   6.2773E+19   6.5348E+19   6.7927E+19   7.1258E+19   7.3867E+19
    1.1517E-02   6.9873E+18   9.0655E+18   1.3053E+19   1.8970E+19   2.2627E+19   2.5948E+19   3.0397E+19   3.6234E+19   4.0721E+19   4.7231E+19   5.2116E+19   5.6481E+19   6.0240E+19   6.4852E+19   6.6672E+19   6.8792E+19   7.1591E+19   7.4414E+19   7.8031E+19   8.0853E+19
    1.2061E-02   7.6465E+18   9.9177E+18   1.4232E+19   2.0731E+19   2.4713E+19   2.8320E+19   3.3168E+19   3.9570E+19   4.4503E+19   5.1685E+19   5.7072E+19   6.1862E+19   6.6013E+19   7.1061E+19   7.3055E+19   7.5386E+19   7.8427E+19   8.1513E+19   8.5438E+19   8.8491E+19
    1.2632E-02   8.3679E+18   1.0850E+19   1.5519E+19   2.2657E+19   2.6994E+19   3.0910E+19   3.6189E+19   4.3206E+19   4.8630E+19   5.6552E+19   6.2494E+19   6.7753E+19   7.2336E+19   7.7861E+19   8.0046E+19   8.2609E+19   8.5912E+19   8.9283E+19   9.3540E+19   9.6841E+19
    1.3229E-02   9.1571E+18   1.1871E+19   1.6923E+19   2.4763E+19   2.9486E+19   3.3737E+19   3.9483E+19   4.7172E+19   5.3134E+19   6.1874E+19   6.8429E+19   7.4208E+19   7.9268E+19   8.5315E+19   8.7709E+19   9.0529E+19   9.4115E+19   9.7795E+19   1.0241E+20   1.0597E+20
    1.3855E-02   1.0030E+19   1.3000E+19   1.8495E+19   2.7099E+19   3.2255E+19   3.6885E+19   4.3156E+19   5.1584E+19   5.8129E+19   6.7749E+19   7.4961E+19   8.1300E+19   8.6872E+19   9.3485E+19   9.6102E+19   9.9197E+19   1.0309E+20   1.0710E+20   1.1209E+20   1.1594E+20
    1.4510E-02   1.0976E+19   1.4223E+19   2.0170E+19   2.9619E+19   3.5237E+19   4.0261E+19   4.7080E+19   5.6307E+19   6.3498E+19   7.4110E+19   8.2065E+19   8.9037E+19   9.5188E+19   1.0242E+20   1.0529E+20   1.0869E+20   1.1292E+20   1.1729E+20   1.2268E+20   1.2684E+20
    1.5196E-02   1.2010E+19   1.5561E+19   2.1999E+19   3.2373E+19   3.8497E+19   4.3947E+19   5.1356E+19   6.1451E+19   6.9348E+19   8.1053E+19   8.9825E+19   9.7496E+19   1.0429E+20   1.1220E+20   1.1534E+20   1.1908E+20   1.2367E+20   1.2842E+20   1.3426E+20   1.3874E+20
    1.5914E-02   1.3142E+19   1.7025E+19   2.3995E+19   3.5383E+19   4.2061E+19   4.7972E+19   5.6017E+19   6.7055E+19   7.5726E+19   8.8634E+19   9.8308E+19   1.0675E+20   1.1424E+20   1.2290E+20   1.2633E+20   1.3045E+20   1.3543E+20   1.4060E+20   1.4690E+20   1.5173E+20
    1.6667E-02   1.4379E+19   1.8627E+19   2.6174E+19   3.8674E+19   4.5957E+19   5.2368E+19   6.1098E+19   7.3161E+19   8.2677E+19   9.6911E+19   1.0758E+20   1.1688E+20   1.2514E+20   1.3461E+20   1.3836E+20   1.4289E+20   1.4831E+20   1.5392E+20   1.6071E+20   1.6591E+20
    1.7455E-02   1.5733E+19   2.0379E+19   2.8553E+19   4.2270E+19   5.0217E+19   5.7169E+19   6.6639E+19   7.9812E+19   9.0253E+19   1.0595E+20   1.1771E+20   1.2795E+20   1.3707E+20   1.4743E+20   1.5152E+20   1.5650E+20   1.6239E+20   1.6847E+20   1.7580E+20   1.8139E+20
    1.8281E-02   1.7213E+19   2.2297E+19   3.1151E+19   4.6199E+19   5.4875E+19   6.2414E+19   7.2680E+19   8.7057E+19   9.8507E+19   1.1581E+20   1.2878E+20   1.4007E+20   1.5012E+20   1.6145E+20   1.6592E+20   1.7139E+20   1.7780E+20   1.8439E+20   1.9228E+20   1.9827E+20
    1.9145E-02   1.8832E+19   2.4394E+19   3.3988E+19   5.0494E+19   5.9968E+19   6.8143E+19   7.9267E+19   9.4948E+19   1.0750E+20   1.2656E+20   1.4087E+20   1.5331E+20   1.6440E+20   1.7679E+20   1.8167E+20   1.8767E+20   1.9466E+20   2.0178E+20   2.1028E+20   2.1670E+20
    2.0051E-02   2.0602E+19   2.6688E+19   3.7086E+19   5.5186E+19   6.5537E+19   7.4402E+19   8.6451E+19   1.0354E+20   1.1729E+20   1.3830E+20   1.5407E+20   1.6779E+20   1.8001E+20   1.9358E+20   1.9890E+20   2.0548E+20   2.1309E+20   2.2080E+20   2.2993E+20   2.3679E+20
    2.0999E-02   2.2538E+19   2.9198E+19   4.0470E+19   6.0313E+19   7.1627E+19   8.1241E+19   9.4286E+19   1.1290E+20   1.2796E+20   1.5111E+20   1.6849E+20   1.8362E+20   1.9709E+20   2.1193E+20   2.1773E+20   2.2495E+20   2.3325E+20   2.4158E+20   2.5140E+20   2.5870E+20
    2.1992E-02   2.4654E+19   3.1943E+19   4.4166E+19   6.5914E+19   7.8285E+19   8.8714E+19   1.0283E+20   1.2310E+20   1.3958E+20   1.6507E+20   1.8424E+20   2.0091E+20   2.1576E+20   2.3200E+20   2.3833E+20   2.4625E+20   2.5530E+20   2.6428E+20   2.7483E+20   2.8259E+20
    2.3032E-02   2.6967E+19   3.4946E+19   4.8204E+19   7.2033E+19   8.5567E+19   9.6880E+19   1.1215E+20   1.3420E+20   1.5223E+20   1.8030E+20   2.0143E+20   2.1981E+20   2.3617E+20   2.5395E+20   2.6085E+20   2.6952E+20   2.7940E+20   2.8909E+20   3.0041E+20   3.0863E+20
    2.4121E-02   2.9497E+19   3.8230E+19   5.2614E+19   7.8716E+19   9.3529E+19   1.0580E+20   1.2232E+20   1.4629E+20   1.6600E+20   1.9690E+20   2.2019E+20   2.4045E+20   2.5848E+20   2.7795E+20   2.8547E+20   2.9496E+20   3.0575E+20   3.1620E+20   3.2833E+20   3.3701E+20
    2.5262E-02   3.2261E+19   4.1822E+19   5.7433E+19   8.6015E+19   1.0224E+20   1.1556E+20   1.3342E+20   1.5945E+20   1.8099E+20   2.1499E+20   2.4067E+20   2.6299E+20   2.8285E+20   3.0418E+20   3.1239E+20   3.2276E+20   3.3455E+20   3.4581E+20   3.5879E+20   3.6793E+20
    2.6456E-02   3.5283E+19   4.5750E+19   6.2698E+19   9.3986E+19   1.1176E+20   1.2622E+20   1.4553E+20   1.7379E+20   1.9731E+20   2.3471E+20   2.6302E+20   2.8761E+20   3.0948E+20   3.3285E+20   3.4180E+20   3.5315E+20   3.6602E+20   3.7815E+20   3.9204E+20   4.0160E+20
    2.7707E-02   3.8585E+19   5.0046E+19   6.8450E+19   1.0269E+20   1.2217E+20   1.3787E+20   1.5874E+20   1.8940E+20   2.1507E+20   2.5620E+20   2.8740E+20   3.1449E+20   3.3857E+20   3.6418E+20   3.7395E+20   3.8634E+20   4.0040E+20   4.1346E+20   4.2831E+20   4.3827E+20
    2.9018E-02   4.2193E+19   5.4743E+19   7.4734E+19   1.1219E+20   1.3355E+20   1.5060E+20   1.7317E+20   2.0641E+20   2.3440E+20   2.7961E+20   3.1400E+20   3.4384E+20   3.7035E+20   3.9841E+20   4.0907E+20   4.2261E+20   4.3796E+20   4.5203E+20   4.6787E+20   4.7820E+20
    3.0390E-02   4.6136E+19   5.9879E+19   8.1601E+19   1.2257E+20   1.4600E+20   1.6453E+20   1.8891E+20   2.2493E+20   2.5544E+20   3.0512E+20   3.4301E+20   3.7588E+20   4.0504E+20   4.3580E+20   4.4745E+20   4.6222E+20   4.7898E+20   4.9413E+20   5.1101E+20   5.2166E+20
    3.1827E-02   5.0443E+19   6.5494E+19   8.9105E+19   1.3389E+20   1.5961E+20   1.7975E+20   2.0609E+20   2.4510E+20   2.7833E+20   3.3289E+20   3.7464E+20   4.1084E+20   4.4292E+20   4.7664E+20   4.8937E+20   5.0548E+20   5.2378E+20   5.4008E+20   5.5806E+20   5.6894E+20
    3.3332E-02   5.5148E+19   7.1633E+19   9.7303E+19   1.4625E+20   1.7449E+20   1.9638E+20   2.2485E+20   2.6707E+20   3.0323E+20   3.6314E+20   4.0914E+20   4.4900E+20   4.8427E+20   5.2123E+20   5.3515E+20   5.5272E+20   5.7269E+20   5.9022E+20   6.0933E+20   6.2038E+20
    3.4908E-02   6.0288E+19   7.8344E+19   1.0626E+20   1.5973E+20   1.9076E+20   2.1457E+20   2.4534E+20   2.9100E+20   3.3034E+20   3.9607E+20   4.4674E+20   4.9063E+20   5.2941E+20   5.6992E+20   5.8515E+20   6.0430E+20   6.2608E+20   6.4493E+20   6.6522E+20   6.7631E+20
    3.6559E-02   6.5900E+19   8.5679E+19   1.1605E+20   1.7445E+20   2.0855E+20   2.3445E+20   2.6771E+20   3.1707E+20   3.5983E+20   4.3192E+20   4.8772E+20   5.3606E+20   5.7867E+20   6.2307E+20   6.3973E+20   6.6060E+20   6.8435E+20   7.0461E+20   7.2611E+20   7.3711E+20
    3.8288E-02   7.2029E+19   9.3695E+19   1.2675E+20   1.9050E+20   2.2800E+20   2.5619E+20   2.9214E+20   3.4548E+20   3.9193E+20   4.7094E+20   5.3237E+20   5.8561E+20   6.3243E+20   6.8107E+20   6.9930E+20   7.2205E+20   7.4794E+20   7.6969E+20   7.9243E+20   8.0318E+20
    4.0099E-02   7.8721E+19   1.0246E+20   1.3843E+20   2.0801E+20   2.4926E+20   2.7996E+20   3.1881E+20   3.7644E+20   4.2686E+20   5.1340E+20   5.8102E+20   6.3965E+20   6.9109E+20   7.4436E+20   7.6432E+20   7.8911E+20   8.1731E+20   8.4065E+20   8.6465E+20   8.7495E+20
    4.1995E-02   8.6026E+19   1.1203E+20   1.5120E+20   2.2711E+20   2.7249E+20   3.0594E+20   3.4795E+20   4.1017E+20   4.6488E+20   5.5959E+20   6.3402E+20   6.9859E+20   7.5508E+20   8.1340E+20   8.3525E+20   8.6227E+20   8.9297E+20   9.1799E+20   9.4327E+20   9.5288E+20
    4.3981E-02   9.3999E+19   1.2249E+20   1.6516E+20   2.4793E+20   2.9789E+20   3.3434E+20   3.7978E+20   4.4694E+20   5.0625E+20   6.0984E+20   6.9173E+20   7.6284E+20   8.2488E+20   8.8870E+20   9.1262E+20   9.4207E+20   9.7548E+20   1.0023E+21   1.0288E+21   1.0375E+21
    4.6061E-02   1.0270E+20   1.3392E+20   1.8040E+20   2.7064E+20   3.2565E+20   3.6539E+20   4.1454E+20   4.8701E+20   5.5129E+20   6.6448E+20   7.5457E+20   8.3288E+20   9.0102E+20   9.7081E+20   9.9700E+20   1.0291E+21   1.0654E+21   1.0941E+21   1.1219E+21   1.1292E+21
    4.8239E-02   1.1219E+20   1.4640E+20   1.9705E+20   2.9539E+20   3.5599E+20   3.9933E+20   4.5252E+20   5.3070E+20   6.0031E+20   7.2390E+20   8.2297E+20   9.0921E+20   9.8405E+20   1.0603E+21   1.0890E+21   1.1240E+21   1.1635E+21   1.1941E+21   1.2231E+21   1.2288E+21
    5.0520E-02   1.2255E+20   1.6003E+20   2.1524E+20   3.2238E+20   3.8915E+20   4.3643E+20   4.9400E+20   5.7832E+20   6.5367E+20   7.8851E+20   8.9743E+20   9.9239E+20   1.0746E+21   1.1579E+21   1.1893E+21   1.2275E+21   1.2703E+21   1.3030E+21   1.3332E+21   1.3367E+21
    5.2909E-02   1.3385E+20   1.7492E+20   2.3512E+20   3.5180E+20   4.2538E+20   4.7700E+20   5.3934E+20   6.3027E+20   7.1179E+20   8.5879E+20   9.7850E+20   1.0830E+21   1.1734E+21   1.2643E+21   1.2986E+21   1.3404E+21   1.3868E+21   1.4216E+21   1.4529E+21   1.4537E+21
    5.5411E-02   1.4619E+20   1.9120E+20   2.5692E+20   3.8404E+20   4.6506E+20   5.2143E+20   5.8899E+20   6.8712E+20   7.7530E+20   9.3537E+20   1.0668E+21   1.1818E+21   1.2810E+21   1.3802E+21   1.4177E+21   1.4632E+21   1.5134E+21   1.5505E+21   1.5827E+21   1.5803E+21
    5.8032E-02   1.5962E+20   2.0894E+20   2.8064E+20   4.1901E+20   5.0832E+20   5.6991E+20   6.4311E+20   7.4892E+20   8.4423E+20   1.0184E+21   1.1628E+21   1.2893E+21   1.3983E+21   1.5064E+21   1.5475E+21   1.5972E+21   1.6515E+21   1.6908E+21   1.7238E+21   1.7175E+21
    6.0776E-02   1.7426E+20   2.2831E+20   3.0654E+20   4.5710E+20   5.5556E+20   6.2288E+20   7.0222E+20   8.1629E+20   9.1924E+20   1.1086E+21   1.2671E+21   1.4063E+21   1.5260E+21   1.6439E+21   1.6888E+21   1.7430E+21   1.8016E+21   1.8434E+21   1.8770E+21   1.8659E+21
    6.3650E-02   1.9021E+20   2.4945E+20   3.3482E+20   4.9860E+20   6.0717E+20   6.8077E+20   7.6679E+20   8.8977E+20   1.0009E+21   1.2067E+21   1.3805E+21   1.5336E+21   1.6652E+21   1.7936E+21   1.8427E+21   1.9018E+21   1.9649E+21   2.0093E+21   2.0431E+21   2.0264E+21
    6.6660E-02   2.0758E+20   2.7251E+20   3.6570E+20   5.4381E+20   6.6352E+20   7.4404E+20   8.3734E+20   9.6993E+20   1.0899E+21   1.3132E+21   1.5038E+21   1.6721E+21   1.8167E+21   1.9566E+21   2.0101E+21   2.0746E+21   2.1425E+21   2.1895E+21   2.2232E+21   2.1999E+21
    6.9813E-02   2.2651E+20   2.9767E+20   3.9942E+20   5.9306E+20   7.2506E+20   8.1316E+20   9.1441E+20   1.0574E+21   1.1867E+21   1.4289E+21   1.6378E+21   1.8227E+21   1.9817E+21   2.1340E+21   2.1924E+21   2.2626E+21   2.3356E+21   2.3853E+21   2.4184E+21   2.3873E+21
    7.3114E-02   2.4712E+20   3.2511E+20   4.3623E+20   6.4670E+20   7.9225E+20   8.8869E+20   9.9860E+20   1.1527E+21   1.2922E+21   1.5547E+21   1.7835E+21   1.9866E+21   2.1612E+21   2.3272E+21   2.3908E+21   2.4671E+21   2.5454E+21   2.5979E+21   2.6299E+21   2.5898E+21
    7.6571E-02   2.6955E+20   3.5503E+20   4.7640E+20   7.0513E+20   8.6560E+20   9.7120E+20   1.0906E+21   1.2568E+21   1.4072E+21   1.6913E+21   1.9418E+21   2.1648E+21   2.3566E+21   2.5373E+21   2.6066E+21   2.6894E+21   2.7734E+21   2.8287E+21   2.8590E+21   2.8084E+21
    8.0193E-02   2.9397E+20   3.8765E+20   5.2025E+20   7.6876E+20   9.4567E+20   1.0613E+21   1.1910E+21   1.3703E+21   1.5323E+21   1.8398E+21   2.1137E+21   2.3585E+21   2.5691E+21   2.7660E+21   2.8414E+21   2.9312E+21   3.0209E+21   3.0792E+21   3.1069E+21   3.0443E+21
    8.3985E-02   3.2053E+20   4.2320E+20   5.6810E+20   8.3805E+20   1.0330E+21   1.1598E+21   1.3007E+21   1.4942E+21   1.6687E+21   2.0011E+21   2.3005E+21   2.5690E+21   2.8002E+21   3.0147E+21   3.0967E+21   3.1938E+21   3.2897E+21   3.3508E+21   3.3751E+21   3.2986E+21
    8.7956E-02   3.4941E+20   4.6193E+20   6.2030E+20   9.1350E+20   1.1284E+21   1.2673E+21   1.4206E+21   1.6293E+21   1.8172E+21   2.1764E+21   2.5034E+21   2.7979E+21   3.0515E+21   3.2852E+21   3.3743E+21   3.4791E+21   3.5813E+21   3.6454E+21   3.6651E+21   3.5727E+21
    9.2116E-02   3.8081E+20   5.0413E+20   6.7725E+20   9.9566E+20   1.2324E+21   1.3847E+21   1.5514E+21   1.7768E+21   1.9791E+21   2.3669E+21   2.7238E+21   3.0466E+21   3.3247E+21   3.5793E+21   3.6759E+21   3.7890E+21   3.8977E+21   3.9646E+21   3.9786E+21   3.8679E+21
    9.6472E-02   4.1493E+20   5.5008E+20   7.3935E+20   1.0851E+21   1.3459E+21   1.5129E+21   1.6943E+21   1.9376E+21   2.1554E+21   2.5738E+21   2.9631E+21   3.3168E+21   3.6216E+21   3.8990E+21   4.0037E+21   4.1253E+21   4.2409E+21   4.3104E+21   4.3173E+21   4.1858E+21
    1.0103E-01   4.5200E+20   6.0011E+20   8.0708E+20   1.1825E+21   1.4697E+21   1.6529E+21   1.8504E+21   2.1131E+21   2.3476E+21   2.7988E+21   3.2230E+21   3.6103E+21   3.9441E+21   4.2465E+21   4.3597E+21   4.4904E+21   4.6128E+21   4.6848E+21   4.6829E+21   4.5277E+21
    1.0581E-01   4.9225E+20   6.5456E+20   8.8092E+20   1.2885E+21   1.6046E+21   1.8056E+21   2.0207E+21   2.3046E+21   2.5569E+21   3.0432E+21   3.5052E+21   3.9291E+21   4.2944E+21   4.6239E+21   4.7463E+21   4.8865E+21   5.0158E+21   5.0901E+21   5.0774E+21   4.8953E+21
    1.1082E-01   5.3593E+20   7.1381E+20   9.6140E+20   1.4039E+21   1.7518E+21   1.9723E+21   2.2067E+21   2.5134E+21   2.7850E+21   3.3089E+21   3.8115E+21   4.2753E+21   4.6748E+21   5.0338E+21   5.1659E+21   5.3161E+21   5.4524E+21   5.5285E+21   5.5029E+21   5.2903E+21
    1.1606E-01   5.8333E+20   7.7824E+20   1.0491E+21   1.5295E+21   1.9122E+21   2.1542E+21   2.4096E+21   2.7412E+21   3.0336E+21   3.5976E+21   4.1441E+21   4.6512E+21   5.0878E+21   5.4789E+21   5.6211E+21   5.7819E+21   5.9251E+21   6.0024E+21   5.9616E+21   5.7145E+21
    1.2154E-01   6.3472E+20   8.4830E+20   1.1446E+21   1.6662E+21   2.0870E+21   2.3526E+21   2.6311E+21   2.9897E+21   3.3045E+21   3.9115E+21   4.5051E+21   5.0592E+21   5.5360E+21   5.9618E+21   6.1149E+21   6.2869E+21   6.4368E+21   6.5146E+21   6.4556E+21   6.1696E+21
    1.2729E-01   6.9042E+20   9.2444E+20   1.2487E+21   1.8150E+21   2.2775E+21   2.5691E+21   2.8727E+21   3.2607E+21   3.5996E+21   4.2525E+21   4.8969E+21   5.5019E+21   6.0223E+21   6.4857E+21   6.6501E+21   6.8340E+21   6.9903E+21   7.0678E+21   6.9875E+21   6.6575E+21
    1.3331E-01   7.5077E+20   1.0072E+21   1.3620E+21   1.9769E+21   2.4851E+21   2.8051E+21   3.1364E+21   3.5562E+21   3.9212E+21   4.6232E+21   5.3223E+21   5.9824E+21   6.5498E+21   7.0538E+21   7.2301E+21   7.4266E+21   7.5889E+21   7.6650E+21   7.5598E+21   7.1804E+21
    1.3962E-01   8.1610E+20   1.0970E+21   1.4854E+21   2.1530E+21   2.7111E+21   3.0625E+21   3.4239E+21   3.8785E+21   4.2715E+21   5.0261E+21   5.7840E+21   6.5035E+21   7.1219E+21   7.6696E+21   7.8584E+21   8.0682E+21   8.2359E+21   8.3093E+21   8.1751E+21   7.7401E+21
    1.4622E-01   8.8679E+20   1.1945E+21   1.6196E+21   2.3446E+21   2.9573E+21   3.3430E+21   3.7375E+21   4.2297E+21   4.6532E+21   5.4640E+21   6.2850E+21   7.0688E+21   7.7422E+21   8.3369E+21   8.5386E+21   8.7627E+21   8.9350E+21   9.0041E+21   8.8362E+21   8.3390E+21
    1.5313E-01   9.6323E+20   1.3003E+21   1.7657E+21   2.5530E+21   3.2253E+21   3.6487E+21   4.0793E+21   4.6126E+21   5.0689E+21   5.9399E+21   6.8287E+21   7.6817E+21   8.4144E+21   9.0595E+21   9.2748E+21   9.5140E+21   9.6899E+21   9.7529E+21   9.5461E+21   8.9792E+21
    1.6038E-01   1.0458E+21   1.4150E+21   1.9245E+21   2.7797E+21   3.5170E+21   3.9818E+21   4.4520E+21   5.0299E+21   5.5216E+21   6.4571E+21   7.4187E+21   8.3461E+21   9.1428E+21   9.8418E+21   1.0071E+22   1.0326E+22   1.0505E+22   1.0559E+22   1.0308E+22   9.6631E+21
    1.6796E-01   1.1351E+21   1.5393E+21   2.0972E+21   3.0262E+21   3.8344E+21   4.3445E+21   4.8581E+21   5.4846E+21   6.0146E+21   7.0191E+21   8.0588E+21   9.0661E+21   9.9318E+21   1.0688E+22   1.0933E+22   1.1204E+22   1.1384E+22   1.1428E+22   1.1125E+22   1.0393E+22
    1.7590E-01   1.2314E+21   1.6740E+21   2.2848E+21   3.2942E+21   4.1796E+21   4.7396E+21   5.3005E+21   5.9799E+21   6.5513E+21   7.6298E+21   8.7533E+21   9.8464E+21   1.0786E+22   1.1604E+22   1.1864E+22   1.2153E+22   1.2332E+22   1.2362E+22   1.2000E+22   1.1171E+22
    1.8422E-01   1.3352E+21   1.8198E+21   2.4886E+21   3.5855E+21   4.5551E+21   5.1696E+21   5.7823E+21   6.5193E+21   7.1355E+21   8.2933E+21   9.5066E+21   1.0692E+22   1.1711E+22   1.2594E+22   1.2869E+22   1.3177E+22   1.3354E+22   1.3366E+22   1.2937E+22   1.2001E+22
    1.9293E-01   1.4471E+21   1.9776E+21   2.7100E+21   3.9021E+21   4.9634E+21   5.6376E+21   6.3070E+21   7.1066E+21   7.7714E+21   9.0141E+21   1.0324E+22   1.1607E+22   1.2712E+22   1.3664E+22   1.3956E+22   1.4282E+22   1.4454E+22   1.4445E+22   1.3940E+22   1.2883E+22
    2.0206E-01   1.5676E+21   2.1482E+21   2.9502E+21   4.2461E+21   5.4071E+21   6.1467E+21   6.8781E+21   7.7459E+21   8.4631E+21   9.7970E+21   1.1210E+22   1.2598E+22   1.3795E+22   1.4820E+22   1.5128E+22   1.5474E+22   1.5639E+22   1.5604E+22   1.5012E+22   1.3822E+22
    2.1161E-01   1.6972E+21   2.3326E+21   3.2108E+21   4.6197E+21   5.8893E+21   6.7004E+21   7.4996E+21   8.4417E+21   9.2156E+21   1.0647E+22   1.2170E+22   1.3671E+22   1.4967E+22   1.6068E+22   1.6394E+22   1.6759E+22   1.6913E+22   1.6847E+22   1.6158E+22   1.4820E+22
    2.2162E-01   1.8365E+21   2.5317E+21   3.4933E+21   5.0256E+21   6.4131E+21   7.3024E+21   8.1756E+21   9.1985E+21   1.0034E+22   1.1571E+22   1.3211E+22   1.4832E+22   1.6233E+22   1.7415E+22   1.7758E+22   1.8143E+22   1.8284E+22   1.8180E+22   1.7381E+22   1.5879E+22
    2.3210E-01   1.9862E+21   2.7465E+21   3.7995E+21   5.4661E+21   6.9818E+21   7.9566E+21   8.9106E+21   1.0022E+22   1.0924E+22   1.2573E+22   1.4340E+22   1.6088E+22   1.7602E+22   1.8868E+22   1.9229E+22   1.9633E+22   1.9757E+22   1.9609E+22   1.8685E+22   1.7002E+22
    2.4307E-01   2.1467E+21   2.9782E+21   4.1312E+21   5.9443E+21   7.5991E+21   8.6672E+21   9.7096E+21   1.0916E+22   1.1890E+22   1.3661E+22   1.5562E+22   1.7446E+22   1.9080E+22   2.0435E+22   2.0814E+22   2.1236E+22   2.1338E+22   2.1139E+22   2.0075E+22   1.8192E+22
    2.5457E-01   2.3187E+21   3.2279E+21   4.4903E+21   6.4631E+21   8.2690E+21   9.4389E+21   1.0578E+22   1.1889E+22   1.2941E+22   1.4841E+22   1.6887E+22   1.8915E+22   2.0676E+22   2.2123E+22   2.2520E+22   2.2960E+22   2.3035E+22   2.2776E+22   2.1554E+22   1.9452E+22
    2.6661E-01   2.5029E+21   3.4966E+21   4.8788E+21   7.0258E+21   8.9955E+21   1.0277E+22   1.1521E+22   1.2945E+22   1.4081E+22   1.6121E+22   1.8321E+22   2.0502E+22   2.2399E+22   2.3942E+22   2.4355E+22   2.4812E+22   2.4855E+22   2.4525E+22   2.3129E+22   2.0783E+22
    2.7922E-01   2.6999E+21   3.7857E+21   5.2988E+21   7.6359E+21   9.7832E+21   1.1185E+22   1.2544E+22   1.4091E+22   1.5319E+22   1.7509E+22   1.9873E+22   2.2216E+22   2.4257E+22   2.5899E+22   2.6329E+22   2.6800E+22   2.6805E+22   2.6395E+22   2.4802E+22   2.2189E+22
    2.9242E-01   2.9103E+21   4.0964E+21   5.7526E+21   8.2970E+21   1.0637E+22   1.2171E+22   1.3654E+22   1.5336E+22   1.6663E+22   1.9014E+22   2.1553E+22   2.4068E+22   2.6261E+22   2.8005E+22   2.8450E+22   2.8933E+22   2.8892E+22   2.8390E+22   2.6578E+22   2.3672E+22
    3.0625E-01   3.1349E+21   4.4300E+21   6.2426E+21   9.0132E+21   1.1562E+22   1.3239E+22   1.4859E+22   1.6686E+22   1.8120E+22   2.0644E+22   2.3370E+22   2.6068E+22   2.8420E+22   3.0270E+22   3.0728E+22   3.1221E+22   3.1126E+22   3.0517E+22   2.8462E+22   2.5236E+22
    3.2073E-01   3.3741E+21   4.7878E+21   6.7713E+21   9.7886E+21   1.2563E+22   1.4396E+22   1.6164E+22   1.8149E+22   1.9700E+22   2.2410E+22   2.5334E+22   2.8225E+22   3.0746E+22   3.2702E+22   3.3172E+22   3.3671E+22   3.3514E+22   3.2784E+22   3.0459E+22   2.6881E+22
    3.3590E-01   3.6287E+21   5.1712E+21   7.3412E+21   1.0628E+22   1.3646E+22   1.5648E+22   1.7578E+22   1.9735E+22   2.1411E+22   2.4322E+22   2.7458E+22   3.0552E+22   3.3249E+22   3.5315E+22   3.5794E+22   3.6294E+22   3.6065E+22   3.5197E+22   3.2572E+22   2.8611E+22
    3.5178E-01   3.8993E+21   5.5815E+21   7.9552E+21   1.1535E+22   1.4818E+22   1.7004E+22   1.9108E+22   2.1452E+22   2.3265E+22   2.6391E+22   2.9752E+22   3.3060E+22   3.5941E+22   3.8118E+22   3.8603E+22   3.9100E+22   3.8787E+22   3.7763E+22   3.4808E+22   3.0428E+22
    3.6842E-01   4.1864E+21   6.0201E+21   8.6159E+21   1.2516E+22   1.6084E+22   1.8470E+22   2.0764E+22   2.3311E+22   2.5270E+22   2.8628E+22   3.2229E+22   3.5763E+22   3.8835E+22   4.1124E+22   4.1610E+22   4.2099E+22   4.1690E+22   4.0489E+22   3.7169E+22   3.2335E+22
    3.8584E-01   4.4906E+21   6.4885E+21   9.3264E+21   1.3576E+22   1.7452E+22   2.0053E+22   2.2555E+22   2.5321E+22   2.7440E+22   3.1047E+22   3.4901E+22   3.8673E+22   4.1945E+22   4.4345E+22   4.4828E+22   4.5302E+22   4.4782E+22   4.3383E+22   3.9660E+22   3.4333E+22
    4.0409E-01   4.8125E+21   6.9879E+21   1.0090E+22   1.4720E+22   1.8929E+22   2.1764E+22   2.4489E+22   2.7494E+22   2.9784E+22   3.3659E+22   3.7784E+22   4.1806E+22   4.5283E+22   4.7793E+22   4.8269E+22   4.8718E+22   4.8073E+22   4.6452E+22   4.2287E+22   3.6426E+22
    4.2320E-01   5.1526E+21   7.5198E+21   1.0909E+22   1.5954E+22   2.0522E+22   2.3610E+22   2.6578E+22   2.9840E+22   3.2317E+22   3.6480E+22   4.0892E+22   4.5175E+22   4.8864E+22   5.1481E+22   5.1944E+22   5.2361E+22   5.1573E+22   4.9703E+22   4.5052E+22   3.8615E+22
    4.4321E-01   5.5111E+21   8.0855E+21   1.1787E+22   1.7284E+22   2.2240E+22   2.5600E+22   2.8831E+22   3.2373E+22   3.5051E+22   3.9523E+22   4.4239E+22   4.8797E+22   5.2703E+22   5.5424E+22   5.5866E+22   5.6240E+22   5.5290E+22   5.3143E+22   4.7961E+22   4.0904E+22
    4.6417E-01   5.8886E+21   8.6862E+21   1.2727E+22   1.8717E+22   2.4090E+22   2.7745E+22   3.1260E+22   3.5105E+22   3.7999E+22   4.2804E+22   4.7843E+22   5.2687E+22   5.6817E+22   5.9635E+22   6.0049E+22   6.0368E+22   5.9236E+22   5.6780E+22   5.1017E+22   4.3294E+22
    4.8612E-01   6.2858E+21   9.3241E+21   1.3734E+22   2.0260E+22   2.6083E+22   3.0056E+22   3.3879E+22   3.8050E+22   4.1179E+22   4.6341E+22   5.1721E+22   5.6864E+22   6.1220E+22   6.4128E+22   6.4506E+22   6.4757E+22   6.3419E+22   6.0621E+22   5.4226E+22   4.5789E+22
    5.0911E-01   6.6723E+21   9.9792E+21   1.4795E+22   2.1909E+22   2.8220E+22   3.2534E+22   3.6690E+22   4.1215E+22   4.4597E+22   5.0143E+22   5.5885E+22   6.1341E+22   6.5927E+22   6.8917E+22   6.9249E+22   6.9416E+22   6.7849E+22   6.4672E+22   5.7591E+22   4.8392E+22
    5.3318E-01   7.1035E+21   1.0690E+22   1.5941E+22   2.3690E+22   3.0522E+22   3.5204E+22   3.9718E+22   4.4625E+22   4.8279E+22   5.4237E+22   6.0361E+22   6.6140E+22   7.0959E+22   7.4019E+22   7.4294E+22   7.4360E+22   7.2536E+22   6.8942E+22   6.1116E+22   5.1106E+22
    5.5840E-01   7.5532E+21   1.1439E+22   1.7160E+22   2.5599E+22   3.2990E+22   3.8067E+22   4.2967E+22   4.8287E+22   5.2234E+22   5.8633E+22   6.5160E+22   7.1277E+22   7.6329E+22   7.9446E+22   7.9653E+22   7.9598E+22   7.7490E+22   7.3437E+22   6.4806E+22   5.3935E+22
    5.8480E-01   8.0214E+21   1.2227E+22   1.8456E+22   2.7644E+22   3.5635E+22   4.1136E+22   4.6452E+22   5.2216E+22   5.6479E+22   6.3352E+22   7.0304E+22   7.6770E+22   8.2056E+22   8.5214E+22   8.5340E+22   8.5143E+22   8.2719E+22   7.8163E+22   6.8665E+22   5.6883E+22
    6.1246E-01   8.5077E+21   1.3054E+22   1.9833E+22   2.9833E+22   3.8468E+22   4.4423E+22   5.0186E+22   5.6428E+22   6.1032E+22   6.8413E+22   7.5811E+22   8.2638E+22   8.8156E+22   9.1338E+22   9.1368E+22   9.1006E+22   8.8233E+22   8.3129E+22   7.2700E+22   5.9955E+22
    6.4142E-01   9.0121E+21   1.3923E+22   2.1294E+22   3.2175E+22   4.1499E+22   4.7940E+22   5.4183E+22   6.0940E+22   6.5910E+22   7.3834E+22   8.1703E+22   8.8903E+22   9.4650E+22   9.7835E+22   9.7752E+22   9.7199E+22   9.4043E+22   8.8341E+22   7.6915E+22   6.3157E+22
    6.7175E-01   9.4934E+21   1.4805E+22   2.2822E+22   3.4662E+22   4.4727E+22   5.1690E+22   5.8449E+22   6.5761E+22   7.1124E+22   7.9632E+22   8.7995E+22   9.5580E+22   1.0155E+23   1.0472E+23   1.0451E+23   1.0373E+23   1.0016E+23   9.3808E+22   8.1317E+22   6.6497E+22
    7.0352E-01   1.0026E+22   1.5750E+22   2.4454E+22   3.7325E+22   4.8179E+22   5.5697E+22   6.3008E+22   7.0916E+22   7.6701E+22   8.5833E+22   9.4715E+22   1.0269E+23   1.0889E+23   1.1200E+23   1.1164E+23   1.1062E+23   1.0659E+23   9.9537E+22   8.5914E+22   6.9981E+22
    7.3679E-01   1.0567E+22   1.6729E+22   2.6171E+22   4.0156E+22   5.1852E+22   5.9963E+22   6.7867E+22   7.6414E+22   8.2653E+22   9.2453E+22   1.0188E+23   1.1026E+23   1.1667E+23   1.1971E+23   1.1918E+23   1.1787E+23   1.1334E+23   1.0554E+23   9.0712E+22   7.3618E+22
    7.7163E-01   1.1114E+22   1.7744E+22   2.7978E+22   4.3166E+22   5.5760E+22   6.4503E+22   7.3042E+22   8.2276E+22   8.9003E+22   9.9516E+22   1.0951E+23   1.1831E+23   1.2492E+23   1.2785E+23   1.2713E+23   1.2550E+23   1.2043E+23   1.1182E+23   9.5722E+22   7.7420E+22
    8.0812E-01   1.1681E+22   1.8798E+22   2.9880E+22   4.6367E+22   5.9921E+22   6.9339E+22   7.8557E+22   8.8527E+22   9.5776E+22   1.0705E+23   1.1764E+23   1.2686E+23   1.3365E+23   1.3644E+23   1.3550E+23   1.3352E+23   1.2786E+23   1.1839E+23   1.0095E+23   8.1397E+22
    8.4634E-01   1.2273E+22   1.9915E+22   3.1913E+22   4.9801E+22   6.4379E+22   7.4513E+22   8.4453E+22   9.5206E+22   1.0301E+23   1.1509E+23   1.2630E+23   1.3594E+23   1.4290E+23   1.4550E+23   1.4431E+23   1.4194E+23   1.3565E+23   1.2526E+23   1.0642E+23   8.5564E+22
    8.8636E-01   1.1842E+22   2.0351E+22   3.3533E+22   5.3094E+22   6.8888E+22   7.9828E+22   9.0563E+22   1.0217E+23   1.1059E+23   1.2355E+23   1.3542E+23   1.4552E+23   1.5264E+23   1.5502E+23   1.5357E+23   1.5076E+23   1.4380E+23   1.3243E+23   1.1213E+23   8.9934E+22
    9.2828E-01   1.2344E+22   2.1456E+22   3.5701E+22   5.6895E+22   7.3855E+22   8.5607E+22   9.7163E+22   1.0967E+23   1.1872E+23   1.3260E+23   1.4514E+23   1.5567E+23   1.6293E+23   1.6504E+23   1.6328E+23   1.6001E+23   1.5232E+23   1.3993E+23   1.1810E+23   9.4523E+22
    9.7218E-01   1.2834E+22   2.2553E+22   3.7910E+22   6.0844E+22   7.9036E+22   9.1647E+22   1.0408E+23   1.1755E+23   1.2728E+23   1.4214E+23   1.5538E+23   1.6636E+23   1.7375E+23   1.7555E+23   1.7346E+23   1.6967E+23   1.6123E+23   1.4777E+23   1.2435E+23   9.9352E+22
    1.0182E+00   1.3315E+22   2.3660E+22   4.0186E+22   6.4973E+22   8.4460E+22   9.7978E+22   1.1134E+23   1.2584E+23   1.3630E+23   1.5220E+23   1.6618E+23   1.7762E+23   1.8510E+23   1.8655E+23   1.8411E+23   1.7978E+23   1.7053E+23   1.5595E+23   1.3089E+23   1.0444E+23
    1.0663E+00   1.3786E+22   2.4774E+22   4.2531E+22   6.9286E+22   9.0137E+22   1.0461E+23   1.1896E+23   1.3455E+23   1.4578E+23   1.6280E+23   1.7754E+23   1.8944E+23   1.9701E+23   1.9807E+23   1.9525E+23   1.9032E+23   1.8024E+23   1.6449E+23   1.3775E+23   1.0981E+23
    1.1167E+00   1.4244E+22   2.5890E+22   4.4937E+22   7.3781E+22   9.6067E+22   1.1155E+23   1.2694E+23   1.4369E+23   1.5575E+23   1.7396E+23   1.8948E+23   2.0185E+23   2.0949E+23   2.1011E+23   2.0689E+23   2.0134E+23   1.9037E+23   1.7343E+23   1.4495E+23   1.1550E+23
    1.1695E+00   1.4674E+22   2.6993E+22   4.7394E+22   7.8453E+22   1.0225E+23   1.1878E+23   1.3529E+23   1.5327E+23   1.6621E+23   1.8567E+23   2.0201E+23   2.1486E+23   2.2255E+23   2.2270E+23   2.1904E+23   2.1284E+23   2.0096E+23   1.8277E+23   1.5252E+23   1.2153E+23
    1.2248E+00   1.5034E+22   2.8074E+22   4.9895E+22   8.3295E+22   1.0867E+23   1.2632E+23   1.4400E+23   1.6329E+23   1.7717E+23   1.9796E+23   2.1515E+23   2.2849E+23   2.3621E+23   2.3585E+23   2.3173E+23   2.2484E+23   2.1202E+23   1.9256E+23   1.6050E+23   1.2793E+23
    1.2828E+00   1.5422E+22   2.9151E+22   5.2443E+22   8.8311E+22   1.1534E+23   1.3417E+23   1.5307E+23   1.7375E+23   1.8863E+23   2.1084E+23   2.2891E+23   2.4273E+23   2.5047E+23   2.4957E+23   2.4497E+23   2.3737E+23   2.2358E+23   2.0282E+23   1.6892E+23   1.3476E+23
    1.3434E+00   1.5772E+22   3.0210E+22   5.5042E+22   9.3509E+22   1.2228E+23   1.4232E+23   1.6253E+23   1.8467E+23   2.0060E+23   2.2431E+23   2.4329E+23   2.5762E+23   2.6536E+23   2.6388E+23   2.5879E+23   2.5045E+23   2.3567E+23   2.1360E+23   1.7782E+23   1.4204E+23
    1.4070E+00   1.4614E+22   3.0123E+22   5.6920E+22   9.8422E+22   1.2918E+23   1.5058E+23   1.7219E+23   1.9591E+23   2.1297E+23   2.3830E+23   2.5826E+23   2.7311E+23   2.8086E+23   2.7880E+23   2.7321E+23   2.6411E+23   2.4833E+23   2.2491E+23   1.8725E+23   1.4982E+23
    1.4735E+00   1.4830E+22   3.1037E+22   5.9479E+22   1.0384E+23   1.3649E+23   1.5922E+23   1.8227E+23   2.0764E+23   2.2588E+23   2.5290E+23   2.7387E+23   2.8926E+23   2.9701E+23   2.9435E+23   2.8825E+23   2.7839E+23   2.6158E+23   2.3683E+23   1.9726E+23   1.5816E+23
    1.5432E+00   1.5018E+22   3.1876E+22   6.1969E+22   1.0929E+23   1.4389E+23   1.6803E+23   1.9259E+23   2.1971E+23   2.3921E+23   2.6804E+23   2.9007E+23   3.0604E+23   3.1381E+23   3.1055E+23   3.0394E+23   2.9331E+23   2.7548E+23   2.4937E+23   2.0789E+23   1.6711E+23
    1.6162E+00   1.5162E+22   3.2639E+22   6.4394E+22   1.1477E+23   1.5139E+23   1.7699E+23   2.0315E+23   2.3211E+23   2.5296E+23   2.8371E+23   3.0686E+23   3.2345E+23   3.3127E+23   3.2742E+23   3.2031E+23   3.0892E+23   2.9006E+23   2.6262E+23   2.1921E+23   1.7673E+23
    1.6926E+00   1.5173E+22   3.3262E+22   6.6710E+22   1.2025E+23   1.5897E+23   1.8608E+23   2.1391E+23   2.4483E+23   2.6710E+23   2.9990E+23   3.2426E+23   3.4151E+23   3.4941E+23   3.4501E+23   3.3741E+23   3.2527E+23   3.0540E+23   2.7662E+23   2.3129E+23   1.8708E+23
    1.7726E+00   1.4653E+22   3.3706E+22   6.8943E+22   1.2574E+23   1.6662E+23   1.9530E+23   2.2488E+23   2.5786E+23   2.8165E+23   3.1663E+23   3.4226E+23   3.6024E+23   3.6827E+23   3.6336E+23   3.5528E+23   3.4241E+23   3.2153E+23   2.9144E+23   2.4419E+23   1.9825E+23
    1.8564E+00   1.4100E+22   3.4135E+22   7.1096E+22   1.3124E+23   1.7432E+23   2.0463E+23   2.3604E+23   2.7118E+23   2.9657E+23   3.3389E+23   3.6088E+23   3.7966E+23   3.8788E+23   3.8251E+23   3.7398E+23   3.6041E+23   3.3854E+23   3.0715E+23   2.5799E+23   2.1029E+23
    1.9442E+00   1.3905E+22   3.4418E+22   7.3102E+22   1.3670E+23   1.8208E+23   2.1407E+23   2.4738E+23   2.8480E+23   3.1188E+23   3.5168E+23   3.8013E+23   3.9979E+23   4.0828E+23   4.0251E+23   3.9357E+23   3.7933E+23   3.5650E+23   3.2384E+23   2.7278E+23   2.2331E+23
    2.0362E+00   1.1119E+22   3.1941E+22   7.3274E+22   1.4130E+23   1.8942E+23   2.2328E+23   2.5864E+23   2.9851E+23   3.2742E+23   3.6990E+23   3.9997E+23   4.2063E+23   4.2948E+23   4.2341E+23   4.1411E+23   3.9924E+23   3.7548E+23   3.4159E+23   2.8864E+23   2.3737E+23
    2.1325E+00   9.9868E+21   3.0821E+22   7.4100E+22   1.4618E+23   1.9695E+23   2.3266E+23   2.7011E+23   3.1251E+23   3.4333E+23   3.8867E+23   4.2046E+23   4.4222E+23   4.5154E+23   4.4527E+23   4.3566E+23   4.2022E+23   3.9556E+23   3.6047E+23   3.0566E+23   2.5258E+23
    2.2333E+00   9.6904E+21   3.0690E+22   7.5465E+22   1.5115E+23   2.0436E+23   2.4191E+23   2.8153E+23   3.2661E+23   3.5947E+23   4.0788E+23   4.4156E+23   4.6457E+23   4.7450E+23   4.6815E+23   4.5829E+23   4.4234E+23   4.1683E+23   3.8060E+23   3.2394E+23   2.6904E+23
    2.3389E+00   9.1422E+21   3.0087E+22   7.6346E+22   1.5574E+23   2.1151E+23   2.5098E+23   2.9286E+23   3.4078E+23   3.7581E+23   4.2753E+23   4.6328E+23   4.8771E+23   4.9840E+23   4.9212E+23   4.8208E+23   4.6569E+23   4.3938E+23   4.0205E+23   3.4358E+23   2.8684E+23
    2.4495E+00   7.0437E+21   2.8435E+22   7.6850E+22   1.6008E+23   2.1845E+23   2.5992E+23   3.0415E+23   3.5504E+23   3.9238E+23   4.4765E+23   4.8567E+23   5.1169E+23   5.2330E+23   5.1726E+23   5.0711E+23   4.9036E+23   4.6331E+23   4.2495E+23   3.6469E+23   3.0610E+23
    2.5654E+00   6.7097E+21   2.7670E+22   7.7120E+22   1.6411E+23   2.2517E+23   2.6869E+23   3.1537E+23   3.6937E+23   4.0916E+23   4.6825E+23   5.0875E+23   5.3655E+23   5.4928E+23   5.4364E+23   5.3348E+23   5.1645E+23   4.8872E+23   4.4939E+23   3.8739E+23   3.2692E+23
    2.6867E+00   5.1719E+21   2.2562E+22   7.2930E+22   1.6583E+23   2.3067E+23   2.7664E+23   3.2603E+23   3.8344E+23   4.2590E+23   4.8917E+23   5.3245E+23   5.6229E+23   5.7636E+23   5.7132E+23   5.6125E+23   5.4404E+23   5.1570E+23   4.7548E+23   4.1177E+23   3.4942E+23
    2.8137E+00   4.9037E+21   2.1820E+22   7.2721E+22   1.6904E+23   2.3657E+23   2.8468E+23   3.3672E+23   3.9759E+23   4.4284E+23   5.1058E+23   5.5686E+23   5.8897E+23   6.0461E+23   6.0039E+23   5.9051E+23   5.7323E+23   5.4436E+23   5.0332E+23   4.3795E+23   3.7372E+23
    2.9468E+00   4.6637E+21   2.1160E+22   7.2372E+22   1.7174E+23   2.4187E+23   2.9216E+23   3.4694E+23   4.1148E+23   4.5973E+23   5.3229E+23   5.8190E+23   6.1656E+23   6.3404E+23   6.3090E+23   6.2133E+23   6.0410E+23   5.7478E+23   5.3302E+23   4.6605E+23   3.9992E+23
    3.0862E+00   4.3760E+21   2.0298E+22   7.1636E+22   1.7387E+23   2.4656E+23   2.9906E+23   3.5668E+23   4.2510E+23   4.7654E+23   5.5434E+23   6.0759E+23   6.4512E+23   6.6472E+23   6.6292E+23   6.5380E+23   6.3674E+23   6.0706E+23   5.6468E+23   4.9617E+23   4.2815E+23
    3.2321E+00   3.1419E+21   1.7415E+22   6.9793E+22   1.7532E+23   2.5063E+23   3.0539E+23   3.6594E+23   4.3843E+23   4.9327E+23   5.7670E+23   6.3396E+23   6.7466E+23   6.9669E+23   6.9650E+23   6.8797E+23   6.7122E+23   6.4129E+23   5.9839E+23   5.2842E+23   4.5852E+23
    3.3849E+00   2.9088E+21   1.6400E+22   6.7938E+22   1.7606E+23   2.5404E+23   3.1111E+23   3.7470E+23   4.5144E+23   5.0990E+23   5.9937E+23   6.6099E+23   7.0521E+23   7.2999E+23   7.3171E+23   7.2391E+23   7.0762E+23   6.7755E+23   6.3425E+23   5.6290E+23   4.9114E+23
    3.5450E+00   2.5800E+21   1.3838E+22   6.1991E+22   1.7416E+23   2.5590E+23   3.1565E+23   3.8253E+23   4.6384E+23   5.2618E+23   6.2221E+23   6.8862E+23   7.3673E+23   7.6461E+23   7.6857E+23   7.6167E+23   7.4599E+23   7.1589E+23   6.7232E+23   5.9969E+23   5.2609E+23
    3.7127E+00   2.3907E+21   1.2996E+22   5.9966E+22   1.7373E+23   2.5783E+23   3.1987E+23   3.8991E+23   4.7587E+23   5.4227E+23   6.4527E+23   7.1684E+23   7.6921E+23   8.0054E+23   8.0709E+23   8.0125E+23   7.8636E+23   7.5636E+23   7.1268E+23   6.3887E+23   5.6348E+23
    3.8882E+00   2.2087E+21   1.2222E+22   5.7993E+22   1.7274E+23   2.5891E+23   3.2316E+23   3.9642E+23   4.8721E+23   5.5791E+23   6.6835E+23   7.4553E+23   8.0257E+23   8.3775E+23   8.4724E+23   8.4266E+23   8.2874E+23   7.9899E+23   7.5534E+23   6.8050E+23   6.0337E+23
    4.0721E+00   2.0101E+21   1.1369E+22   5.5718E+22   1.7102E+23   2.5907E+23   3.2548E+23   4.0198E+23   4.9779E+23   5.7300E+23   6.9138E+23   7.7460E+23   8.3673E+23   8.7617E+23   8.8899E+23   8.8587E+23   8.7312E+23   8.4376E+23   8.0033E+23   7.2461E+23   6.4582E+23
    4.2647E+00   1.6946E+21   9.9483E+21   5.2468E+22   1.6839E+23   2.5824E+23   3.2677E+23   4.0653E+23   5.0750E+23   5.8743E+23   7.1423E+23   8.0394E+23   8.7159E+23   9.1571E+23   9.3227E+23   9.3081E+23   9.1944E+23   8.9065E+23   8.4764E+23   7.7121E+23   6.9085E+23
    4.4664E+00   1.5239E+21   9.0111E+21   4.8670E+22   1.6421E+23   2.5606E+23   3.2676E+23   4.0984E+23   5.1614E+23   6.0102E+23   7.3671E+23   8.3337E+23   9.0700E+23   9.5623E+23   9.7696E+23   9.7739E+23   9.6763E+23   9.3959E+23   8.9721E+23   8.2029E+23   7.3849E+23
    4.6776E+00   1.3667E+21   8.2321E+21   4.5857E+22   1.6028E+23   2.5325E+23   3.2580E+23   4.1205E+23   5.2370E+23   6.1367E+23   7.5867E+23   8.6272E+23   9.4277E+23   9.9756E+23   1.0229E+24   1.0255E+24   1.0176E+24   9.9046E+23   9.4895E+23   8.7177E+23   7.8868E+23
    4.8988E+00   1.2042E+21   7.4070E+21   4.2812E+22   1.5563E+23   2.4936E+23   3.2357E+23   4.1289E+23   5.2993E+23   6.2513E+23   7.7986E+23   8.9174E+23   9.7865E+23   1.0395E+24   1.0699E+24   1.0748E+24   1.0690E+24   1.0431E+24   1.0027E+24   9.2557E+23   8.4138E+23
    5.1304E+00   9.6745E+20   6.1594E+21   3.8342E+22   1.4979E+23   2.4425E+23   3.1997E+23   4.1224E+23   5.3465E+23   6.3519E+23   8.0001E+23   9.2013E+23   1.0144E+24   1.0817E+24   1.1177E+24   1.1252E+24   1.1218E+24   1.0973E+24   1.0584E+24   9.8153E+23   8.9646E+23
    5.3730E+00   8.3766E+20   5.4676E+21   3.5297E+22   1.4343E+23   2.3791E+23   3.1490E+23   4.0994E+23   5.3765E+23   6.4360E+23   8.1881E+23   9.4757E+23   1.0496E+24   1.1238E+24   1.1659E+24   1.1764E+24   1.1757E+24   1.1528E+24   1.1156E+24   1.0395E+24   9.5377E+23
    5.6271E+00   7.2348E+20   4.8381E+21   3.1953E+22   1.3514E+23   2.2970E+23   3.0794E+23   4.0564E+23   5.3858E+23   6.4998E+23   8.3586E+23   9.7366E+23   1.0838E+24   1.1656E+24   1.2142E+24   1.2279E+24   1.2302E+24   1.2092E+24   1.1742E+24   1.0991E+24   1.0131E+24
    5.8932E+00   6.1942E+20   4.2682E+21   2.9169E+22   1.2773E+23   2.2100E+23   2.9977E+23   3.9964E+23   5.3748E+23   6.5423E+23   8.5087E+23   9.9799E+23   1.1167E+24   1.2064E+24   1.2621E+24   1.2793E+24   1.2849E+24   1.2662E+24   1.2336E+24   1.1601E+24   1.0741E+24
    6.1719E+00   5.2415E+20   3.7319E+21   2.6452E+22   1.1986E+23   2.1110E+23   2.8995E+23   3.9158E+23   5.3397E+23   6.5593E+23   8.6338E+23   1.0201E+24   1.1478E+24   1.2458E+24   1.3091E+24   1.3301E+24   1.3394E+24   1.3233E+24   1.2936E+24   1.2221E+24   1.1366E+24
    6.4638E+00   4.3752E+20   3.2245E+21   2.3730E+22   1.1136E+23   1.9991E+23   2.7838E+23   3.8132E+23   5.2783E+23   6.5480E+23   8.7297E+23   1.0394E+24   1.1764E+24   1.2832E+24   1.3546E+24   1.3797E+24   1.3931E+24   1.3798E+24   1.3535E+24   1.2846E+24   1.2000E+24
    6.7695E+00   3.5936E+20   2.7443E+21   2.0976E+22   1.0215E+23   1.8735E+23   2.6496E+23   3.6872E+23   5.1883E+23   6.5052E+23   8.7918E+23   1.0555E+24   1.2020E+24   1.3180E+24   1.3980E+24   1.4275E+24   1.4453E+24   1.4353E+24   1.4127E+24   1.3471E+24   1.2640E+24
    7.0896E+00   2.8923E+20   2.2893E+21   1.8180E+22   9.2186E+22   1.7335E+23   2.4962E+23   3.5365E+23   5.0677E+23   6.4279E+23   8.8159E+23   1.0678E+24   1.2240E+24   1.3495E+24   1.4386E+24   1.4728E+24   1.4953E+24   1.4889E+24   1.4707E+24   1.4090E+24   1.3278E+24
    7.4249E+00   2.2628E+20   1.8568E+21   1.5333E+22   8.1419E+22   1.5783E+23   2.3224E+23   3.3598E+23   4.9142E+23   6.3134E+23   8.7975E+23   1.0757E+24   1.2418E+24   1.3770E+24   1.4756E+24   1.5148E+24   1.5424E+24   1.5400E+24   1.5266E+24   1.4695E+24   1.3909E+24
    7.7760E+00   1.6928E+20   1.4427E+21   1.2426E+22   6.9736E+22   1.4057E+23   2.1262E+23   3.1551E+23   4.7257E+23   6.1586E+23   8.7323E+23   1.0788E+24   1.2546E+24   1.3997E+24   1.5082E+24   1.5526E+24   1.5858E+24   1.5877E+24   1.5797E+24   1.5279E+24   1.4527E+24
    8.1437E+00   1.1648E+20   1.0412E+21   9.4311E+21   5.6890E+22   1.2115E+23   1.9038E+23   2.9195E+23   4.4994E+23   5.9606E+23   8.6162E+23   1.0764E+24   1.2620E+24   1.4170E+24   1.5356E+24   1.5855E+24   1.6245E+24   1.6312E+24   1.6290E+24   1.5834E+24   1.5122E+24
    8.5288E+00   6.2959E+19   6.4086E+20   6.2801E+21   4.2260E+22   9.8549E+22   1.6465E+23   2.6466E+23   4.2308E+23   5.7154E+23   8.4450E+23   1.0682E+24   1.2632E+24   1.4282E+24   1.5571E+24   1.6126E+24   1.6577E+24   1.6695E+24   1.6737E+24   1.6351E+24   1.5686E+24
    8.9322E+00   1.3683E+19   1.5918E+20   1.9560E+21   1.8543E+22   6.2066E+22   1.2754E+23   2.2948E+23   3.9014E+23   5.4124E+23   8.2129E+23   1.0537E+24   1.2578E+24   1.4325E+24   1.5717E+24   1.6331E+24   1.6845E+24   1.7017E+24   1.7129E+24   1.6820E+24   1.6211E+24
    9.3546E+00   6.8615E+18   8.4605E+19   1.1679E+21   1.2552E+22   4.3741E+22   9.5300E+22   1.8723E+23   3.4560E+23   4.9942E+23   7.8808E+23   1.0307E+24   1.2444E+24   1.4289E+24   1.5787E+24   1.6459E+24   1.7039E+24   1.7269E+24   1.7455E+24   1.7232E+24   1.6686E+24
    9.7969E+00   4.2999E+18   5.6353E+19   8.4221E+20   9.8860E+21   3.5663E+22   8.0211E+22   1.6418E+23   3.1565E+23   4.6676E+23   7.5591E+23   1.0033E+24   1.2241E+24   1.4173E+24   1.5772E+24   1.6503E+24   1.7150E+24   1.7441E+24   1.7705E+24   1.7577E+24   1.7103E+24
    1.0260E+01   2.8350E+18   3.9724E+19   6.4329E+20   8.1262E+21   2.9985E+22   6.8830E+22   1.4501E+23   2.8785E+23   4.3413E+23   7.2009E+23   9.6961E+23   1.1958E+24   1.3969E+24   1.5665E+24   1.6454E+24   1.7170E+24   1.7525E+24   1.7872E+24   1.7845E+24   1.7450E+24
    1.0745E+01   1.8866E+18   2.7847E+19   4.8590E+20   6.6076E+21   2.5030E+22   5.8762E+22   1.2740E+23   2.6075E+23   4.0077E+23   6.8058E+23   9.2980E+23   1.1597E+24   1.3675E+24   1.5464E+24   1.6309E+24   1.7094E+24   1.7513E+24   1.7945E+24   1.8027E+24   1.7719E+24
    1.1254E+01   1.2631E+18   2.0005E+19   3.7797E+20   5.5052E+21   2.1185E+22   5.0305E+22   1.1126E+23   2.3397E+23   3.6639E+23   6.3748E+23   8.8421E+23   1.1160E+24   1.3293E+24   1.5165E+24   1.6064E+24   1.6915E+24   1.7400E+24   1.7920E+24   1.8115E+24   1.7902E+24
    1.1786E+01   8.2964E+17   1.4213E+19   2.9243E+20   4.5769E+21   1.7930E+22   4.3079E+22   9.7018E+22   2.0890E+23   3.3266E+23   5.9219E+23   8.3379E+23   1.0654E+24   1.2824E+24   1.4770E+24   1.5717E+24   1.6632E+24   1.7182E+24   1.7789E+24   1.8103E+24   1.7989E+24
    1.2343E+01   5.3071E+17   9.9030E+18   2.2324E+20   3.7702E+21   1.5066E+22   3.6632E+22   8.3931E+22   1.8484E+23   2.9918E+23   5.4492E+23   7.7911E+23   1.0084E+24   1.2275E+24   1.4279E+24   1.5269E+24   1.6242E+24   1.6856E+24   1.7549E+24   1.7983E+24   1.7973E+24
    1.2927E+01   3.2917E+17   6.7375E+18   1.6748E+20   3.0662E+21   1.2528E+22   3.0842E+22   7.1878E+22   1.6184E+23   2.6623E+23   4.9634E+23   7.2102E+23   9.4593E+23   1.1651E+24   1.3697E+24   1.4724E+24   1.5749E+24   1.6422E+24   1.7198E+24   1.7753E+24   1.7850E+24
    1.3538E+01   1.9726E+17   4.4611E+18   1.2312E+20   2.4557E+21   1.0284E+22   2.5657E+22   6.0830E+22   1.4003E+23   2.3418E+23   4.4718E+23   6.6044E+23   8.7884E+23   1.0961E+24   1.3031E+24   1.4085E+24   1.5155E+24   1.5882E+24   1.6736E+24   1.7410E+24   1.7615E+24
    1.4178E+01   1.1382E+17   2.8663E+18   8.8474E+19   1.9327E+21   8.3168E+21   2.1050E+22   5.0795E+22   1.1961E+23   2.0343E+23   3.9822E+23   5.9842E+23   8.0830E+23   1.0215E+24   1.2291E+24   1.3362E+24   1.4467E+24   1.5242E+24   1.6167E+24   1.6955E+24   1.7267E+24
    1.4849E+01   6.3010E+16   1.7818E+18   6.1997E+19   1.4916E+21   6.6134E+21   1.7003E+22   4.1793E+22   1.0074E+23   1.7435E+23   3.5025E+23   5.3603E+23   7.3553E+23   9.4261E+23   1.1486E+24   1.2563E+24   1.3693E+24   1.4508E+24   1.5495E+24   1.6390E+24   1.6807E+24
    1.5551E+01   3.3345E+16   1.0685E+18   4.2263E+19   1.1267E+21   5.1614E+21   1.3499E+22   3.3834E+22   8.3568E+22   1.4730E+23   3.0404E+23   4.7433E+23   6.6179E+23   8.6075E+23   1.0630E+24   1.1703E+24   1.2845E+24   1.3691E+24   1.4729E+24   1.5721E+24   1.6237E+24
    1.6286E+01   1.6804E+16   6.1622E+17   2.7960E+19   8.3127E+20   3.9463E+21   1.0518E+22   2.6915E+22   6.8207E+22   1.2255E+23   2.6027E+23   4.1437E+23   5.8839E+23   7.7736E+23   9.7372E+23   1.0794E+24   1.1936E+24   1.2803E+24   1.3880E+24   1.4956E+24   1.5563E+24
    1.7057E+01   8.0326E+15   3.4069E+17   1.7907E+19   5.9788E+20   2.9507E+21   8.0287E+21   2.1011E+22   5.4712E+22   1.0031E+23   2.1954E+23   3.5710E+23   5.1659E+23   6.9390E+23   8.8234E+23   9.8521E+23   1.0981E+24   1.1858E+24   1.2960E+24   1.4106E+24   1.4795E+24
    1.7863E+01   3.6270E+15   1.7999E+17   1.1075E+19   4.1837E+20   2.1539E+21   5.9956E+21   1.6074E+22   4.3085E+22   8.0703E+22   1.8232E+23   3.0336E+23   4.4757E+23   6.1182E+23   7.9047E+23   8.8941E+23   9.9965E+23   1.0872E+24   1.1985E+24   1.3183E+24   1.3942E+24
    1.8708E+01   1.5404E+15   9.0574E+16   6.5980E+18   2.8427E+20   1.5321E+21   4.3731E+21   1.2035E+22   3.3271E+22   6.3752E+22   1.4894E+23   2.5383E+23   3.8238E+23   5.3250E+23   6.9968E+23   7.9367E+23   8.9999E+23   9.8618E+23   1.0970E+24   1.2203E+24   1.3019E+24
    1.9593E+01   6.1265E+14   4.3264E+16   3.7766E+18   1.8719E+20   1.0603E+21   3.1107E+21   8.8071E+21   2.5166E+22   4.9400E+22   1.1958E+23   2.0903E+23   3.2191E+23   4.5716E+23   6.1153E+23   6.9964E+23   8.0086E+23   8.8455E+23   9.9347E+23   1.1182E+24   1.2040E+24
    2.0519E+01   2.2711E+14   1.9549E+16   2.0715E+18   1.1922E+20   7.1265E+20   2.1546E+21   6.2908E+21   1.8624E+22   3.7507E+22   9.4267E+22   1.6927E+23   2.6681E+23   3.8687E+23   5.2739E+23   6.0886E+23   7.0392E+23   7.8406E+23   8.8958E+23   1.0138E+24   1.1022E+24
    2.1490E+01   7.8102E+13   8.3261E+15   1.0860E+18   7.3292E+19   4.6438E+20   1.4509E+21   4.3799E+21   1.3468E+22   2.7873E+22   7.2896E+22   1.3467E+23   2.1756E+23   3.2247E+23   4.4848E+23   5.2274E+23   6.1076E+23   6.8638E+23   7.8714E+23   9.0896E+23   9.9834E+23
    2.2506E+01   2.4791E+13   3.3304E+15   5.4277E+17   4.3409E+19   2.9287E+20   9.4844E+20   2.9682E+21   9.5053E+21   2.0251E+22   5.5239E+22   1.0517E+23   1.7438E+23   2.6453E+23   3.7577E+23   4.4245E+23   5.2275E+23   5.9305E+23   6.8785E+23   8.0545E+23   8.9418E+23
    2.3570E+01   7.2263E+12   1.2463E+15   2.5788E+17   2.4719E+19   1.7846E+20   6.0083E+20   1.9551E+21   6.5392E+21   1.4368E+22   4.0977E+22   8.0533E+22   1.3725E+23   2.1338E+23   3.1000E+23   3.6892E+23   4.4106E+23   5.0539E+23   5.9324E+23   7.0496E+23   7.9151E+23
    2.4685E+01   1.9243E+12   4.3468E+14   1.1616E+17   1.3505E+19   1.0487E+20   3.6826E+20   1.2498E+21   4.3792E+21   9.9426E+21   2.9724E+22   6.0412E+22   1.0599E+23   1.6912E+23   2.5158E+23   3.0280E+23   3.6657E+23   4.2450E+23   5.0463E+23   6.0906E+23   6.9201E+23
    2.5852E+01   4.6571E+11   1.4072E+14   4.9459E+16   7.0649E+18   5.9320E+19   2.1802E+20   7.7419E+20   2.8508E+21   6.7018E+21   2.1060E+22   4.4347E+22   8.0231E+22   1.3157E+23   2.0069E+23   2.4444E+23   2.9987E+23   3.5117E+23   4.2308E+23   5.1908E+23   5.9722E+23
    2.7075E+01   1.0194E+11   4.2114E+13   1.9849E+16   3.5308E+18   3.2239E+19   1.2445E+20   4.6396E+20   1.8015E+21   4.3943E+21   1.4556E+22   3.1822E+22   5.9463E+22   1.0037E+23   1.5723E+23   1.9392E+23   2.4125E+23   2.8589E+23   3.4933E+23   4.3610E+23   5.0842E+23
    2.8355E+01   2.0098E+10   1.1605E+13   7.4858E+15   1.6821E+18   1.6801E+19   6.8366E+19   2.6853E+20   1.1033E+21   2.7990E+21   9.8031E+21   2.2294E+22   4.3106E+22   7.5021E+22   1.2085E+23   1.5105E+23   1.9072E+23   2.2886E+23   2.8386E+23   3.6092E+23   4.2668E+23
    2.9696E+01   3.5575E+09   2.9331E+12   2.6447E+15   7.6206E+17   8.3776E+18   3.6076E+19   1.4985E+20   6.5392E+20   1.7293E+21   6.4241E+21   1.5231E+22   3.0529E+22   5.4873E+22   9.1056E+22   1.1541E+23   1.4803E+23   1.8000E+23   2.2681E+23   2.9402E+23   3.5273E+23
    3.1100E+01   5.6421E+08   6.7757E+11   8.7266E+14   3.2754E+17   3.9886E+18   1.8249E+19   8.0469E+19   3.7441E+20   1.0348E+21   4.0908E+21   1.0134E+22   2.1099E+22   3.9236E+22   6.7177E+22   8.6415E+22   1.1269E+23   1.3896E+23   1.7805E+23   2.3558E+23   2.8703E+23
    3.2571E+01   8.0117E+07   1.4264E+11   2.6809E+14   1.3323E+17   1.8091E+18   8.8306E+18   4.1504E+19   2.0675E+20   5.9870E+20   2.5276E+21   6.5584E+21   1.4211E+22   2.7392E+22   4.8476E+22   6.3340E+22   8.4060E+22   1.0521E+23   1.3720E+23   1.8549E+23   2.2972E+23
    3.4111E+01   1.0190E+07   2.7305E+10   7.6462E+13   5.1153E+16   7.7980E+17   4.0786E+18   2.0519E+19   1.0990E+20   3.3438E+20   1.5131E+21   4.1221E+21   9.3160E+21   1.8649E+22   3.4177E+22   4.5399E+22   6.1377E+22   7.8035E+22   1.0368E+23   1.4341E+23   1.8069E+23
    3.5724E+01   1.1636E+06   4.7463E+09   2.0190E+13   1.8490E+16   3.1868E+17   1.7939E+18   9.7029E+18   5.6125E+19   1.7995E+20   8.7620E+20   2.5126E+21   5.9357E+21   1.2366E+22   2.3513E+22   3.1782E+22   4.3818E+22   5.6644E+22   7.6756E+22   1.0876E+23   1.3954E+23
    3.7414E+01   1.1833E+05   7.4869E+08   4.9244E+12   6.2763E+15   1.2316E+17   7.4957E+17   4.3787E+18   2.7484E+19   9.3142E+19   4.8997E+20   1.4829E+21   3.6703E+21   7.9746E+21   1.5766E+22   2.1705E+22   3.0551E+22   4.0194E+22   5.5612E+22   8.0833E+22   1.0572E+23
    3.9183E+01   1.1280E+04   1.0718E+08   1.1073E+12   1.9954E+15   4.4898E+16   2.9681E+17   1.8815E+18   1.2878E+19   4.6278E+19   2.6413E+20   8.4602E+20   2.1992E+21   4.9944E+21   1.0288E+22   1.4441E+22   2.0777E+22   2.7849E+22   3.9389E+22   5.8816E+22   7.8493E+22
    4.1036E+01   7.1202E+02   1.3907E+07   2.2922E+11   5.9271E+14   1.5399E+16   1.1109E+17   7.6793E+17   5.7613E+18   2.2027E+19   1.3701E+20   4.6577E+20   1.2747E+21   3.0329E+21   6.5248E+21   9.3482E+21   1.3765E+22   1.8817E+22   2.7242E+22   4.1851E+22   5.7057E+22
    4.2976E+01   0.0000E+00   1.6055E+06   4.3645E+10   1.6413E+14   4.9566E+15   3.9204E+16   2.9698E+17   2.4552E+18   1.0022E+19   6.8256E+19   2.4700E+20   7.1351E+20   1.7829E+21   4.0155E+21   5.8788E+21   8.8709E+21   1.2382E+22   1.8373E+22   2.9088E+22   4.0561E+22
    4.5009E+01   0.0000E+00   1.4916E+05   7.6386E+09   4.2285E+13   1.4936E+15   1.3011E+16   1.0856E+17   9.9443E+17   4.3496E+18   3.2592E+19   1.2593E+20   3.8497E+20   1.0129E+21   2.3940E+21   3.5860E+21   5.5530E+21   7.9242E+21   1.2069E+22   1.9725E+22   2.8167E+22
    4.7137E+01   0.0000E+00   1.7598E+04   1.2276E+09   1.0118E+13   4.2041E+14   4.0513E+15   3.7414E+16   3.8189E+17   1.7967E+18   1.4886E+19   6.1601E+19   1.9982E+20   5.5498E+20   1.3804E+21   2.1182E+21   3.3712E+21   4.9246E+21   7.7102E+21   1.3032E+22   1.9084E+22
    4.9366E+01   0.0000E+00   5.3580E+03   1.8007E+08   2.2459E+12   1.1033E+14   1.1808E+15   1.2129E+16   1.3873E+17   7.0471E+17   6.4899E+18   2.8851E+19   9.9577E+19   2.9273E+20   7.6833E+20   1.2094E+21   1.9814E+21   2.9672E+21   4.7834E+21   8.3781E+21   1.2599E+22
    5.1701E+01   0.0000E+00   0.0000E+00   2.3601E+07   4.6191E+11   2.6950E+13   3.2148E+14   3.6899E+15   4.7561E+16   2.6188E+17   2.6948E+18   1.2909E+19   4.7536E+19   1.4832E+20   4.1200E+20   6.6625E+20   1.1255E+21   1.7303E+21   2.8772E+21   5.2330E+21   8.0936E+21
    5.4146E+01   0.0000E+00   0.0000E+00   2.7188E+06   8.7937E+10   6.1199E+12   8.1634E+13   1.0514E+15   1.5355E+16   9.1999E+16   1.0634E+18   5.5061E+18   2.1688E+19   7.2027E+19   2.1238E+20   3.5338E+20   6.1665E+20   9.7485E+20   1.6751E+21   3.1707E+21   5.0520E+21
    5.6706E+01   0.0000E+00   0.0000E+00   4.3424E+05   1.5461E+10   1.2908E+12   1.9309E+13   2.8011E+14   4.6588E+15   3.0489E+16   3.9790E+17   2.2334E+18   9.4345E+18   3.3442E+19   1.0501E+20   1.8007E+20   3.2520E+20   5.2955E+20   9.4217E+20   1.8605E+21   3.0593E+21
    5.9388E+01   0.0000E+00   0.0000E+00   7.1377E+04   2.4907E+09   2.5263E+11   4.2503E+12   6.9687E+13   1.3262E+15   9.5132E+15   1.4089E+17   8.5956E+17   3.9031E+18   1.4807E+19   4.9672E+19   8.7943E+19   1.6470E+20   2.7677E+20   5.1097E+20   1.0554E+21   1.7942E+21
    6.2197E+01   0.0000E+00   0.0000E+00   5.3409E+02   3.6215E+08   4.5777E+10   8.7002E+11   1.6174E+13   3.5366E+14   2.7901E+15   4.7113E+16   3.1314E+17   1.5316E+18   6.2348E+18   2.2421E+19   4.1059E+19   7.9914E+19   1.3886E+20   2.6663E+20   5.7758E+20   1.0174E+21
    6.5138E+01   0.0000E+00   0.0000E+00   2.7001E+03   4.9630E+07   7.6277E+09   1.6537E+11   3.4996E+12   8.8268E+13   7.6807E+14   1.4851E+16   1.0774E+17   5.6854E+17   2.4894E+18   9.6285E+18   1.8274E+19   3.7049E+19   6.6708E+19   1.3356E+20   3.0435E+20   5.5663E+20
    6.8218E+01   0.0000E+00   0.0000E+00   0.0000E+00   8.0641E+06   1.1596E+09   2.9057E+10   7.0525E+11   2.0603E+13   1.9825E+14   4.4054E+15   3.4933E+16   1.9909E+17   9.3952E+17   3.9217E+18   7.7302E+18   1.6364E+19   3.0603E+19   6.4058E+19   1.5407E+20   2.9326E+20
    7.1444E+01   0.0000E+00   0.0000E+00   0.0000E+00   1.0205E+06   1.7129E+08   4.6828E+09   1.3199E+11   4.4938E+12   4.7946E+13   1.2283E+15   1.0654E+16   6.5592E+16   3.3408E+17   1.5098E+18   3.0975E+18   6.8647E+18   1.3367E+19   2.9339E+19   7.4737E+19   1.4844E+20
    7.4823E+01   0.0000E+00   0.0000E+00   0.0000E+00   2.9303E+04   2.2236E+07   7.0240E+08   2.2803E+10   9.1440E+11   1.0856E+13   3.2155E+14   3.0514E+15   2.0278E+16   1.1154E+17   5.4733E+17   1.1715E+18   2.7253E+18   5.5407E+18   1.2793E+19   3.4650E+19   7.2014E+19
    7.8361E+01   0.0000E+00   0.0000E+00   0.0000E+00   1.9535E+04   5.3227E+06   1.2567E+08   3.6633E+09   1.7285E+11   2.2973E+12   7.8971E+13   8.1964E+14   5.8685E+15   3.4843E+16   1.8609E+17   4.1651E+17   1.0201E+18   2.1716E+18   5.2935E+18   1.5309E+19   3.3395E+19
    8.2067E+01   0.0000E+00   0.0000E+00   0.0000E+00   0.0000E+00   5.6506E+05   1.2505E+07   6.1560E+08   3.0243E+10   4.5273E+11   1.8176E+13   2.0632E+14   1.5868E+15   1.0148E+16   5.9078E+16   1.3860E+17   3.5841E+17   8.0160E+17   2.0708E+18   6.4245E+18   1.4760E+19
    8.5948E+01   0.0000E+00   0.0000E+00   0.0000E+00   0.0000E+00   0.0000E+00   1.0330E+06   8.2315E+07   5.0324E+09   8.2797E+10   3.9118E+12   4.8633E+13   4.0028E+14   2.7465E+15   1.7431E+16   4.2962E+16   1.1766E+17   2.7741E+17   7.6276E+17   2.5518E+18   6.1976E+18
    9.0012E+01   0.0000E+00   0.0000E+00   0.0000E+00   0.0000E+00   0.0000E+00   8.8512E+05   7.6826E+06   9.8496E+08   1.4424E+10   7.8441E+11   1.0724E+13   9.4122E+13   6.8872E+14   4.7555E+15   1.2339E+16   3.5893E+16   8.9555E+16   2.6333E+17   9.5552E+17   2.4635E+18
    9.4269E+01   0.0000E+00   0.0000E+00   0.0000E+00   0.0000E+00   0.0000E+00   0.0000E+00   1.4548E+06   6.1285E+07   2.8413E+09   1.4664E+11   2.2085E+12   2.0624E+13   1.5966E+14   1.1935E+15   3.2647E+15   1.0114E+16   2.6814E+16   8.4768E+16   3.3579E+17   9.2335E+17
    9.8727E+01   0.0000E+00   0.0000E+00   0.0000E+00   0.0000E+00   0.0000E+00   0.0000E+00   9.3970E+04   3.4358E+07   3.4313E+08   2.6532E+10   4.2491E+11   4.2105E+12   3.4181E+13   2.7413E+14   7.9086E+14   2.6150E+15   7.3975E+15   2.5292E+16   1.1018E+17   3.2487E+17
    1.0340E+02   0.0000E+00   0.0000E+00   0.0000E+00   0.0000E+00   0.0000E+00   0.0000E+00   2.6047E+04   1.4559E+07   7.3723E+06   6.1228E+09   7.8446E+10   8.0223E+11   6.7586E+12   5.7360E+13   1.7429E+14   6.1558E+14   1.8663E+15   6.9471E+15   3.3564E+16   1.0676E+17
    1.0829E+02   0.0000E+00   0.0000E+00   0.0000E+00   0.0000E+00   0.0000E+00   0.0000E+00   3.0188E+03   0.0000E+00   4.7534E+06   9.6239E+08   1.6004E+10   1.4499E+11   1.2370E+12   1.0898E+13   3.4723E+13   1.3082E+14   4.2684E+14   1.7426E+15   9.4284E+15   3.2577E+16
    1.1341E+02   0.0000E+00   0.0000E+00   0.0000E+00   0.0000E+00   0.0000E+00   0.0000E+00   1.3253E+02   0.0000E+00   1.0506E+06   1.1765E+04   6.2124E+08   2.6296E+10   2.1110E+11   1.8791E+12   6.2209E+12   2.4870E+13   8.7594E+13   3.9545E+14   2.4232E+15   9.1699E+15
    1.1877E+02   0.0000E+00   0.0000E+00   0.0000E+00   0.0000E+00   0.0000E+00   0.0000E+00   7.3915E+01   0.0000E+00   5.0390E+03   6.4288E+03   1.7746E+08   1.8060E+09   3.4030E+10   2.9543E+11   9.9942E+11   4.1891E+12   1.5939E+13   8.0271E+13   5.6448E+14   2.3624E+15
    1.2439E+02   0.0000E+00   0.0000E+00   0.0000E+00   0.0000E+00   0.0000E+00   0.0000E+00   0.0000E+00   0.0000E+00   5.3288E+04   0.0000E+00   9.0679E+07   5.0893E+08   6.1748E+09   4.3054E+10   1.4447E+11   6.2011E+11   2.5365E+12   1.4376E+13   1.1785E+14   5.5183E+14
    1.3027E+02   0.0000E+00   0.0000E+00   0.0000E+00   0.0000E+00   0.0000E+00   0.0000E+00   0.0000E+00   0.0000E+00   8.6354E+03   0.0000E+00   2.5785E+06   4.6740E+07   1.9651E+08   5.8475E+09   1.9131E+10   8.0433E+10   3.4777E+11   2.2333E+12   2.1745E+13   1.1557E+14
    1.3643E+02   0.0000E+00   0.0000E+00   0.0000E+00   0.0000E+00   0.0000E+00   0.0000E+00   0.0000E+00   0.0000E+00   0.0000E+00   0.0000E+00   1.4027E+06   6.1482E+06   3.6154E+07   5.2282E+08   2.3379E+09   9.2516E+09   4.0507E+10   2.9469E+11   3.4835E+12   2.1398E+13
    1.4288E+02   0.0000E+00   0.0000E+00   0.0000E+00   0.0000E+00   0.0000E+00   0.0000E+00   0.0000E+00   0.0000E+00   0.0000E+00   0.0000E+00   0.0000E+00   1.1550E+06   1.0038E+07   1.7715E+07   1.4128E+08   9.2489E+08   3.9972E+09   3.2188E+10   4.7339E+11   3.4409E+12
    1.4964E+02   0.0000E+00   0.0000E+00   0.0000E+00   0.0000E+00   0.0000E+00   0.0000E+00   0.0000E+00   0.0000E+00   0.0000E+00   0.0000E+00   0.0000E+00   1.6183E+05   1.4079E+06   9.6532E+06   2.9522E+07   9.2021E+07   3.3203E+08   2.8276E+09   5.2868E+10   4.6932E+11
    1.5671E+02   0.0000E+00   0.0000E+00   0.0000E+00   0.0000E+00   0.0000E+00   0.0000E+00   0.0000E+00   0.0000E+00   0.0000E+00   0.0000E+00   0.0000E+00   1.4004E+04   1.8812E+05   1.2964E+06   3.9310E+06   1.2550E+07   1.6804E+07   1.9522E+08   4.6363E+09   5.2558E+10
    1.6412E+02   0.0000E+00   0.0000E+00   0.0000E+00   0.0000E+00   0.0000E+00   0.0000E+00   0.0000E+00   0.0000E+00   0.0000E+00   0.0000E+00   0.0000E+00   6.2819E+02   1.5805E+04   1.6340E+05   4.1054E+05   1.3930E+06   2.4887E+06   1.0760E+07   2.9794E+08   4.6057E+09
    1.7188E+02   0.0000E+00   0.0000E+00   0.0000E+00   0.0000E+00   0.0000E+00   0.0000E+00   0.0000E+00   0.0000E+00   0.0000E+00   0.0000E+00   0.0000E+00   1.8831E+02   1.3532E+03   1.1083E+04   5.2003E+04   1.4206E+05   3.3795E+05   4.9138E+05   1.2589E+07   2.9218E+08
    1.8001E+02   0.0000E+00   0.0000E+00   0.0000E+00   0.0000E+00   0.0000E+00   0.0000E+00   0.0000E+00   0.0000E+00   0.0000E+00   0.0000E+00   0.0000E+00   0.0000E+00   3.6833E+02   8.0560E+02   5.3589E+03   1.1840E+04   2.9828E+04   6.6467E+04   3.2122E+05   1.1591E+07
    1.8853E+02   0.0000E+00   0.0000E+00   0.0000E+00   0.0000E+00   0.0000E+00   0.0000E+00   0.0000E+00   0.0000E+00   0.0000E+00   0.0000E+00   0.0000E+00   0.0000E+00   4.3010E+00   1.6696E+02   2.0097E+02   7.8859E+02   1.6238E+03   6.5158E+03   1.4045E+04   2.0866E+05
    1.9744E+02   0.0000E+00   0.0000E+00   0.0000E+00   0.0000E+00   0.0000E+00   0.0000E+00   0.0000E+00   0.0000E+00   0.0000E+00   0.0000E+00   0.0000E+00   0.0000E+00   0.0000E+00   2.9743E+00   2.3937E+01   1.0383E+02   0.0000E+00   2.6707E+02   1.6913E+03   2.6746E+03
    2.0678E+02   0.0000E+00   0.0000E+00   0.0000E+00   0.0000E+00   0.0000E+00   0.0000E+00   0.0000E+00   0.0000E+00   0.0000E+00   0.0000E+00   0.0000E+00   0.0000E+00   0.0000E+00   7.4895E-01   5.5169E-01   2.1290E+00   0.0000E+00   2.6703E+01   1.5626E+02   2.3243E+02
    2.1656E+02   0.0000E+00   0.0000E+00   0.0000E+00   0.0000E+00   0.0000E+00   0.0000E+00   0.0000E+00   0.0000E+00   0.0000E+00   0.0000E+00   0.0000E+00   0.0000E+00   0.0000E+00   2.9410E-02   5.3874E-03   1.4415E-01   0.0000E+00   2.8014E+00   0.0000E+00   0.0000E+00
    2.2680E+02   0.0000E+00   0.0000E+00   0.0000E+00   0.0000E+00   0.0000E+00   0.0000E+00   0.0000E+00   0.0000E+00   0.0000E+00   0.0000E+00   0.0000E+00   0.0000E+00   0.0000E+00   0.0000E+00   0.0000E+00   8.0494E-02   0.0000E+00   4.9031E-01   0.0000E+00   0.0000E+00
    2.3752E+02   0.0000E+00   0.0000E+00   0.0000E+00   0.0000E+00   0.0000E+00   0.0000E+00   0.0000E+00   0.0000E+00   0.0000E+00   0.0000E+00   0.0000E+00   0.0000E+00   0.0000E+00   0.0000E+00   0.0000E+00   1.6195E-04   0.0000E+00   0.0000E+00   0.0000E+00   0.0000E+00
    2.4876E+02   0.0000E+00   0.0000E+00   0.0000E+00   0.0000E+00   0.0000E+00   0.0000E+00   0.0000E+00   0.0000E+00   0.0000E+00   0.0000E+00   0.0000E+00   0.0000E+00   0.0000E+00   0.0000E+00   0.0000E+00   4.1730E-04   0.0000E+00   0.0000E+00   0.0000E+00   0.0000E+00
    2.6052E+02   0.0000E+00   0.0000E+00   0.0000E+00   0.0000E+00   0.0000E+00   0.0000E+00   0.0000E+00   0.0000E+00   0.0000E+00   0.0000E+00   0.0000E+00   0.0000E+00   0.0000E+00   0.0000E+00   0.0000E+00   0.0000E+00   0.0000E+00   0.0000E+00   0.0000E+00   0.0000E+00
    2.7284E+02   0.0000E+00   0.0000E+00   0.0000E+00   0.0000E+00   0.0000E+00   0.0000E+00   0.0000E+00   0.0000E+00   0.0000E+00   0.0000E+00   0.0000E+00   0.0000E+00   0.0000E+00   0.0000E+00   0.0000E+00   0.0000E+00   0.0000E+00   0.0000E+00   0.0000E+00   0.0000E+00
    2.8574E+02   0.0000E+00   0.0000E+00   0.0000E+00   0.0000E+00   0.0000E+00   0.0000E+00   0.0000E+00   0.0000E+00   0.0000E+00   0.0000E+00   0.0000E+00   0.0000E+00   0.0000E+00   0.0000E+00   0.0000E+00   0.0000E+00   0.0000E+00   0.0000E+00   0.0000E+00   0.0000E+00
    2.9925E+02   0.0000E+00   0.0000E+00   0.0000E+00   0.0000E+00   0.0000E+00   0.0000E+00   0.0000E+00   0.0000E+00   0.0000E+00   0.0000E+00   0.0000E+00   0.0000E+00   0.0000E+00   0.0000E+00   0.0000E+00   0.0000E+00   0.0000E+00   0.0000E+00   0.0000E+00   0.0000E+00
    3.1341E+02   0.0000E+00   0.0000E+00   0.0000E+00   0.0000E+00   0.0000E+00   0.0000E+00   0.0000E+00   0.0000E+00   0.0000E+00   0.0000E+00   0.0000E+00   0.0000E+00   0.0000E+00   0.0000E+00   0.0000E+00   0.0000E+00   0.0000E+00   0.0000E+00   0.0000E+00   0.0000E+00
    3.2823E+02   0.0000E+00   0.0000E+00   0.0000E+00   0.0000E+00   0.0000E+00   0.0000E+00   0.0000E+00   0.0000E+00   0.0000E+00   0.0000E+00   0.0000E+00   0.0000E+00   0.0000E+00   0.0000E+00   0.0000E+00   0.0000E+00   0.0000E+00   0.0000E+00   0.0000E+00   0.0000E+00
    3.4375E+02   0.0000E+00   0.0000E+00   0.0000E+00   0.0000E+00   0.0000E+00   0.0000E+00   0.0000E+00   0.0000E+00   0.0000E+00   0.0000E+00   0.0000E+00   0.0000E+00   0.0000E+00   0.0000E+00   0.0000E+00   0.0000E+00   0.0000E+00   0.0000E+00   0.0000E+00   0.0000E+00
    3.6000E+02   0.0000E+00   0.0000E+00   0.0000E+00   0.0000E+00   0.0000E+00   0.0000E+00   0.0000E+00   0.0000E+00   0.0000E+00   0.0000E+00   0.0000E+00   0.0000E+00   0.0000E+00   0.0000E+00   0.0000E+00   0.0000E+00   0.0000E+00   0.0000E+00   0.0000E+00   0.0000E+00
    3.7703E+02   0.0000E+00   0.0000E+00   0.0000E+00   0.0000E+00   0.0000E+00   0.0000E+00   0.0000E+00   0.0000E+00   0.0000E+00   0.0000E+00   0.0000E+00   0.0000E+00   0.0000E+00   0.0000E+00   0.0000E+00   0.0000E+00   0.0000E+00   0.0000E+00   0.0000E+00   0.0000E+00
    3.9486E+02   0.0000E+00   0.0000E+00   0.0000E+00   0.0000E+00   0.0000E+00   0.0000E+00   0.0000E+00   0.0000E+00   0.0000E+00   0.0000E+00   0.0000E+00   0.0000E+00   0.0000E+00   0.0000E+00   0.0000E+00   0.0000E+00   0.0000E+00   0.0000E+00   0.0000E+00   0.0000E+00
    4.1353E+02   0.0000E+00   0.0000E+00   0.0000E+00   0.0000E+00   0.0000E+00   0.0000E+00   0.0000E+00   0.0000E+00   0.0000E+00   0.0000E+00   0.0000E+00   0.0000E+00   0.0000E+00   0.0000E+00   0.0000E+00   0.0000E+00   0.0000E+00   0.0000E+00   0.0000E+00   0.0000E+00
