1.253500E-03       6.027600E+17
1.312700E-03       6.611200E+17
1.374800E-03       7.251200E+17
1.439800E-03       7.952900E+17
1.507900E-03       8.722300E+17
1.579200E-03       9.565800E+17
1.653900E-03       1.049100E+18
1.732100E-03       1.150400E+18
1.814000E-03       1.261600E+18
1.899800E-03       1.383400E+18
1.989700E-03       1.516900E+18
2.083800E-03       1.663200E+18
2.182300E-03       1.823600E+18
2.285500E-03       1.999400E+18
2.393600E-03       2.192000E+18
2.506800E-03       2.403200E+18
2.625300E-03       2.634600E+18
2.749500E-03       2.888300E+18
2.879500E-03       3.166400E+18
3.015700E-03       3.471100E+18
3.158300E-03       3.805100E+18
3.307600E-03       4.171200E+18
3.464100E-03       4.572200E+18
3.627900E-03       5.012000E+18
3.799400E-03       5.494000E+18
3.979100E-03       6.022300E+18
4.167300E-03       6.601300E+18
4.364400E-03       7.235900E+18
4.570700E-03       7.931200E+18
4.786900E-03       8.693200E+18
5.013300E-03       9.528200E+18
5.250300E-03       1.044300E+19
5.498600E-03       1.144500E+19
5.758700E-03       1.254300E+19
6.031000E-03       1.374600E+19
6.316200E-03       1.506400E+19
6.614900E-03       1.650700E+19
6.927700E-03       1.808700E+19
7.255300E-03       1.981600E+19
7.598400E-03       2.170900E+19
7.957700E-03       2.378100E+19
8.334100E-03       2.604900E+19
8.728200E-03       2.852900E+19
9.140900E-03       3.124300E+19
9.573200E-03       3.421200E+19
1.002600E-02       3.745800E+19
1.050000E-02       4.100700E+19
1.099700E-02       4.488600E+19
1.151700E-02       4.912600E+19
1.206100E-02       5.375900E+19
1.263200E-02       5.881900E+19
1.322900E-02       6.435000E+19
1.385500E-02       7.045700E+19
1.451000E-02       7.706200E+19
1.519600E-02       8.426800E+19
1.591400E-02       9.213200E+19
1.666700E-02       1.007100E+20
1.745500E-02       1.100700E+20
1.828100E-02       1.202900E+20
1.914500E-02       1.314200E+20
2.005100E-02       1.435700E+20
2.099900E-02       1.568100E+20
2.199200E-02       1.712400E+20
2.303200E-02       1.869700E+20
2.412100E-02       2.041100E+20
2.526200E-02       2.227800E+20
2.645600E-02       2.431300E+20
2.770700E-02       2.652900E+20
2.901800E-02       2.894200E+20
3.039000E-02       3.157000E+20
3.182700E-02       3.443000E+20
3.333200E-02       3.754400E+20
3.490800E-02       4.093300E+20
3.655900E-02       4.461900E+20
3.828800E-02       4.863000E+20
4.009900E-02       5.299200E+20
4.199500E-02       5.773400E+20
4.398100E-02       6.289000E+20
4.606100E-02       6.849300E+20
4.823900E-02       7.458100E+20
5.052000E-02       8.119500E+20
5.290900E-02       8.839400E+20
5.541100E-02       9.630500E+20
5.803200E-02       1.048100E+21
6.077600E-02       1.140200E+21
6.365000E-02       1.240300E+21
6.666000E-02       1.348800E+21
6.981300E-02       1.466500E+21
7.311400E-02       1.594200E+21
7.657100E-02       1.732700E+21
8.019300E-02       1.883000E+21
8.398500E-02       2.045800E+21
8.795600E-02       2.222400E+21
9.211600E-02       2.413900E+21
9.647200E-02       2.621400E+21
1.010300E-01       2.846300E+21
1.058100E-01       3.090100E+21
1.108200E-01       3.354300E+21
1.160600E-01       3.640600E+21
1.215400E-01       3.950900E+21
1.272900E-01       4.287100E+21
1.333100E-01       4.651400E+21
1.396200E-01       5.046300E+21
1.462200E-01       5.474100E+21
1.531300E-01       5.937700E+21
1.603800E-01       6.440100E+21
1.679600E-01       6.984600E+21
1.759000E-01       7.574700E+21
1.842200E-01       8.214100E+21
1.929300E-01       8.907200E+21
2.020600E-01       9.658200E+21
2.116100E-01       1.047200E+22
2.216200E-01       1.135400E+22
2.321000E-01       1.231100E+22
2.430700E-01       1.334700E+22
2.545700E-01       1.447000E+22
2.666100E-01       1.568700E+22
2.792200E-01       1.700600E+22
2.924200E-01       1.843600E+22
3.062500E-01       1.998400E+22
3.207300E-01       2.166200E+22
3.359000E-01       2.347900E+22
3.517800E-01       2.544700E+22
3.684200E-01       2.757700E+22
3.858400E-01       2.988400E+22
4.040900E-01       3.238000E+22
4.232000E-01       3.508100E+22
4.432100E-01       3.800100E+22
4.641700E-01       4.115900E+22
4.861200E-01       4.457100E+22
5.091100E-01       4.825600E+22
5.331800E-01       5.223400E+22
5.584000E-01       5.652600E+22
5.848000E-01       6.115400E+22
6.124600E-01       6.613900E+22
6.414200E-01       7.150600E+22
6.717500E-01       7.727800E+22
7.035200E-01       8.348000E+22
7.367900E-01       9.013800E+22
7.716300E-01       9.727700E+22
8.081200E-01       1.049200E+23
8.463400E-01       1.131000E+23
8.863600E-01       1.218300E+23
9.282800E-01       1.311500E+23
9.721800E-01       1.410700E+23
1.018200E+00       1.516100E+23
1.066300E+00       1.628000E+23
1.116700E+00       1.746600E+23
1.169500E+00       1.871900E+23
1.224800E+00       2.004100E+23
1.282800E+00       2.143400E+23
1.343400E+00       2.289700E+23
1.407000E+00       2.443000E+23
1.473500E+00       2.603400E+23
1.543200E+00       2.770800E+23
1.616200E+00       2.945000E+23
1.692600E+00       3.125900E+23
1.772600E+00       3.313300E+23
1.856400E+00       3.507000E+23
1.944200E+00       3.706700E+23
2.036200E+00       3.912100E+23
2.132500E+00       4.123100E+23
2.233300E+00       4.339200E+23
2.338900E+00       4.560100E+23
2.449500E+00       4.785700E+23
2.565400E+00       5.015600E+23
2.686700E+00       5.249700E+23
2.813700E+00       5.487500E+23
2.946800E+00       5.729100E+23
3.086200E+00       5.973900E+23
3.232100E+00       6.221900E+23
3.384900E+00       6.472700E+23
3.545000E+00       6.725900E+23
3.712700E+00       6.980900E+23
3.888200E+00       7.237100E+23
4.072100E+00       7.493500E+23
4.264700E+00       7.748900E+23
4.466400E+00       8.001800E+23
4.677600E+00       8.250300E+23
4.898800E+00       8.492200E+23
5.130400E+00       8.724800E+23
5.373000E+00       8.945000E+23
5.627100E+00       9.149300E+23
5.893200E+00       9.333600E+23
6.171900E+00       9.493800E+23
6.463800E+00       9.625400E+23
6.769500E+00       9.723500E+23
7.089600E+00       9.783500E+23
7.424900E+00       9.800800E+23
7.776000E+00       9.771000E+23
8.143700E+00       9.690400E+23
8.528800E+00       9.556000E+23
8.932200E+00       9.365500E+23
9.354600E+00       9.118000E+23
9.796900E+00       8.813800E+23
1.026000E+01       8.454600E+23
1.074500E+01       8.043800E+23
1.125400E+01       7.586100E+23
1.178600E+01       7.087900E+23
1.234300E+01       6.557000E+23
1.292700E+01       6.002200E+23
1.353800E+01       5.433300E+23
1.417800E+01       4.860300E+23
1.484900E+01       4.293700E+23
1.555100E+01       3.743300E+23
1.628600E+01       3.218200E+23
1.705700E+01       2.726300E+23
1.786300E+01       2.274000E+23
1.870800E+01       1.866100E+23
1.959300E+01       1.505200E+23
2.051900E+01       1.192300E+23
2.149000E+01       9.267300E+22
2.250600E+01       7.060500E+22
2.357000E+01       5.267400E+22
2.468500E+01       3.844000E+22
2.585200E+01       2.741100E+22
2.707500E+01       1.907800E+22
2.835500E+01       1.294300E+22
2.969600E+01       8.549800E+21
3.110000E+01       5.491500E+21
3.257100E+01       3.424900E+21
3.411100E+01       2.071200E+21
3.572400E+01       1.212700E+21
3.741400E+01       6.863800E+20
3.918300E+01       3.749600E+20
4.103600E+01       1.973700E+20
4.297600E+01       9.993200E+19
4.500900E+01       4.858400E+19
4.713700E+01       2.264000E+19
4.936600E+01       1.009400E+19
5.170100E+01       4.297500E+18
5.414600E+01       1.744200E+18
5.670600E+01       6.736000E+17
5.938800E+01       2.471200E+17
6.219700E+01       8.598300E+16
6.513800E+01       2.833200E+16
6.821800E+01       8.828800E+15
7.144400E+01       2.598800E+15
7.482300E+01       7.218100E+14
7.836100E+01       1.889400E+14
8.206700E+01       4.653300E+13
8.594800E+01       1.074800E+13
9.001200E+01       2.315100E+12
9.426900E+01       4.630300E+11
9.872700E+01       8.898200E+10
1.034000E+02       2.249200E+10
1.082900E+02       2.225500E+09
1.134100E+02       1.926900E+08
1.187700E+02       2.678500E+07
1.243900E+02       2.108200E+07
1.302700E+02       3.796900E+06
1.364300E+02       1.402700E+06
1.428800E+02       0.000000E+00
1.496400E+02       0.000000E+00
1.567100E+02       0.000000E+00
1.641200E+02       0.000000E+00
1.718800E+02       0.000000E+00
1.800100E+02       0.000000E+00
1.885300E+02       0.000000E+00
1.974400E+02       0.000000E+00
2.067800E+02       0.000000E+00
2.165600E+02       0.000000E+00
2.268000E+02       0.000000E+00
2.375200E+02       0.000000E+00
2.487600E+02       0.000000E+00
2.605200E+02       0.000000E+00
2.728400E+02       0.000000E+00
2.857400E+02       0.000000E+00
2.992500E+02       0.000000E+00
3.134100E+02       0.000000E+00
3.282300E+02       0.000000E+00
3.437500E+02       0.000000E+00
3.600000E+02       0.000000E+00
3.770300E+02       0.000000E+00
3.948600E+02       0.000000E+00
4.135300E+02       0.000000E+00
