1.253500E-03       7.334700E+17
1.312700E-03       8.043900E+17
1.374800E-03       8.821700E+17
1.439800E-03       9.674600E+17
1.507900E-03       1.061000E+18
1.579200E-03       1.163500E+18
1.653900E-03       1.276000E+18
1.732100E-03       1.399300E+18
1.814000E-03       1.534600E+18
1.899800E-03       1.683000E+18
1.989700E-03       1.845600E+18
2.083800E-03       2.024000E+18
2.182300E-03       2.219600E+18
2.285500E-03       2.434100E+18
2.393600E-03       2.669400E+18
2.506800E-03       2.927400E+18
2.625300E-03       3.210300E+18
2.749500E-03       3.520500E+18
2.879500E-03       3.860700E+18
3.015700E-03       4.233800E+18
3.158300E-03       4.642800E+18
3.307600E-03       5.091800E+18
3.464100E-03       5.583100E+18
3.627900E-03       6.122700E+18
3.799400E-03       6.713600E+18
3.979100E-03       7.361400E+18
4.167300E-03       8.071400E+18
4.364400E-03       8.849600E+18
4.570700E-03       9.702400E+18
4.786900E-03       1.063700E+19
5.013300E-03       1.166100E+19
5.250300E-03       1.278300E+19
5.498600E-03       1.401300E+19
5.758700E-03       1.536000E+19
6.031000E-03       1.683600E+19
6.316200E-03       1.845400E+19
6.614900E-03       2.022600E+19
6.927700E-03       2.216700E+19
7.255300E-03       2.429300E+19
7.598400E-03       2.662200E+19
7.957700E-03       2.917400E+19
8.334100E-03       3.196900E+19
8.728200E-03       3.503000E+19
9.140900E-03       3.838300E+19
9.573200E-03       4.205600E+19
1.002600E-02       4.607700E+19
1.050000E-02       5.048100E+19
1.099700E-02       5.530200E+19
1.151700E-02       6.057900E+19
1.206100E-02       6.635600E+19
1.263200E-02       7.267900E+19
1.322900E-02       7.960400E+19
1.385500E-02       8.717700E+19
1.451000E-02       9.546700E+19
1.519600E-02       1.045300E+20
1.591400E-02       1.144300E+20
1.666700E-02       1.252700E+20
1.745500E-02       1.371100E+20
1.828100E-02       1.500600E+20
1.914500E-02       1.642000E+20
2.005100E-02       1.796700E+20
2.099900E-02       1.965600E+20
2.199200E-02       2.150200E+20
2.303200E-02       2.351800E+20
2.412100E-02       2.572000E+20
2.526200E-02       2.812500E+20
2.645600E-02       3.075100E+20
2.770700E-02       3.361800E+20
2.901800E-02       3.674800E+20
3.039000E-02       4.016500E+20
3.182700E-02       4.389300E+20
3.333200E-02       4.796100E+20
3.490800E-02       5.239800E+20
3.655900E-02       5.723900E+20
3.828800E-02       6.251600E+20
4.009900E-02       6.826900E+20
4.199500E-02       7.454000E+20
4.398100E-02       8.137100E+20
4.606100E-02       8.881200E+20
4.823900E-02       9.691400E+20
5.052000E-02       1.057300E+21
5.290900E-02       1.153400E+21
5.541100E-02       1.257700E+21
5.803200E-02       1.371300E+21
6.077600E-02       1.494600E+21
6.365000E-02       1.628600E+21
6.666000E-02       1.774200E+21
6.981300E-02       1.932200E+21
7.311400E-02       2.103700E+21
7.657100E-02       2.289700E+21
8.019300E-02       2.491400E+21
8.398500E-02       2.710100E+21
8.795600E-02       2.947100E+21
9.211600E-02       3.203900E+21
9.647200E-02       3.481900E+21
1.010300E-01       3.782800E+21
1.058100E-01       4.108400E+21
1.108200E-01       4.460600E+21
1.160600E-01       4.841300E+21
1.215400E-01       5.252800E+21
1.272900E-01       5.697300E+21
1.333100E-01       6.177300E+21
1.396200E-01       6.695200E+21
1.462200E-01       7.253900E+21
1.531300E-01       7.856200E+21
1.603800E-01       8.505200E+21
1.679600E-01       9.204100E+21
1.759000E-01       9.956400E+21
1.842200E-01       1.076600E+22
1.929300E-01       1.163500E+22
2.020600E-01       1.257000E+22
2.116100E-01       1.357300E+22
2.216200E-01       1.465000E+22
2.321000E-01       1.580400E+22
2.430700E-01       1.704100E+22
2.545700E-01       1.836600E+22
2.666100E-01       1.978300E+22
2.792200E-01       2.129700E+22
2.924200E-01       2.291500E+22
3.062500E-01       2.464200E+22
3.207300E-01       2.648400E+22
3.359000E-01       2.844500E+22
3.517800E-01       3.053400E+22
3.684200E-01       3.275400E+22
3.858400E-01       3.511400E+22
4.040900E-01       3.761700E+22
4.232000E-01       4.027200E+22
4.432100E-01       4.308400E+22
4.641700E-01       4.605900E+22
4.861200E-01       4.920300E+22
5.091100E-01       5.252200E+22
5.331800E-01       5.602200E+22
5.584000E-01       5.970800E+22
5.848000E-01       6.358700E+22
6.124600E-01       6.766400E+22
6.414200E-01       7.194400E+22
6.717500E-01       7.643200E+22
7.035200E-01       8.113400E+22
7.367900E-01       8.605600E+22
7.716300E-01       9.120300E+22
8.081200E-01       9.658100E+22
8.463400E-01       1.022000E+23
8.863600E-01       1.080600E+23
9.282800E-01       1.141700E+23
9.721800E-01       1.205500E+23
1.018200E+00       1.272000E+23
1.066300E+00       1.341300E+23
1.116700E+00       1.413600E+23
1.169500E+00       1.489100E+23
1.224800E+00       1.567900E+23
1.282800E+00       1.650200E+23
1.343400E+00       1.736300E+23
1.407000E+00       1.826500E+23
1.473500E+00       1.921000E+23
1.543200E+00       2.020200E+23
1.616200E+00       2.124500E+23
1.692600E+00       2.234200E+23
1.772600E+00       2.349900E+23
1.856400E+00       2.472000E+23
1.944200E+00       2.600900E+23
2.036200E+00       2.737300E+23
2.132500E+00       2.881600E+23
2.233300E+00       3.034600E+23
2.338900E+00       3.196600E+23
2.449500E+00       3.368400E+23
2.565400E+00       3.550400E+23
2.686700E+00       3.743200E+23
2.813700E+00       3.947400E+23
2.946800E+00       4.163200E+23
3.086200E+00       4.391100E+23
3.232100E+00       4.631200E+23
3.384900E+00       4.883700E+23
3.545000E+00       5.148500E+23
3.712700E+00       5.425400E+23
3.888200E+00       5.713700E+23
4.072100E+00       6.012800E+23
4.264700E+00       6.321600E+23
4.466400E+00       6.638700E+23
4.677600E+00       6.962400E+23
4.898800E+00       7.290600E+23
5.130400E+00       7.620700E+23
5.373000E+00       7.949700E+23
5.627100E+00       8.274300E+23
5.893200E+00       8.590700E+23
6.171900E+00       8.894500E+23
6.463800E+00       9.181300E+23
6.769500E+00       9.446100E+23
7.089600E+00       9.683700E+23
7.424900E+00       9.888800E+23
7.776000E+00       1.005600E+24
8.143700E+00       1.018000E+24
8.528800E+00       1.025600E+24
8.932200E+00       1.028000E+24
9.354600E+00       1.024600E+24
9.796900E+00       1.015300E+24
1.026000E+01       9.997800E+23
1.074500E+01       9.779600E+23
1.125400E+01       9.498900E+23
1.178600E+01       9.157400E+23
1.234300E+01       8.758600E+23
1.292700E+01       8.307300E+23
1.353800E+01       7.809800E+23
1.417800E+01       7.273800E+23
1.484900E+01       6.708200E+23
1.555100E+01       6.122600E+23
1.628600E+01       5.527300E+23
1.705700E+01       4.932600E+23
1.786300E+01       4.348800E+23
1.870800E+01       3.785500E+23
1.959300E+01       3.251100E+23
2.051900E+01       2.752900E+23
2.149000E+01       2.296700E+23
2.250600E+01       1.886400E+23
2.357000E+01       1.524200E+23
2.468500E+01       1.210400E+23
2.585200E+01       9.440000E+22
2.707500E+01       7.222900E+22
2.835500E+01       5.416900E+22
2.969600E+01       3.977800E+22
3.110000E+01       2.856900E+22
3.257100E+01       2.004700E+22
3.411100E+01       1.372600E+22
3.572400E+01       9.158100E+21
3.741400E+01       5.946700E+21
3.918300E+01       3.752400E+21
4.103600E+01       2.297300E+21
4.297600E+01       1.362400E+21
4.500900E+01       7.812300E+20
4.713700E+01       4.323300E+20
4.936600E+01       2.304200E+20
5.170100E+01       1.180100E+20
5.414600E+01       5.794300E+19
5.670600E+01       2.720100E+19
5.938800E+01       1.217500E+19
6.219700E+01       5.179000E+18
6.513800E+01       2.086700E+18
6.821800E+01       7.932400E+17
7.144400E+01       2.833000E+17
7.482300E+01       9.460200E+16
7.836100E+01       2.937600E+16
8.206700E+01       8.430200E+15
8.594800E+01       2.220000E+15
9.001200E+01       5.320400E+14
9.426900E+01       1.149300E+14
9.872700E+01       2.212900E+13
1.034000E+02       3.747800E+12
1.082900E+02       5.499500E+11
1.134100E+02       6.879700E+10
1.187700E+02       7.239000E+09
1.243900E+02       6.431400E+08
1.302700E+02       4.749000E+07
1.364300E+02       2.930600E+06
1.428800E+02       3.874400E+05
1.496400E+02       3.595200E+04
1.567100E+02       1.053300E-01
1.641200E+02       2.045500E+06
1.718800E+02       2.608300E+05
1.800100E+02       3.794200E+04
1.885300E+02       3.283800E+03
1.974400E+02       2.293000E-03
2.067800E+02       4.850200E-04
2.165600E+02       0.000000E+00
2.268000E+02       0.000000E+00
2.375200E+02       0.000000E+00
2.487600E+02       0.000000E+00
2.605200E+02       0.000000E+00
2.728400E+02       0.000000E+00
2.857400E+02       0.000000E+00
2.992500E+02       0.000000E+00
3.134100E+02       0.000000E+00
3.282300E+02       0.000000E+00
3.437500E+02       0.000000E+00
3.600000E+02       0.000000E+00
3.770300E+02       0.000000E+00
3.948600E+02       0.000000E+00
4.135300E+02       0.000000E+00
