1.253500E-03       3.525500E+17
1.312700E-03       3.862700E+17
1.374800E-03       4.232000E+17
1.439800E-03       4.636300E+17
1.507900E-03       5.079000E+17
1.579200E-03       5.563700E+17
1.653900E-03       6.094400E+17
1.732100E-03       6.675300E+17
1.814000E-03       7.311300E+17
1.899800E-03       8.007400E+17
1.989700E-03       8.769400E+17
2.083800E-03       9.603400E+17
2.182300E-03       1.051600E+18
2.285500E-03       1.151500E+18
2.393600E-03       1.260800E+18
2.506800E-03       1.380300E+18
2.625300E-03       1.511100E+18
2.749500E-03       1.654100E+18
2.879500E-03       1.810500E+18
3.015700E-03       1.981500E+18
3.158300E-03       2.168400E+18
3.307600E-03       2.372700E+18
3.464100E-03       2.598100E+18
3.627900E-03       2.842100E+18
3.799400E-03       3.108600E+18
3.979100E-03       3.399600E+18
4.167300E-03       3.717100E+18
4.364400E-03       4.063600E+18
4.570700E-03       4.441500E+18
4.786900E-03       4.853700E+18
5.013300E-03       5.303000E+18
5.250300E-03       5.792700E+18
5.498600E-03       6.326200E+18
5.758700E-03       6.907400E+18
6.031000E-03       7.540300E+18
6.316200E-03       8.232700E+18
6.614900E-03       8.983000E+18
6.927700E-03       9.799500E+18
7.255300E-03       1.068800E+19
7.598400E-03       1.165400E+19
7.957700E-03       1.270500E+19
8.334100E-03       1.384700E+19
8.728200E-03       1.508800E+19
9.140900E-03       1.643700E+19
9.573200E-03       1.790100E+19
1.002600E-02       1.949200E+19
1.050000E-02       2.121900E+19
1.099700E-02       2.309400E+19
1.151700E-02       2.512700E+19
1.206100E-02       2.733300E+19
1.263200E-02       2.972500E+19
1.322900E-02       3.231900E+19
1.385500E-02       3.519800E+19
1.451000E-02       3.825400E+19
1.519600E-02       4.156400E+19
1.591400E-02       4.515000E+19
1.666700E-02       4.903400E+19
1.745500E-02       5.323900E+19
1.828100E-02       5.779100E+19
1.914500E-02       6.271900E+19
2.005100E-02       6.805200E+19
2.099900E-02       7.382400E+19
2.199200E-02       8.007000E+19
2.303200E-02       8.683000E+19
2.412100E-02       9.414300E+19
2.526200E-02       1.020500E+20
2.645600E-02       1.106100E+20
2.770700E-02       1.198700E+20
2.901800E-02       1.298900E+20
3.039000E-02       1.407300E+20
3.182700E-02       1.524600E+20
3.333200E-02       1.651400E+20
3.490800E-02       1.788700E+20
3.655900E-02       1.937200E+20
3.828800E-02       2.097900E+20
4.009900E-02       2.271800E+20
4.199500E-02       2.459900E+20
4.398100E-02       2.663600E+20
4.606100E-02       2.884100E+20
4.823900E-02       3.122700E+20
5.052000E-02       3.381100E+20
5.290900E-02       3.661100E+20
5.541100E-02       3.969000E+20
5.803200E-02       4.298000E+20
6.077600E-02       4.654100E+20
6.365000E-02       5.040000E+20
6.666000E-02       5.458100E+20
6.981300E-02       5.911300E+20
7.311400E-02       6.402700E+20
7.657100E-02       6.935400E+20
8.019300E-02       7.513100E+20
8.398500E-02       8.139800E+20
8.795600E-02       8.819700E+20
9.211600E-02       9.557600E+20
9.647200E-02       1.035800E+21
1.010300E-01       1.122800E+21
1.058100E-01       1.217200E+21
1.108200E-01       1.319700E+21
1.160600E-01       1.431000E+21
1.215400E-01       1.551900E+21
1.272900E-01       1.683300E+21
1.333100E-01       1.826100E+21
1.396200E-01       1.981200E+21
1.462200E-01       2.149800E+21
1.531300E-01       2.333100E+21
1.603800E-01       2.532300E+21
1.679600E-01       2.748800E+21
1.759000E-01       2.984100E+21
1.842200E-01       3.239900E+21
1.929300E-01       3.517900E+21
2.020600E-01       3.820000E+21
2.116100E-01       4.148400E+21
2.216200E-01       4.505200E+21
2.321000E-01       4.892800E+21
2.430700E-01       5.313900E+21
2.545700E-01       5.771100E+21
2.666100E-01       6.267500E+21
2.792200E-01       6.806200E+21
2.924200E-01       7.390700E+21
3.062500E-01       8.024700E+21
3.207300E-01       8.711900E+21
3.359000E-01       9.456500E+21
3.517800E-01       1.026300E+22
3.684200E-01       1.113600E+22
3.858400E-01       1.207900E+22
4.040900E-01       1.309900E+22
4.232000E-01       1.420100E+22
4.432100E-01       1.539000E+22
4.641700E-01       1.667100E+22
4.861200E-01       1.805000E+22
5.091100E-01       1.953400E+22
5.331800E-01       2.112800E+22
5.584000E-01       2.283800E+22
5.848000E-01       2.467000E+22
6.124600E-01       2.663000E+22
6.414200E-01       2.872200E+22
6.717500E-01       3.095300E+22
7.035200E-01       3.332700E+22
7.367900E-01       3.584800E+22
7.716300E-01       3.851900E+22
8.081200E-01       4.134300E+22
8.463400E-01       4.432300E+22
8.863600E-01       4.745500E+22
9.282800E-01       5.074500E+22
9.721800E-01       5.418900E+22
1.018200E+00       5.778400E+22
1.066300E+00       6.152400E+22
1.116700E+00       6.540500E+22
1.169500E+00       6.942000E+22
1.224800E+00       7.355900E+22
1.282800E+00       7.781300E+22
1.343400E+00       8.217000E+22
1.407000E+00       8.661600E+22
1.473500E+00       9.114100E+22
1.543200E+00       9.572800E+22
1.616200E+00       1.003600E+23
1.692600E+00       1.050300E+23
1.772600E+00       1.097100E+23
1.856400E+00       1.143900E+23
1.944200E+00       1.190600E+23
2.036200E+00       1.236900E+23
2.132500E+00       1.282800E+23
2.233300E+00       1.328100E+23
2.338900E+00       1.372700E+23
2.449500E+00       1.416300E+23
2.565400E+00       1.458900E+23
2.686700E+00       1.500000E+23
2.813700E+00       1.539800E+23
2.946800E+00       1.577700E+23
3.086200E+00       1.613400E+23
3.232100E+00       1.646700E+23
3.384900E+00       1.676800E+23
3.545000E+00       1.703400E+23
3.712700E+00       1.725900E+23
3.888200E+00       1.743500E+23
4.072100E+00       1.755700E+23
4.264700E+00       1.761500E+23
4.466400E+00       1.760300E+23
4.677600E+00       1.751300E+23
4.898800E+00       1.733800E+23
5.130400E+00       1.707300E+23
5.373000E+00       1.671400E+23
5.627100E+00       1.625600E+23
5.893200E+00       1.570200E+23
6.171900E+00       1.505300E+23
6.463800E+00       1.431300E+23
6.769500E+00       1.349000E+23
7.089600E+00       1.259400E+23
7.424900E+00       1.163700E+23
7.776000E+00       1.063400E+23
8.143700E+00       9.600800E+22
8.528800E+00       8.551900E+22
8.932200E+00       7.485200E+22
9.354600E+00       6.498100E+22
9.796900E+00       5.576500E+22
1.026000E+01       4.720600E+22
1.074500E+01       3.935600E+22
1.125400E+01       3.229500E+22
1.178600E+01       2.605200E+22
1.234300E+01       2.063600E+22
1.292700E+01       1.603400E+22
1.353800E+01       1.220700E+22
1.417800E+01       9.096000E+21
1.484900E+01       6.626600E+21
1.555100E+01       4.714300E+21
1.628600E+01       3.271100E+21
1.705700E+01       2.211000E+21
1.786300E+01       1.453900E+21
1.870800E+01       9.287800E+20
1.959300E+01       5.755900E+20
2.051900E+01       3.455300E+20
2.149000E+01       2.006100E+20
2.250600E+01       1.124500E+20
2.357000E+01       6.076100E+19
2.468500E+01       3.158900E+19
2.585200E+01       1.577100E+19
2.707500E+01       7.547400E+18
2.835500E+01       3.455000E+18
2.969600E+01       1.509800E+18
3.110000E+01       6.284600E+17
3.257100E+01       2.486500E+17
3.411100E+01       9.331100E+16
3.572400E+01       3.314100E+16
3.741400E+01       1.111600E+16
3.918300E+01       3.514700E+15
4.103600E+01       1.045500E+15
4.297600E+01       2.921000E+14
4.500900E+01       7.653400E+13
4.713700E+01       1.877800E+13
4.936600E+01       4.308400E+12
5.170100E+01       9.230900E+11
5.414600E+01       1.843400E+11
5.670600E+01       3.416900E+10
5.938800E+01       5.806500E+09
6.219700E+01       8.877900E+08
6.513800E+01       1.260900E+08
6.821800E+01       2.869600E+07
7.144400E+01       5.074100E+06
7.482300E+01       6.904500E+11
7.836100E+01       1.322200E+11
8.206700E+01       2.351500E+10
8.594800E+01       4.544800E+09
9.001200E+01       7.753600E+08
9.426900E+01       6.321400E+08
9.872700E+01       3.435800E+07
1.034000E+02       1.455900E+07
1.082900E+02       0.000000E+00
1.134100E+02       0.000000E+00
1.187700E+02       0.000000E+00
1.243900E+02       0.000000E+00
1.302700E+02       0.000000E+00
1.364300E+02       0.000000E+00
1.428800E+02       0.000000E+00
1.496400E+02       0.000000E+00
1.567100E+02       0.000000E+00
1.641200E+02       0.000000E+00
1.718800E+02       0.000000E+00
1.800100E+02       0.000000E+00
1.885300E+02       0.000000E+00
1.974400E+02       0.000000E+00
2.067800E+02       0.000000E+00
2.165600E+02       0.000000E+00
2.268000E+02       0.000000E+00
2.375200E+02       0.000000E+00
2.487600E+02       0.000000E+00
2.605200E+02       0.000000E+00
2.728400E+02       0.000000E+00
2.857400E+02       0.000000E+00
2.992500E+02       0.000000E+00
3.134100E+02       0.000000E+00
3.282300E+02       0.000000E+00
3.437500E+02       0.000000E+00
3.600000E+02       0.000000E+00
3.770300E+02       0.000000E+00
3.948600E+02       0.000000E+00
4.135300E+02       0.000000E+00
