1.253500E-03       6.219700E+17
1.312700E-03       6.820900E+17
1.374800E-03       7.480200E+17
1.439800E-03       8.203000E+17
1.507900E-03       8.995400E+17
1.579200E-03       9.863300E+17
1.653900E-03       1.081600E+18
1.732100E-03       1.186000E+18
1.814000E-03       1.300400E+18
1.899800E-03       1.425800E+18
1.989700E-03       1.563300E+18
2.083800E-03       1.714000E+18
2.182300E-03       1.879200E+18
2.285500E-03       2.060300E+18
2.393600E-03       2.258700E+18
2.506800E-03       2.476300E+18
2.625300E-03       2.714900E+18
2.749500E-03       2.976400E+18
2.879500E-03       3.263100E+18
3.015700E-03       3.577500E+18
3.158300E-03       3.922100E+18
3.307600E-03       4.300300E+18
3.464100E-03       4.714500E+18
3.627900E-03       5.169000E+18
3.799400E-03       5.667100E+18
3.979100E-03       6.213200E+18
4.167300E-03       6.812000E+18
4.364400E-03       7.468500E+18
4.570700E-03       8.188200E+18
4.786900E-03       8.977200E+18
5.013300E-03       9.842200E+18
5.250300E-03       1.079000E+19
5.498600E-03       1.182900E+19
5.758700E-03       1.296800E+19
6.031000E-03       1.421700E+19
6.316200E-03       1.558400E+19
6.614900E-03       1.708400E+19
6.927700E-03       1.872600E+19
7.255300E-03       2.052600E+19
7.598400E-03       2.249700E+19
7.957700E-03       2.465700E+19
8.334100E-03       2.702400E+19
8.728200E-03       2.961600E+19
9.140900E-03       3.245500E+19
9.573200E-03       3.556500E+19
1.002600E-02       3.897000E+19
1.050000E-02       4.269800E+19
1.099700E-02       4.678000E+19
1.151700E-02       5.124800E+19
1.206100E-02       5.613800E+19
1.263200E-02       6.148900E+19
1.322900E-02       6.734900E+19
1.385500E-02       7.377500E+19
1.451000E-02       8.079300E+19
1.519600E-02       8.846400E+19
1.591400E-02       9.685500E+19
1.666700E-02       1.060300E+20
1.745500E-02       1.160700E+20
1.828100E-02       1.270400E+20
1.914500E-02       1.390300E+20
2.005100E-02       1.521500E+20
2.099900E-02       1.664800E+20
2.199200E-02       1.821500E+20
2.303200E-02       1.992700E+20
2.412100E-02       2.179800E+20
2.526200E-02       2.384200E+20
2.645600E-02       2.607500E+20
2.770700E-02       2.851400E+20
2.901800E-02       3.117700E+20
3.039000E-02       3.408400E+20
3.182700E-02       3.725600E+20
3.333200E-02       4.071900E+20
3.490800E-02       4.449600E+20
3.655900E-02       4.861700E+20
3.828800E-02       5.311000E+20
4.009900E-02       5.800800E+20
4.199500E-02       6.334700E+20
4.398100E-02       6.916600E+20
4.606100E-02       7.550500E+20
4.823900E-02       8.240900E+20
5.052000E-02       8.993000E+20
5.290900E-02       9.812500E+20
5.541100E-02       1.070400E+21
5.803200E-02       1.167500E+21
6.077600E-02       1.273100E+21
6.365000E-02       1.388000E+21
6.666000E-02       1.513000E+21
6.981300E-02       1.648900E+21
7.311400E-02       1.796600E+21
7.657100E-02       1.957200E+21
8.019300E-02       2.131600E+21
8.398500E-02       2.321200E+21
8.795600E-02       2.527100E+21
9.211600E-02       2.750700E+21
9.647200E-02       2.993400E+21
1.010300E-01       3.256900E+21
1.058100E-01       3.542800E+21
1.108200E-01       3.852900E+21
1.160600E-01       4.189300E+21
1.215400E-01       4.554000E+21
1.272900E-01       4.949300E+21
1.333100E-01       5.377700E+21
1.396200E-01       5.841800E+21
1.462200E-01       6.344400E+21
1.531300E-01       6.888600E+21
1.603800E-01       7.477600E+21
1.679600E-01       8.114800E+21
1.759000E-01       8.804100E+21
1.842200E-01       9.549400E+21
1.929300E-01       1.035500E+22
2.020600E-01       1.122600E+22
2.116100E-01       1.216600E+22
2.216200E-01       1.318100E+22
2.321000E-01       1.427700E+22
2.430700E-01       1.546000E+22
2.545700E-01       1.673500E+22
2.666100E-01       1.811000E+22
2.792200E-01       1.959000E+22
2.924200E-01       2.118400E+22
3.062500E-01       2.290000E+22
3.207300E-01       2.474400E+22
3.359000E-01       2.672700E+22
3.517800E-01       2.885500E+22
3.684200E-01       3.113900E+22
3.858400E-01       3.358800E+22
4.040900E-01       3.621200E+22
4.232000E-01       3.902000E+22
4.432100E-01       4.202200E+22
4.641700E-01       4.523100E+22
4.861200E-01       4.865500E+22
5.091100E-01       5.230500E+22
5.331800E-01       5.619400E+22
5.584000E-01       6.033100E+22
5.848000E-01       6.472700E+22
6.124600E-01       6.939400E+22
6.414200E-01       7.434100E+22
6.717500E-01       7.957900E+22
7.035200E-01       8.511800E+22
7.367900E-01       9.096700E+22
7.716300E-01       9.713500E+22
8.081200E-01       1.036300E+23
8.463400E-01       1.104600E+23
8.863600E-01       1.176300E+23
9.282800E-01       1.251500E+23
9.721800E-01       1.330300E+23
1.018200E+00       1.412600E+23
1.066300E+00       1.498600E+23
1.116700E+00       1.588200E+23
1.169500E+00       1.681500E+23
1.224800E+00       1.778500E+23
1.282800E+00       1.879300E+23
1.343400E+00       1.984000E+23
1.407000E+00       2.092500E+23
1.473500E+00       2.205000E+23
1.543200E+00       2.321600E+23
1.616200E+00       2.442300E+23
1.692600E+00       2.567300E+23
1.772600E+00       2.696800E+23
1.856400E+00       2.831000E+23
1.944200E+00       2.970100E+23
2.036200E+00       3.114300E+23
2.132500E+00       3.264000E+23
2.233300E+00       3.419300E+23
2.338900E+00       3.580700E+23
2.449500E+00       3.748400E+23
2.565400E+00       3.922700E+23
2.686700E+00       4.103800E+23
2.813700E+00       4.292000E+23
2.946800E+00       4.487400E+23
3.086200E+00       4.690100E+23
3.232100E+00       4.899900E+23
3.384900E+00       5.116700E+23
3.545000E+00       5.340100E+23
3.712700E+00       5.569300E+23
3.888200E+00       5.803700E+23
4.072100E+00       6.042100E+23
4.264700E+00       6.283000E+23
4.466400E+00       6.524800E+23
4.677600E+00       6.765300E+23
4.898800E+00       7.002000E+23
5.130400E+00       7.232300E+23
5.373000E+00       7.453000E+23
5.627100E+00       7.660500E+23
5.893200E+00       7.851100E+23
6.171900E+00       8.020800E+23
6.463800E+00       8.165300E+23
6.769500E+00       8.280500E+23
7.089600E+00       8.362100E+23
7.424900E+00       8.406000E+23
7.776000E+00       8.408500E+23
8.143700E+00       8.366200E+23
8.528800E+00       8.276500E+23
8.932200E+00       8.137600E+23
9.354600E+00       7.948400E+23
9.796900E+00       7.709100E+23
1.026000E+01       7.421200E+23
1.074500E+01       7.087200E+23
1.125400E+01       6.711100E+23
1.178600E+01       6.298000E+23
1.234300E+01       5.854200E+23
1.292700E+01       5.387000E+23
1.353800E+01       4.904400E+23
1.417800E+01       4.415000E+23
1.484900E+01       3.927400E+23
1.555100E+01       3.450000E+23
1.628600E+01       2.990700E+23
1.705700E+01       2.556700E+23
1.786300E+01       2.153800E+23
1.870800E+01       1.786500E+23
1.959300E+01       1.457900E+23
2.051900E+01       1.169500E+23
2.149000E+01       9.214400E+22
2.250600E+01       7.123500E+22
2.357000E+01       5.398400E+22
2.468500E+01       4.006200E+22
2.585200E+01       2.908200E+22
2.707500E+01       2.062800E+22
2.835500E+01       1.427900E+22
2.969600E+01       9.633400E+21
3.110000E+01       6.326200E+21
3.257100E+01       4.038000E+21
3.411100E+01       2.501400E+21
3.572400E+01       1.501500E+21
3.741400E+01       8.718000E+20
3.918300E+01       4.887600E+20
4.103600E+01       2.640700E+20
4.297600E+01       1.372100E+20
4.500900E+01       6.841500E+19
4.713700E+01       3.265800E+19
4.936600E+01       1.488600E+19
5.170100E+01       6.462300E+18
5.414600E+01       2.664000E+18
5.670600E+01       1.039600E+18
5.938800E+01       3.827900E+17
6.219700E+01       1.325300E+17
6.513800E+01       4.298200E+16
6.821800E+01       1.300900E+16
7.144400E+01       3.660700E+15
7.482300E+01       9.540600E+14
7.836100E+01       2.295300E+14
8.206700E+01       5.084100E+13
8.594800E+01       1.035100E+13
9.001200E+01       1.936500E+12
9.426900E+01       3.333000E+11
9.872700E+01       5.301200E+10
1.034000E+02       7.930600E+09
1.082900E+02       1.173200E+09
1.134100E+02       8.593900E+07
1.187700E+02       2.342500E+06
1.243900E+02       1.455400E+06
1.302700E+02       2.186900E+05
1.364300E+02       2.428600E+04
1.428800E+02       2.938400E+03
1.496400E+02       1.659500E+02
1.567100E+02       2.023900E+01
1.641200E+02       2.025300E+04
1.718800E+02       1.118900E+03
1.800100E+02       1.677500E+02
1.885300E+02       3.465300E+00
1.974400E+02       3.726500E+00
2.067800E+02       3.519800E-01
2.165600E+02       0.000000E+00
2.268000E+02       0.000000E+00
2.375200E+02       0.000000E+00
2.487600E+02       0.000000E+00
2.605200E+02       0.000000E+00
2.728400E+02       0.000000E+00
2.857400E+02       0.000000E+00
2.992500E+02       0.000000E+00
3.134100E+02       0.000000E+00
3.282300E+02       0.000000E+00
3.437500E+02       0.000000E+00
3.600000E+02       0.000000E+00
3.770300E+02       0.000000E+00
3.948600E+02       0.000000E+00
4.135300E+02       0.000000E+00
