1.253500E-03       5.892700E+17
1.312700E-03       6.461700E+17
1.374800E-03       7.085700E+17
1.439800E-03       7.769800E+17
1.507900E-03       8.520100E+17
1.579200E-03       9.342300E+17
1.653900E-03       1.024400E+18
1.732100E-03       1.123300E+18
1.814000E-03       1.231700E+18
1.899800E-03       1.350600E+18
1.989700E-03       1.481000E+18
2.083800E-03       1.623900E+18
2.182300E-03       1.780600E+18
2.285500E-03       1.952400E+18
2.393600E-03       2.140800E+18
2.506800E-03       2.347300E+18
2.625300E-03       2.573700E+18
2.749500E-03       2.821900E+18
2.879500E-03       3.094000E+18
3.015700E-03       3.392300E+18
3.158300E-03       3.719300E+18
3.307600E-03       4.077800E+18
3.464100E-03       4.470000E+18
3.627900E-03       4.900600E+18
3.799400E-03       5.372300E+18
3.979100E-03       5.889300E+18
4.167300E-03       6.455900E+18
4.364400E-03       7.076700E+18
4.570700E-03       7.757000E+18
4.786900E-03       8.502500E+18
5.013300E-03       9.319200E+18
5.250300E-03       1.021400E+19
5.498600E-03       1.119400E+19
5.758700E-03       1.226800E+19
6.031000E-03       1.344400E+19
6.316200E-03       1.473200E+19
6.614900E-03       1.614300E+19
6.927700E-03       1.768800E+19
7.255300E-03       1.937900E+19
7.598400E-03       2.122900E+19
7.957700E-03       2.325500E+19
8.334100E-03       2.547100E+19
8.728200E-03       2.789700E+19
9.140900E-03       3.054900E+19
9.573200E-03       3.345100E+19
1.002600E-02       3.662500E+19
1.050000E-02       4.009500E+19
1.099700E-02       4.388900E+19
1.151700E-02       4.803600E+19
1.206100E-02       5.256900E+19
1.263200E-02       5.752300E+19
1.322900E-02       6.294100E+19
1.385500E-02       6.891900E+19
1.451000E-02       7.539500E+19
1.519600E-02       8.246400E+19
1.591400E-02       9.018400E+19
1.666700E-02       9.861500E+19
1.745500E-02       1.078200E+20
1.828100E-02       1.178700E+20
1.914500E-02       1.288400E+20
2.005100E-02       1.408100E+20
2.099900E-02       1.538800E+20
2.199200E-02       1.681400E+20
2.303200E-02       1.837000E+20
2.412100E-02       2.006700E+20
2.526200E-02       2.191800E+20
2.645600E-02       2.393700E+20
2.770700E-02       2.613900E+20
2.901800E-02       2.853900E+20
3.039000E-02       3.115600E+20
3.182700E-02       3.400900E+20
3.333200E-02       3.711700E+20
3.490800E-02       4.050500E+20
3.655900E-02       4.419500E+20
3.828800E-02       4.821400E+20
4.009900E-02       5.259100E+20
4.199500E-02       5.735600E+20
4.398100E-02       6.254200E+20
4.606100E-02       6.818500E+20
4.823900E-02       7.432400E+20
5.052000E-02       8.100000E+20
5.290900E-02       8.826400E+20
5.541100E-02       9.617600E+20
5.803200E-02       1.047600E+21
6.077600E-02       1.140800E+21
6.365000E-02       1.242000E+21
6.666000E-02       1.351900E+21
6.981300E-02       1.471200E+21
7.311400E-02       1.600700E+21
7.657100E-02       1.741300E+21
8.019300E-02       1.893800E+21
8.398500E-02       2.059200E+21
8.795600E-02       2.238600E+21
9.211600E-02       2.433100E+21
9.647200E-02       2.644000E+21
1.010300E-01       2.872700E+21
1.058100E-01       3.120600E+21
1.108200E-01       3.389300E+21
1.160600E-01       3.680500E+21
1.215400E-01       3.996100E+21
1.272900E-01       4.338100E+21
1.333100E-01       4.708800E+21
1.396200E-01       5.110400E+21
1.462200E-01       5.545700E+21
1.531300E-01       6.017400E+21
1.603800E-01       6.528600E+21
1.679600E-01       7.082600E+21
1.759000E-01       7.683000E+21
1.842200E-01       8.333600E+21
1.929300E-01       9.038700E+21
2.020600E-01       9.802900E+21
2.116100E-01       1.063100E+22
2.216200E-01       1.152800E+22
2.321000E-01       1.250000E+22
2.430700E-01       1.355300E+22
2.545700E-01       1.469400E+22
2.666100E-01       1.593000E+22
2.792200E-01       1.726700E+22
2.924200E-01       1.871600E+22
3.062500E-01       2.028300E+22
3.207300E-01       2.197900E+22
3.359000E-01       2.381300E+22
3.517800E-01       2.579600E+22
3.684200E-01       2.794000E+22
3.858400E-01       3.025600E+22
4.040900E-01       3.275800E+22
4.232000E-01       3.545800E+22
4.432100E-01       3.837100E+22
4.641700E-01       4.151200E+22
4.861200E-01       4.489600E+22
5.091100E-01       4.854000E+22
5.331800E-01       5.246200E+22
5.584000E-01       5.667700E+22
5.848000E-01       6.120600E+22
6.124600E-01       6.606600E+22
6.414200E-01       7.127700E+22
6.717500E-01       7.685700E+22
7.035200E-01       8.282600E+22
7.367900E-01       8.920300E+22
7.716300E-01       9.600800E+22
8.081200E-01       1.032600E+23
8.463400E-01       1.109700E+23
8.863600E-01       1.191700E+23
9.282800E-01       1.278600E+23
9.721800E-01       1.370600E+23
1.018200E+00       1.467900E+23
1.066300E+00       1.570500E+23
1.116700E+00       1.678500E+23
1.169500E+00       1.792100E+23
1.224800E+00       1.911200E+23
1.282800E+00       2.035800E+23
1.343400E+00       2.165900E+23
1.407000E+00       2.301600E+23
1.473500E+00       2.442700E+23
1.543200E+00       2.589100E+23
1.616200E+00       2.740700E+23
1.692600E+00       2.897400E+23
1.772600E+00       3.059100E+23
1.856400E+00       3.225600E+23
1.944200E+00       3.396800E+23
2.036200E+00       3.572500E+23
2.132500E+00       3.752700E+23
2.233300E+00       3.937200E+23
2.338900E+00       4.126000E+23
2.449500E+00       4.319000E+23
2.565400E+00       4.516100E+23
2.686700E+00       4.717400E+23
2.813700E+00       4.922900E+23
2.946800E+00       5.132300E+23
3.086200E+00       5.345800E+23
3.232100E+00       5.563000E+23
3.384900E+00       5.783700E+23
3.545000E+00       6.007600E+23
3.712700E+00       6.234000E+23
3.888200E+00       6.462200E+23
4.072100E+00       6.691000E+23
4.264700E+00       6.919300E+23
4.466400E+00       7.145200E+23
4.677600E+00       7.366900E+23
4.898800E+00       7.581800E+23
5.130400E+00       7.787300E+23
5.373000E+00       7.980200E+23
5.627100E+00       8.157000E+23
5.893200E+00       8.313900E+23
6.171900E+00       8.446800E+23
6.463800E+00       8.551500E+23
6.769500E+00       8.623700E+23
7.089600E+00       8.659200E+23
7.424900E+00       8.654100E+23
7.776000E+00       8.604900E+23
8.143700E+00       8.508400E+23
8.528800E+00       8.362600E+23
8.932200E+00       8.166000E+23
9.354600E+00       7.918000E+23
9.796900E+00       7.621200E+23
1.026000E+01       7.277400E+23
1.074500E+01       6.890100E+23
1.125400E+01       6.464600E+23
1.178600E+01       6.007200E+23
1.234300E+01       5.525200E+23
1.292700E+01       5.027100E+23
1.353800E+01       4.521600E+23
1.417800E+01       4.017700E+23
1.484900E+01       3.524400E+23
1.555100E+01       3.050000E+23
1.628600E+01       2.601900E+23
1.705700E+01       2.186500E+23
1.786300E+01       1.808400E+23
1.870800E+01       1.470900E+23
1.959300E+01       1.175500E+23
2.051900E+01       9.221700E+22
2.149000E+01       7.095100E+22
2.250600E+01       5.348300E+22
2.357000E+01       3.945900E+22
2.468500E+01       2.846200E+22
2.585200E+01       2.004900E+22
2.707500E+01       1.377500E+22
2.835500E+01       9.219700E+21
2.969600E+01       6.003700E+21
3.110000E+01       3.798400E+21
3.257100E+01       2.331500E+21
3.411100E+01       1.386300E+21
3.572400E+01       7.972500E+20
3.741400E+01       4.427200E+20
3.918300E+01       2.369800E+20
4.103600E+01       1.220500E+20
4.297600E+01       6.037500E+19
4.500900E+01       2.862700E+19
4.713700E+01       1.298500E+19
4.936600E+01       5.623400E+18
5.170100E+01       2.320200E+18
5.414600E+01       9.101400E+17
5.670600E+01       3.387600E+17
5.938800E+01       1.194000E+17
6.219700E+01       3.978100E+16
6.513800E+01       1.250700E+16
6.821800E+01       3.705200E+15
7.144400E+01       1.033000E+15
7.482300E+01       2.707400E+14
7.836100E+01       6.664000E+13
8.206700E+01       1.538000E+13
8.594800E+01       3.318400E+12
9.001200E+01       6.663500E+11
9.426900E+01       1.246200E+11
9.872700E+01       2.147700E+10
1.034000E+02       7.067300E+09
1.082900E+02       6.904200E+08
1.134100E+02       1.176500E+04
1.187700E+02       6.428800E+03
1.243900E+02       0.000000E+00
1.302700E+02       0.000000E+00
1.364300E+02       0.000000E+00
1.428800E+02       0.000000E+00
1.496400E+02       0.000000E+00
1.567100E+02       0.000000E+00
1.641200E+02       0.000000E+00
1.718800E+02       0.000000E+00
1.800100E+02       0.000000E+00
1.885300E+02       0.000000E+00
1.974400E+02       0.000000E+00
2.067800E+02       0.000000E+00
2.165600E+02       0.000000E+00
2.268000E+02       0.000000E+00
2.375200E+02       0.000000E+00
2.487600E+02       0.000000E+00
2.605200E+02       0.000000E+00
2.728400E+02       0.000000E+00
2.857400E+02       0.000000E+00
2.992500E+02       0.000000E+00
3.134100E+02       0.000000E+00
3.282300E+02       0.000000E+00
3.437500E+02       0.000000E+00
3.600000E+02       0.000000E+00
3.770300E+02       0.000000E+00
3.948600E+02       0.000000E+00
4.135300E+02       0.000000E+00
