1.253500E-03       5.810600E+16
1.312700E-03       6.351600E+16
1.374800E-03       6.943000E+16
1.439800E-03       7.589800E+16
1.507900E-03       8.296900E+16
1.579200E-03       9.074000E+16
1.653900E-03       9.919400E+16
1.732100E-03       1.084400E+17
1.814000E-03       1.185500E+17
1.899800E-03       1.296000E+17
1.989700E-03       1.416800E+17
2.083800E-03       1.548900E+17
2.182300E-03       1.693500E+17
2.285500E-03       1.851400E+17
2.393600E-03       2.024100E+17
2.506800E-03       2.212900E+17
2.625300E-03       2.419200E+17
2.749500E-03       2.644800E+17
2.879500E-03       2.891300E+17
3.015700E-03       3.160800E+17
3.158300E-03       3.455400E+17
3.307600E-03       3.777300E+17
3.464100E-03       4.135200E+17
3.627900E-03       4.520100E+17
3.799400E-03       4.940800E+17
3.979100E-03       5.400500E+17
4.167300E-03       5.902800E+17
4.364400E-03       6.451900E+17
4.570700E-03       7.052100E+17
4.786900E-03       7.708000E+17
5.013300E-03       8.425100E+17
5.250300E-03       9.209000E+17
5.498600E-03       1.006600E+18
5.758700E-03       1.100300E+18
6.031000E-03       1.202800E+18
6.316200E-03       1.315200E+18
6.614900E-03       1.437800E+18
6.927700E-03       1.571800E+18
7.255300E-03       1.718300E+18
7.598400E-03       1.878600E+18
7.957700E-03       2.053900E+18
8.334100E-03       2.245500E+18
8.728200E-03       2.455100E+18
9.140900E-03       2.684300E+18
9.573200E-03       2.934900E+18
1.002600E-02       3.208800E+18
1.050000E-02       3.508200E+18
1.099700E-02       3.835600E+18
1.151700E-02       4.193300E+18
1.206100E-02       4.584300E+18
1.263200E-02       5.011600E+18
1.322900E-02       5.478500E+18
1.385500E-02       5.995700E+18
1.451000E-02       6.553700E+18
1.519600E-02       7.163400E+18
1.591400E-02       7.829200E+18
1.666700E-02       8.556500E+18
1.745500E-02       9.350700E+18
1.828100E-02       1.021800E+19
1.914500E-02       1.116500E+19
2.005100E-02       1.219800E+19
2.099900E-02       1.332600E+19
2.199200E-02       1.455700E+19
2.303200E-02       1.590000E+19
2.412100E-02       1.736500E+19
2.526200E-02       1.896300E+19
2.645600E-02       2.070600E+19
2.770700E-02       2.260700E+19
2.901800E-02       2.467900E+19
3.039000E-02       2.693700E+19
3.182700E-02       2.939800E+19
3.333200E-02       3.207900E+19
3.490800E-02       3.500000E+19
3.655900E-02       3.818100E+19
3.828800E-02       4.164500E+19
4.009900E-02       4.541600E+19
4.199500E-02       4.952000E+19
4.398100E-02       5.398600E+19
4.606100E-02       5.884400E+19
4.823900E-02       6.412800E+19
5.052000E-02       6.987200E+19
5.290900E-02       7.611600E+19
5.541100E-02       8.291800E+19
5.803200E-02       9.028100E+19
6.077600E-02       9.827300E+19
6.365000E-02       1.069500E+20
6.666000E-02       1.163500E+20
6.981300E-02       1.265500E+20
7.311400E-02       1.376000E+20
7.657100E-02       1.495700E+20
8.019300E-02       1.625300E+20
8.398500E-02       1.765500E+20
8.795600E-02       1.917200E+20
9.211600E-02       2.081200E+20
9.647200E-02       2.258400E+20
1.010300E-01       2.449800E+20
1.058100E-01       2.656400E+20
1.108200E-01       2.879200E+20
1.160600E-01       3.119500E+20
1.215400E-01       3.378400E+20
1.272900E-01       3.657300E+20
1.333100E-01       3.957300E+20
1.396200E-01       4.280000E+20
1.462200E-01       4.626800E+20
1.531300E-01       4.999100E+20
1.603800E-01       5.398600E+20
1.679600E-01       5.826800E+20
1.759000E-01       6.285400E+20
1.842200E-01       6.775900E+20
1.929300E-01       7.300200E+20
2.020600E-01       7.859800E+20
2.116100E-01       8.456600E+20
2.216200E-01       9.092100E+20
2.321000E-01       9.768000E+20
2.430700E-01       1.048600E+21
2.545700E-01       1.124700E+21
2.666100E-01       1.205300E+21
2.792200E-01       1.290500E+21
2.924200E-01       1.380400E+21
3.062500E-01       1.475100E+21
3.207300E-01       1.574700E+21
3.359000E-01       1.679100E+21
3.517800E-01       1.788400E+21
3.684200E-01       1.902600E+21
3.858400E-01       2.021500E+21
4.040900E-01       2.145100E+21
4.232000E-01       2.273200E+21
4.432100E-01       2.405600E+21
4.641700E-01       2.542000E+21
4.861200E-01       2.682000E+21
5.091100E-01       2.817300E+21
5.331800E-01       2.961800E+21
5.584000E-01       3.108800E+21
5.848000E-01       3.257300E+21
6.124600E-01       3.406300E+21
6.414200E-01       3.555100E+21
6.717500E-01       3.692100E+21
7.035200E-01       3.837000E+21
7.367900E-01       3.976900E+21
7.716300E-01       4.106800E+21
8.081200E-01       4.237200E+21
8.463400E-01       4.359700E+21
8.863600E-01       4.170200E+21
9.282800E-01       4.265300E+21
9.721800E-01       4.351100E+21
1.018200E+00       4.425000E+21
1.066300E+00       4.486000E+21
1.116700E+00       4.532200E+21
1.169500E+00       4.558600E+21
1.224800E+00       4.507000E+21
1.282800E+00       4.502800E+21
1.343400E+00       4.470600E+21
1.407000E+00       4.054900E+21
1.473500E+00       3.995300E+21
1.543200E+00       3.930800E+21
1.616200E+00       3.846100E+21
1.692600E+00       3.686500E+21
1.772600E+00       3.218500E+21
1.856400E+00       2.722000E+21
1.944200E+00       2.560500E+21
2.036200E+00       2.224700E+21
2.132500E+00       2.049900E+21
2.233300E+00       1.925300E+21
2.338900E+00       1.761400E+21
2.449500E+00       1.348000E+21
2.565400E+00       1.231600E+21
2.686700E+00       1.102600E+21
2.813700E+00       1.003900E+21
2.946800E+00       9.065500E+20
3.086200E+00       8.013700E+20
3.232100E+00       6.364100E+20
3.384900E+00       5.536900E+20
3.545000E+00       4.816200E+20
3.712700E+00       4.165300E+20
3.888200E+00       3.563400E+20
4.072100E+00       2.998800E+20
4.264700E+00       2.458400E+20
4.466400E+00       2.025300E+20
4.677600E+00       1.649200E+20
4.898800E+00       1.319500E+20
5.130400E+00       1.024300E+20
5.373000E+00       7.959200E+19
5.627100E+00       6.101800E+19
5.893200E+00       4.595000E+19
6.171900E+00       3.388300E+19
6.463800E+00       2.439000E+19
6.769500E+00       1.707700E+19
7.089600E+00       1.157500E+19
7.424900E+00       7.543800E+18
7.776000E+00       4.672500E+18
8.143700E+00       2.686800E+18
8.528800E+00       1.300900E+18
8.932200E+00       6.185900E+17
9.354600E+00       3.103900E+17
9.796900E+00       1.558200E+17
1.026000E+01       7.775400E+16
1.074500E+01       3.787800E+16
1.125400E+01       1.781200E+16
1.178600E+01       8.014900E+15
1.234300E+01       3.426600E+15
1.292700E+01       1.383400E+15
1.353800E+01       5.244300E+14
1.417800E+01       1.856400E+14
1.484900E+01       6.102400E+13
1.555100E+01       1.852000E+13
1.628600E+01       5.158400E+12
1.705700E+01       1.310200E+12
1.786300E+01       3.015400E+11
1.870800E+01       6.246900E+10
1.959300E+01       1.158000E+10
2.051900E+01       1.911600E+09
2.149000E+01       2.802100E+08
2.250600E+01       3.646800E+07
2.357000E+01       4.222200E+06
2.468500E+01       4.357700E+05
2.585200E+01       4.034100E+04
2.707500E+01       3.395600E+03
2.835500E+01       2.967300E+02
2.969600E+01       9.858600E+01
3.110000E+01       9.514200E+07
3.257100E+01       1.180300E+07
3.411100E+01       1.320700E+06
3.572400E+01       1.328600E+05
3.741400E+01       1.137000E+04
3.918300E+01       7.480400E+02
4.103600E+01       7.120200E+02
4.297600E+01       0.000000E+00
4.500900E+01       0.000000E+00
4.713700E+01       0.000000E+00
4.936600E+01       0.000000E+00
5.170100E+01       0.000000E+00
5.414600E+01       0.000000E+00
5.670600E+01       0.000000E+00
5.938800E+01       0.000000E+00
6.219700E+01       0.000000E+00
6.513800E+01       0.000000E+00
6.821800E+01       0.000000E+00
7.144400E+01       0.000000E+00
7.482300E+01       0.000000E+00
7.836100E+01       0.000000E+00
8.206700E+01       0.000000E+00
8.594800E+01       0.000000E+00
9.001200E+01       0.000000E+00
9.426900E+01       0.000000E+00
9.872700E+01       0.000000E+00
1.034000E+02       0.000000E+00
1.082900E+02       0.000000E+00
1.134100E+02       0.000000E+00
1.187700E+02       0.000000E+00
1.243900E+02       0.000000E+00
1.302700E+02       0.000000E+00
1.364300E+02       0.000000E+00
1.428800E+02       0.000000E+00
1.496400E+02       0.000000E+00
1.567100E+02       0.000000E+00
1.641200E+02       0.000000E+00
1.718800E+02       0.000000E+00
1.800100E+02       0.000000E+00
1.885300E+02       0.000000E+00
1.974400E+02       0.000000E+00
2.067800E+02       0.000000E+00
2.165600E+02       0.000000E+00
2.268000E+02       0.000000E+00
2.375200E+02       0.000000E+00
2.487600E+02       0.000000E+00
2.605200E+02       0.000000E+00
2.728400E+02       0.000000E+00
2.857400E+02       0.000000E+00
2.992500E+02       0.000000E+00
3.134100E+02       0.000000E+00
3.282300E+02       0.000000E+00
3.437500E+02       0.000000E+00
3.600000E+02       0.000000E+00
3.770300E+02       0.000000E+00
3.948600E+02       0.000000E+00
4.135300E+02       0.000000E+00
