1.253500E-03       7.071200E+17
1.312700E-03       7.755300E+17
1.374800E-03       8.505600E+17
1.439800E-03       9.328600E+17
1.507900E-03       1.023100E+18
1.579200E-03       1.122000E+18
1.653900E-03       1.230600E+18
1.732100E-03       1.349700E+18
1.814000E-03       1.480300E+18
1.899800E-03       1.623500E+18
1.989700E-03       1.780600E+18
2.083800E-03       1.952800E+18
2.182300E-03       2.141500E+18
2.285500E-03       2.348500E+18
2.393600E-03       2.575400E+18
2.506800E-03       2.824100E+18
2.625300E-03       3.096600E+18
2.749500E-03       3.395300E+18
2.879500E-03       3.722700E+18
3.015700E-03       4.081400E+18
3.158300E-03       4.474600E+18
3.307600E-03       4.905800E+18
3.464100E-03       5.378100E+18
3.627900E-03       5.895900E+18
3.799400E-03       6.462800E+18
3.979100E-03       7.084100E+18
4.167300E-03       7.764900E+18
4.364400E-03       8.510900E+18
4.570700E-03       9.328400E+18
4.786900E-03       1.022400E+19
5.013300E-03       1.120600E+19
5.250300E-03       1.228100E+19
5.498600E-03       1.345900E+19
5.758700E-03       1.475000E+19
6.031000E-03       1.616500E+19
6.316200E-03       1.771400E+19
6.614900E-03       1.941200E+19
6.927700E-03       2.127000E+19
7.255300E-03       2.330600E+19
7.598400E-03       2.553600E+19
7.957700E-03       2.797800E+19
8.334100E-03       3.065200E+19
8.728200E-03       3.358000E+19
9.140900E-03       3.678700E+19
9.573200E-03       4.029900E+19
1.002600E-02       4.414400E+19
1.050000E-02       4.835400E+19
1.099700E-02       5.296400E+19
1.151700E-02       5.801100E+19
1.206100E-02       6.353500E+19
1.263200E-02       6.958300E+19
1.322900E-02       7.620700E+19
1.385500E-02       8.345800E+19
1.451000E-02       9.139300E+19
1.519600E-02       1.000700E+20
1.591400E-02       1.095600E+20
1.666700E-02       1.199400E+20
1.745500E-02       1.313000E+20
1.828100E-02       1.437200E+20
1.914500E-02       1.573000E+20
2.005100E-02       1.721500E+20
2.099900E-02       1.883800E+20
2.199200E-02       2.061300E+20
2.303200E-02       2.255300E+20
2.412100E-02       2.467400E+20
2.526200E-02       2.699100E+20
2.645600E-02       2.952300E+20
2.770700E-02       3.228900E+20
2.901800E-02       3.531100E+20
3.039000E-02       3.861100E+20
3.182700E-02       4.221400E+20
3.333200E-02       4.614800E+20
3.490800E-02       5.044200E+20
3.655900E-02       5.512700E+20
3.828800E-02       6.023900E+20
4.009900E-02       6.581400E+20
4.199500E-02       7.189200E+20
4.398100E-02       7.851700E+20
4.606100E-02       8.573700E+20
4.823900E-02       9.360200E+20
5.052000E-02       1.021700E+21
5.290900E-02       1.115000E+21
5.541100E-02       1.216500E+21
5.803200E-02       1.327000E+21
6.077600E-02       1.447200E+21
6.365000E-02       1.577800E+21
6.666000E-02       1.719800E+21
6.981300E-02       1.874100E+21
7.311400E-02       2.041800E+21
7.657100E-02       2.223900E+21
8.019300E-02       2.421600E+21
8.398500E-02       2.636200E+21
8.795600E-02       2.869000E+21
9.211600E-02       3.121500E+21
9.647200E-02       3.395400E+21
1.010300E-01       3.692200E+21
1.058100E-01       4.013700E+21
1.108200E-01       4.362000E+21
1.160600E-01       4.739100E+21
1.215400E-01       5.147200E+21
1.272900E-01       5.588600E+21
1.333100E-01       6.066000E+21
1.396200E-01       6.581900E+21
1.462200E-01       7.139200E+21
1.531300E-01       7.741000E+21
1.603800E-01       8.390400E+21
1.679600E-01       9.091000E+21
1.759000E-01       9.846200E+21
1.842200E-01       1.066000E+22
1.929300E-01       1.153600E+22
2.020600E-01       1.248000E+22
2.116100E-01       1.349400E+22
2.216200E-01       1.458400E+22
2.321000E-01       1.575600E+22
2.430700E-01       1.701300E+22
2.545700E-01       1.836200E+22
2.666100E-01       1.980800E+22
2.792200E-01       2.135700E+22
2.924200E-01       2.301400E+22
3.062500E-01       2.478800E+22
3.207300E-01       2.668300E+22
3.359000E-01       2.870600E+22
3.517800E-01       3.086500E+22
3.684200E-01       3.316600E+22
3.858400E-01       3.561700E+22
4.040900E-01       3.822500E+22
4.232000E-01       4.099800E+22
4.432100E-01       4.394200E+22
4.641700E-01       4.706600E+22
4.861200E-01       5.037800E+22
5.091100E-01       5.388300E+22
5.331800E-01       5.759100E+22
5.584000E-01       6.150800E+22
5.848000E-01       6.564100E+22
6.124600E-01       6.999800E+22
6.414200E-01       7.458500E+22
6.717500E-01       7.940900E+22
7.035200E-01       8.447500E+22
7.367900E-01       8.979200E+22
7.716300E-01       9.536400E+22
8.081200E-01       1.012000E+23
8.463400E-01       1.073000E+23
8.863600E-01       1.136800E+23
9.282800E-01       1.203400E+23
9.721800E-01       1.272900E+23
1.018200E+00       1.345400E+23
1.066300E+00       1.420900E+23
1.116700E+00       1.499600E+23
1.169500E+00       1.581700E+23
1.224800E+00       1.667200E+23
1.282800E+00       1.756300E+23
1.343400E+00       1.849200E+23
1.407000E+00       1.946100E+23
1.473500E+00       2.047400E+23
1.543200E+00       2.153200E+23
1.616200E+00       2.263900E+23
1.692600E+00       2.379900E+23
1.772600E+00       2.501500E+23
1.856400E+00       2.629200E+23
1.944200E+00       2.763400E+23
2.036200E+00       2.904600E+23
2.132500E+00       3.053300E+23
2.233300E+00       3.210000E+23
2.338900E+00       3.375300E+23
2.449500E+00       3.549700E+23
2.565400E+00       3.733700E+23
2.686700E+00       3.927800E+23
2.813700E+00       4.132400E+23
2.946800E+00       4.347900E+23
3.086200E+00       4.574500E+23
3.232100E+00       4.812400E+23
3.384900E+00       5.061700E+23
3.545000E+00       5.322100E+23
3.712700E+00       5.593400E+23
3.888200E+00       5.874800E+23
4.072100E+00       6.165700E+23
4.264700E+00       6.464700E+23
4.466400E+00       6.770400E+23
4.677600E+00       7.080900E+23
4.898800E+00       7.394000E+23
5.130400E+00       7.707000E+23
5.373000E+00       8.016900E+23
5.627100E+00       8.320000E+23
5.893200E+00       8.612500E+23
6.171900E+00       8.890100E+23
6.463800E+00       9.148200E+23
6.769500E+00       9.381800E+23
7.089600E+00       9.585900E+23
7.424900E+00       9.755200E+23
7.776000E+00       9.884600E+23
8.143700E+00       9.969200E+23
8.528800E+00       1.000400E+24
8.932200E+00       9.985700E+23
9.354600E+00       9.910200E+23
9.796900E+00       9.775200E+23
1.026000E+01       9.579300E+23
1.074500E+01       9.322300E+23
1.125400E+01       9.005700E+23
1.178600E+01       8.632200E+23
1.234300E+01       8.206100E+23
1.292700E+01       7.733200E+23
1.353800E+01       7.220400E+23
1.417800E+01       6.676200E+23
1.484900E+01       6.109700E+23
1.555100E+01       5.530900E+23
1.628600E+01       4.950000E+23
1.705700E+01       4.377000E+23
1.786300E+01       3.821400E+23
1.870800E+01       3.292100E+23
1.959300E+01       2.796500E+23
2.051900E+01       2.340600E+23
2.149000E+01       1.928900E+23
2.250600E+01       1.563700E+23
2.357000E+01       1.246100E+23
2.468500E+01       9.752000E+22
2.585200E+01       7.488300E+22
2.707500E+01       5.636300E+22
2.835500E+01       4.154200E+22
2.969600E+01       2.994900E+22
3.110000E+01       2.109500E+22
3.257100E+01       1.450000E+22
3.411100E+01       9.713600E+21
3.572400E+01       6.333200E+21
3.741400E+01       4.012900E+21
3.918300E+01       2.467400E+21
4.103600E+01       1.469700E+21
4.297600E+01       8.465800E+20
4.500900E+01       4.707000E+20
4.713700E+01       2.520900E+20
4.936600E+01       1.297700E+20
5.170100E+01       6.405600E+19
5.414600E+01       3.024100E+19
5.670600E+01       1.361700E+19
5.938800E+01       5.830100E+18
6.219700E+01       2.365500E+18
6.513800E+01       9.062100E+17
6.821800E+01       3.264500E+17
7.144400E+01       1.100800E+17
7.482300E+01       3.456800E+16
7.836100E+01       1.005300E+16
8.206700E+01       2.690000E+15
8.594800E+01       6.575600E+14
9.001200E+01       1.456700E+14
9.426900E+01       2.899100E+13
9.872700E+01       5.135700E+12
1.034000E+02       8.026900E+11
1.082900E+02       1.100200E+11
1.134100E+02       1.328200E+10
1.187700E+02       1.523700E+09
1.243900E+02       2.769200E+04
1.302700E+02       6.061300E+03
1.364300E+02       3.684500E+02
1.428800E+02       1.559100E+01
1.496400E+02       2.035400E+01
1.567100E+02       4.517400E+06
1.641200E+02       1.122900E+06
1.718800E+02       1.067900E+05
1.800100E+02       1.317600E+04
1.885300E+02       1.213800E+03
1.974400E+02       1.231100E+02
2.067800E+02       2.129000E+00
2.165600E+02       1.441500E-01
2.268000E+02       8.049400E-02
2.375200E+02       1.619500E-04
2.487600E+02       4.173000E-04
2.605200E+02       0.000000E+00
2.728400E+02       0.000000E+00
2.857400E+02       0.000000E+00
2.992500E+02       0.000000E+00
3.134100E+02       0.000000E+00
3.282300E+02       0.000000E+00
3.437500E+02       0.000000E+00
3.600000E+02       0.000000E+00
3.770300E+02       0.000000E+00
3.948600E+02       0.000000E+00
4.135300E+02       0.000000E+00
