1.253500E-03       9.083000E+16
1.312700E-03       9.803200E+16
1.374800E-03       1.058300E+17
1.439800E-03       1.142700E+17
1.507900E-03       1.234300E+17
1.579200E-03       1.335600E+17
1.653900E-03       1.443200E+17
1.732100E-03       1.559900E+17
1.814000E-03       1.686500E+17
1.899800E-03       1.824000E+17
1.989700E-03       1.973400E+17
2.083800E-03       2.135600E+17
2.182300E-03       2.312400E+17
2.285500E-03       2.504000E+17
2.393600E-03       2.712500E+17
2.506800E-03       2.939200E+17
2.625300E-03       3.185800E+17
2.749500E-03       3.454100E+17
2.879500E-03       3.746200E+17
3.015700E-03       4.064200E+17
3.158300E-03       4.410400E+17
3.307600E-03       4.787600E+17
3.464100E-03       5.220400E+17
3.627900E-03       5.668500E+17
3.799400E-03       6.156800E+17
3.979100E-03       6.688900E+17
4.167300E-03       7.268800E+17
4.364400E-03       7.901000E+17
4.570700E-03       8.590100E+17
4.786900E-03       9.341400E+17
5.013300E-03       1.016000E+18
5.250300E-03       1.105300E+18
5.498600E-03       1.202700E+18
5.758700E-03       1.308800E+18
6.031000E-03       1.424500E+18
6.316200E-03       1.551700E+18
6.614900E-03       1.689300E+18
6.927700E-03       1.839200E+18
7.255300E-03       2.002600E+18
7.598400E-03       2.180800E+18
7.957700E-03       2.375100E+18
8.334100E-03       2.586900E+18
8.728200E-03       2.817900E+18
9.140900E-03       3.069800E+18
9.573200E-03       3.344500E+18
1.002600E-02       3.644000E+18
1.050000E-02       3.970800E+18
1.099700E-02       4.327300E+18
1.151700E-02       4.716200E+18
1.206100E-02       5.140400E+18
1.263200E-02       5.603300E+18
1.322900E-02       6.108300E+18
1.385500E-02       6.676700E+18
1.451000E-02       7.279500E+18
1.519600E-02       7.937100E+18
1.591400E-02       8.654600E+18
1.666700E-02       9.437500E+18
1.745500E-02       1.029200E+19
1.828100E-02       1.122400E+19
1.914500E-02       1.224100E+19
2.005100E-02       1.335100E+19
2.099900E-02       1.456100E+19
2.199200E-02       1.588200E+19
2.303200E-02       1.732400E+19
2.412100E-02       1.889600E+19
2.526200E-02       2.061200E+19
2.645600E-02       2.248400E+19
2.770700E-02       2.452600E+19
2.901800E-02       2.675300E+19
3.039000E-02       2.918300E+19
3.182700E-02       3.183400E+19
3.333200E-02       3.472500E+19
3.490800E-02       3.787900E+19
3.655900E-02       4.131900E+19
3.828800E-02       4.507100E+19
4.009900E-02       4.916300E+19
4.199500E-02       5.362500E+19
4.398100E-02       5.849200E+19
4.606100E-02       6.379800E+19
4.823900E-02       6.958400E+19
5.052000E-02       7.589200E+19
5.290900E-02       8.277000E+19
5.541100E-02       9.022700E+19
5.803200E-02       9.837600E+19
6.077600E-02       1.072600E+20
6.365000E-02       1.169300E+20
6.666000E-02       1.274600E+20
6.981300E-02       1.389300E+20
7.311400E-02       1.514300E+20
7.657100E-02       1.650300E+20
8.019300E-02       1.798300E+20
8.398500E-02       1.959400E+20
8.795600E-02       2.134700E+20
9.211600E-02       2.325300E+20
9.647200E-02       2.532700E+20
1.010300E-01       2.758100E+20
1.058100E-01       3.003100E+20
1.108200E-01       3.269400E+20
1.160600E-01       3.558600E+20
1.215400E-01       3.872700E+20
1.272900E-01       4.213600E+20
1.333100E-01       4.583600E+20
1.396200E-01       4.984800E+20
1.462200E-01       5.419900E+20
1.531300E-01       5.891500E+20
1.603800E-01       6.402200E+20
1.679600E-01       6.955300E+20
1.759000E-01       7.553800E+20
1.842200E-01       8.201200E+20
1.929300E-01       8.901000E+20
2.020600E-01       9.656900E+20
2.116100E-01       1.047300E+21
2.216200E-01       1.135400E+21
2.321000E-01       1.230300E+21
2.430700E-01       1.332600E+21
2.545700E-01       1.442800E+21
2.666100E-01       1.561200E+21
2.792200E-01       1.688600E+21
2.924200E-01       1.825300E+21
3.062500E-01       1.972100E+21
3.207300E-01       2.129300E+21
3.359000E-01       2.297600E+21
3.517800E-01       2.477600E+21
3.684200E-01       2.669900E+21
3.858400E-01       2.875100E+21
4.040900E-01       3.093700E+21
4.232000E-01       3.326400E+21
4.432100E-01       3.573600E+21
4.641700E-01       3.835800E+21
4.861200E-01       4.113600E+21
5.091100E-01       4.406200E+21
5.331800E-01       4.715800E+21
5.584000E-01       5.041900E+21
5.848000E-01       5.384400E+21
6.124600E-01       5.743500E+21
6.414200E-01       6.118900E+21
6.717500E-01       6.509300E+21
7.035200E-01       6.916400E+21
7.367900E-01       7.338100E+21
7.716300E-01       7.773100E+21
8.081200E-01       8.221000E+21
8.463400E-01       8.679500E+21
8.863600E-01       9.110900E+21
9.282800E-01       9.583300E+21
9.721800E-01       1.006000E+22
1.018200E+00       1.053700E+22
1.066300E+00       1.101200E+22
1.116700E+00       1.148000E+22
1.169500E+00       1.193700E+22
1.224800E+00       1.237500E+22
1.282800E+00       1.279700E+22
1.343400E+00       1.319200E+22
1.407000E+00       1.349900E+22
1.473500E+00       1.382800E+22
1.543200E+00       1.411700E+22
1.616200E+00       1.436000E+22
1.692600E+00       1.454600E+22
1.772600E+00       1.463600E+22
1.856400E+00       1.464400E+22
1.944200E+00       1.464500E+22
2.036200E+00       1.448300E+22
2.132500E+00       1.432400E+22
2.233300E+00       1.413800E+22
2.338900E+00       1.386700E+22
2.449500E+00       1.341100E+22
2.565400E+00       1.302700E+22
2.686700E+00       1.253000E+22
2.813700E+00       1.204800E+22
2.946800E+00       1.152200E+22
3.086200E+00       1.094200E+22
3.232100E+00       1.025500E+22
3.384900E+00       9.619200E+21
3.545000E+00       8.961500E+21
3.712700E+00       8.301000E+21
3.888200E+00       7.633900E+21
4.072100E+00       6.962900E+21
4.264700E+00       6.289900E+21
4.466400E+00       5.638600E+21
4.677600E+00       5.006600E+21
4.898800E+00       4.397800E+21
5.130400E+00       3.814800E+21
5.373000E+00       3.273100E+21
5.627100E+00       2.771900E+21
5.893200E+00       2.314000E+21
6.171900E+00       1.901600E+21
6.463800E+00       1.536300E+21
6.769500E+00       1.218500E+21
7.089600E+00       9.472300E+20
7.424900E+00       7.205200E+20
7.776000E+00       5.352200E+20
8.143700E+00       3.872500E+20
8.528800E+00       2.715600E+20
8.932200E+00       1.841600E+20
9.354600E+00       1.230100E+20
9.796900E+00       8.020700E+19
1.026000E+01       5.088400E+19
1.074500E+01       3.132600E+19
1.125400E+01       1.867400E+19
1.178600E+01       1.075300E+19
1.234300E+01       5.966700E+18
1.292700E+01       3.183300E+18
1.353800E+01       1.628900E+18
1.417800E+01       7.975200E+17
1.484900E+01       3.726200E+17
1.555100E+01       1.656800E+17
1.628600E+01       6.990200E+16
1.705700E+01       2.789900E+16
1.786300E+01       1.049800E+16
1.870800E+01       3.711500E+15
1.959300E+01       1.228200E+15
2.051900E+01       3.789300E+14
2.149000E+01       1.085600E+14
2.250600E+01       2.875900E+13
2.357000E+01       7.015700E+12
2.468500E+01       1.569900E+12
2.585200E+01       3.211000E+11
2.707500E+01       5.986700E+10
2.835500E+01       1.015400E+10
2.969600E+01       1.564600E+09
3.110000E+01       2.188300E+08
3.257100E+01       2.777600E+07
3.411100E+01       3.208300E+06
3.572400E+01       3.344700E+05
3.741400E+01       2.850600E+04
3.918300E+01       2.085700E+03
4.103600E+01       2.072500E+06
4.297600E+01       1.514500E+05
4.500900E+01       2.342500E+04
4.713700E+01       1.859900E+04
4.936600E+01       1.834600E+03
5.170100E+01       0.000000E+00
5.414600E+01       0.000000E+00
5.670600E+01       0.000000E+00
5.938800E+01       0.000000E+00
6.219700E+01       0.000000E+00
6.513800E+01       0.000000E+00
6.821800E+01       0.000000E+00
7.144400E+01       0.000000E+00
7.482300E+01       0.000000E+00
7.836100E+01       0.000000E+00
8.206700E+01       0.000000E+00
8.594800E+01       0.000000E+00
9.001200E+01       0.000000E+00
9.426900E+01       0.000000E+00
9.872700E+01       0.000000E+00
1.034000E+02       0.000000E+00
1.082900E+02       0.000000E+00
1.134100E+02       0.000000E+00
1.187700E+02       0.000000E+00
1.243900E+02       0.000000E+00
1.302700E+02       0.000000E+00
1.364300E+02       0.000000E+00
1.428800E+02       0.000000E+00
1.496400E+02       0.000000E+00
1.567100E+02       0.000000E+00
1.641200E+02       0.000000E+00
1.718800E+02       0.000000E+00
1.800100E+02       0.000000E+00
1.885300E+02       0.000000E+00
1.974400E+02       0.000000E+00
2.067800E+02       0.000000E+00
2.165600E+02       0.000000E+00
2.268000E+02       0.000000E+00
2.375200E+02       0.000000E+00
2.487600E+02       0.000000E+00
2.605200E+02       0.000000E+00
2.728400E+02       0.000000E+00
2.857400E+02       0.000000E+00
2.992500E+02       0.000000E+00
3.134100E+02       0.000000E+00
3.282300E+02       0.000000E+00
3.437500E+02       0.000000E+00
3.600000E+02       0.000000E+00
3.770300E+02       0.000000E+00
3.948600E+02       0.000000E+00
4.135300E+02       0.000000E+00
