1.253500E-03       7.995800E+17
1.312700E-03       8.766300E+17
1.374800E-03       9.610900E+17
1.439800E-03       1.053700E+18
1.507900E-03       1.155300E+18
1.579200E-03       1.266400E+18
1.653900E-03       1.388500E+18
1.732100E-03       1.522300E+18
1.814000E-03       1.668900E+18
1.899800E-03       1.829800E+18
1.989700E-03       2.006200E+18
2.083800E-03       2.199600E+18
2.182300E-03       2.411500E+18
2.285500E-03       2.644000E+18
2.393600E-03       2.898800E+18
2.506800E-03       3.178200E+18
2.625300E-03       3.484400E+18
2.749500E-03       3.820100E+18
2.879500E-03       4.188000E+18
3.015700E-03       4.591200E+18
3.158300E-03       5.033100E+18
3.307600E-03       5.518100E+18
3.464100E-03       6.049000E+18
3.627900E-03       6.631400E+18
3.799400E-03       7.268800E+18
3.979100E-03       7.967200E+18
4.167300E-03       8.732400E+18
4.364400E-03       9.570800E+18
4.570700E-03       1.048900E+19
4.786900E-03       1.149600E+19
5.013300E-03       1.259800E+19
5.250300E-03       1.380600E+19
5.498600E-03       1.512900E+19
5.758700E-03       1.657800E+19
6.031000E-03       1.816600E+19
6.316200E-03       1.990400E+19
6.614900E-03       2.180900E+19
6.927700E-03       2.389300E+19
7.255300E-03       2.617500E+19
7.598400E-03       2.867400E+19
7.957700E-03       3.140900E+19
8.334100E-03       3.440200E+19
8.728200E-03       3.767900E+19
9.140900E-03       4.126500E+19
9.573200E-03       4.519000E+19
1.002600E-02       4.948500E+19
1.050000E-02       5.418400E+19
1.099700E-02       5.932500E+19
1.151700E-02       6.495000E+19
1.206100E-02       7.110300E+19
1.263200E-02       7.783400E+19
1.322900E-02       8.520000E+19
1.385500E-02       9.324600E+19
1.451000E-02       1.020500E+20
1.519600E-02       1.116700E+20
1.591400E-02       1.221800E+20
1.666700E-02       1.336700E+20
1.745500E-02       1.462100E+20
1.828100E-02       1.599200E+20
1.914500E-02       1.748800E+20
2.005100E-02       1.912200E+20
2.099900E-02       2.090500E+20
2.199200E-02       2.285100E+20
2.303200E-02       2.497300E+20
2.412100E-02       2.728900E+20
2.526200E-02       2.981400E+20
2.645600E-02       3.256700E+20
2.770700E-02       3.556800E+20
2.901800E-02       3.883800E+20
3.039000E-02       4.240000E+20
3.182700E-02       4.628000E+20
3.333200E-02       5.050500E+20
3.490800E-02       5.510300E+20
3.655900E-02       6.010800E+20
3.828800E-02       6.555200E+20
4.009900E-02       7.147300E+20
4.199500E-02       7.791000E+20
4.398100E-02       8.490700E+20
4.606100E-02       9.250900E+20
4.823900E-02       1.007700E+21
5.052000E-02       1.097300E+21
5.290900E-02       1.194700E+21
5.541100E-02       1.300200E+21
5.803200E-02       1.414800E+21
6.077600E-02       1.539000E+21
6.365000E-02       1.673500E+21
6.666000E-02       1.819200E+21
6.981300E-02       1.976900E+21
7.311400E-02       2.147700E+21
7.657100E-02       2.332300E+21
8.019300E-02       2.532000E+21
8.398500E-02       2.747800E+21
8.795600E-02       2.980800E+21
9.211600E-02       3.232400E+21
9.647200E-02       3.503800E+21
1.010300E-01       3.796500E+21
1.058100E-01       4.111900E+21
1.108200E-01       4.451600E+21
1.160600E-01       4.817100E+21
1.215400E-01       5.210400E+21
1.272900E-01       5.633100E+21
1.333100E-01       6.087200E+21
1.396200E-01       6.574700E+21
1.462200E-01       7.097700E+21
1.531300E-01       7.658400E+21
1.603800E-01       8.259100E+21
1.679600E-01       8.902300E+21
1.759000E-01       9.590300E+21
1.842200E-01       1.032600E+22
1.929300E-01       1.111200E+22
2.020600E-01       1.195100E+22
2.116100E-01       1.284600E+22
2.216200E-01       1.380000E+22
2.321000E-01       1.481600E+22
2.430700E-01       1.589700E+22
2.545700E-01       1.704700E+22
2.666100E-01       1.826900E+22
2.792200E-01       1.956500E+22
2.924200E-01       2.094000E+22
3.062500E-01       2.239700E+22
3.207300E-01       2.393900E+22
3.359000E-01       2.557000E+22
3.517800E-01       2.729200E+22
3.684200E-01       2.911000E+22
3.858400E-01       3.102600E+22
4.040900E-01       3.304300E+22
4.232000E-01       3.516600E+22
4.432100E-01       3.739600E+22
4.641700E-01       3.973800E+22
4.861200E-01       4.219500E+22
5.091100E-01       4.476900E+22
5.331800E-01       4.746400E+22
5.584000E-01       5.028400E+22
5.848000E-01       5.323300E+22
6.124600E-01       5.631400E+22
6.414200E-01       5.953300E+22
6.717500E-01       6.289400E+22
7.035200E-01       6.640400E+22
7.367900E-01       7.007000E+22
7.716300E-01       7.389900E+22
8.081200E-01       7.790100E+22
8.463400E-01       8.208500E+22
8.863600E-01       8.646200E+22
9.282800E-01       9.104300E+22
9.721800E-01       9.584100E+22
1.018200E+00       1.008700E+23
1.066300E+00       1.061600E+23
1.116700E+00       1.117100E+23
1.169500E+00       1.175700E+23
1.224800E+00       1.237500E+23
1.282800E+00       1.302800E+23
1.343400E+00       1.372000E+23
1.407000E+00       1.445400E+23
1.473500E+00       1.523400E+23
1.543200E+00       1.606400E+23
1.616200E+00       1.694800E+23
1.692600E+00       1.789200E+23
1.772600E+00       1.890100E+23
1.856400E+00       1.998000E+23
1.944200E+00       2.113600E+23
2.036200E+00       2.237400E+23
2.132500E+00       2.370000E+23
2.233300E+00       2.512200E+23
2.338900E+00       2.664500E+23
2.449500E+00       2.827600E+23
2.565400E+00       3.002200E+23
2.686700E+00       3.188900E+23
2.813700E+00       3.388300E+23
2.946800E+00       3.601000E+23
3.086200E+00       3.827300E+23
3.232100E+00       4.067700E+23
3.384900E+00       4.322400E+23
3.545000E+00       4.591600E+23
3.712700E+00       4.875100E+23
3.888200E+00       5.172800E+23
4.072100E+00       5.484100E+23
4.264700E+00       5.808200E+23
4.466400E+00       6.144100E+23
4.677600E+00       6.490400E+23
4.898800E+00       6.845300E+23
5.130400E+00       7.206600E+23
5.373000E+00       7.571700E+23
5.627100E+00       7.937500E+23
5.893200E+00       8.300500E+23
6.171900E+00       8.656800E+23
6.463800E+00       9.002000E+23
6.769500E+00       9.331300E+23
7.089600E+00       9.639500E+23
7.424900E+00       9.921200E+23
7.776000E+00       1.017100E+24
8.143700E+00       1.038300E+24
8.528800E+00       1.055100E+24
8.932200E+00       1.067000E+24
9.354600E+00       1.073500E+24
9.796900E+00       1.074200E+24
1.026000E+01       1.068500E+24
1.074500E+01       1.056400E+24
1.125400E+01       1.037600E+24
1.178600E+01       1.012000E+24
1.234300E+01       9.799200E+23
1.292700E+01       9.415500E+23
1.353800E+01       8.973400E+23
1.417800E+01       8.478900E+23
1.484900E+01       7.939500E+23
1.555100E+01       7.364000E+23
1.628600E+01       6.761900E+23
1.705700E+01       6.143900E+23
1.786300E+01       5.520700E+23
1.870800E+01       4.903100E+23
1.959300E+01       4.301400E+23
2.051900E+01       3.725200E+23
2.149000E+01       3.182700E+23
2.250600E+01       2.680700E+23
2.357000E+01       2.224300E+23
2.468500E+01       1.816800E+23
2.585200E+01       1.459700E+23
2.707500E+01       1.152500E+23
2.835500E+01       8.935700E+22
2.969600E+01       6.796600E+22
3.110000E+01       5.066500E+22
3.257100E+01       3.697700E+22
3.411100E+01       2.639300E+22
3.572400E+01       1.840300E+22
3.741400E+01       1.252000E+22
3.918300E+01       8.300000E+21
4.103600E+01       5.354200E+21
4.297600E+01       3.356100E+21
4.500900E+01       2.040900E+21
4.713700E+01       1.202000E+21
4.936600E+01       6.844500E+20
5.170100E+01       3.760800E+20
5.414600E+01       1.989900E+20
5.670600E+01       1.011600E+20
5.938800E+01       4.928700E+19
6.219700E+01       2.295600E+19
6.513800E+01       1.019100E+19
6.821800E+01       4.298100E+18
7.144400E+01       1.716200E+18
7.482300E+01       6.462100E+17
7.836100E+01       2.284400E+17
8.206700E+01       7.543300E+16
8.594800E+01       2.313600E+16
9.001200E+01       6.547200E+15
9.426900E+01       1.696400E+15
9.872700E+01       3.988000E+14
1.034000E+02       8.412500E+13
1.082900E+02       1.571000E+13
1.134100E+02       2.553400E+12
1.187700E+02       3.533600E+11
1.243900E+02       4.043300E+10
1.302700E+02       3.674200E+09
1.364300E+02       2.507400E+08
1.428800E+02       1.197900E+07
1.496400E+02       4.471200E+05
1.567100E+02       2.999700E+04
1.641200E+02       2.690700E+03
1.718800E+02       1.531100E+02
1.800100E+02       3.251000E+01
1.885300E+02       1.811300E-01
1.974400E+02       0.000000E+00
2.067800E+02       0.000000E+00
2.165600E+02       0.000000E+00
2.268000E+02       0.000000E+00
2.375200E+02       0.000000E+00
2.487600E+02       0.000000E+00
2.605200E+02       0.000000E+00
2.728400E+02       0.000000E+00
2.857400E+02       0.000000E+00
2.992500E+02       0.000000E+00
3.134100E+02       0.000000E+00
3.282300E+02       0.000000E+00
3.437500E+02       0.000000E+00
3.600000E+02       0.000000E+00
3.770300E+02       0.000000E+00
3.948600E+02       0.000000E+00
4.135300E+02       0.000000E+00
