1.253500E-03       7.683600E+16
1.312700E-03       8.410200E+16
1.374800E-03       9.205700E+16
1.439800E-03       1.007700E+17
1.507900E-03       1.103000E+17
1.579200E-03       1.207600E+17
1.653900E-03       1.321900E+17
1.732100E-03       1.447000E+17
1.814000E-03       1.584000E+17
1.899800E-03       1.734000E+17
1.989700E-03       1.898200E+17
2.083800E-03       2.077900E+17
2.182300E-03       2.274800E+17
2.285500E-03       2.490300E+17
2.393600E-03       2.726200E+17
2.506800E-03       2.984500E+17
2.625300E-03       3.267300E+17
2.749500E-03       3.576900E+17
2.879500E-03       3.915900E+17
3.015700E-03       4.287000E+17
3.158300E-03       4.693200E+17
3.307600E-03       5.138000E+17
3.464100E-03       5.628600E+17
3.627900E-03       6.161700E+17
3.799400E-03       6.745400E+17
3.979100E-03       7.384400E+17
4.167300E-03       8.083900E+17
4.364400E-03       8.849700E+17
4.570700E-03       9.687900E+17
4.786900E-03       1.060600E+18
5.013300E-03       1.161000E+18
5.250300E-03       1.270900E+18
5.498600E-03       1.391300E+18
5.758700E-03       1.523000E+18
6.031000E-03       1.667200E+18
6.316200E-03       1.825300E+18
6.614900E-03       1.998100E+18
6.927700E-03       2.187200E+18
7.255300E-03       2.394100E+18
7.598400E-03       2.620600E+18
7.957700E-03       2.868400E+18
8.334100E-03       3.139700E+18
8.728200E-03       3.436500E+18
9.140900E-03       3.761300E+18
9.573200E-03       4.116700E+18
1.002600E-02       4.505600E+18
1.050000E-02       4.931100E+18
1.099700E-02       5.396600E+18
1.151700E-02       5.905900E+18
1.206100E-02       6.463100E+18
1.263200E-02       7.072700E+18
1.322900E-02       7.739500E+18
1.385500E-02       8.475500E+18
1.451000E-02       9.273900E+18
1.519600E-02       1.014700E+19
1.591400E-02       1.110200E+19
1.666700E-02       1.214700E+19
1.745500E-02       1.328900E+19
1.828100E-02       1.453700E+19
1.914500E-02       1.590300E+19
2.005100E-02       1.739500E+19
2.099900E-02       1.902700E+19
2.199200E-02       2.081100E+19
2.303200E-02       2.276000E+19
2.412100E-02       2.489000E+19
2.526200E-02       2.721900E+19
2.645600E-02       2.976200E+19
2.770700E-02       3.254200E+19
2.901800E-02       3.557800E+19
3.039000E-02       3.889500E+19
3.182700E-02       4.251700E+19
3.333200E-02       4.647200E+19
3.490800E-02       5.079100E+19
3.655900E-02       5.550700E+19
3.828800E-02       6.065400E+19
4.009900E-02       6.627100E+19
4.199500E-02       7.240100E+19
4.398100E-02       7.908900E+19
4.606100E-02       8.638400E+19
4.823900E-02       9.434000E+19
5.052000E-02       1.030200E+20
5.290900E-02       1.124700E+20
5.541100E-02       1.227800E+20
5.803200E-02       1.340100E+20
6.077600E-02       1.462400E+20
6.365000E-02       1.595500E+20
6.666000E-02       1.740500E+20
6.981300E-02       1.898300E+20
7.311400E-02       2.070000E+20
7.657100E-02       2.256700E+20
8.019300E-02       2.459600E+20
8.398500E-02       2.680200E+20
8.795600E-02       2.919900E+20
9.211600E-02       3.180100E+20
9.647200E-02       3.462600E+20
1.010300E-01       3.769100E+20
1.058100E-01       4.101400E+20
1.108200E-01       4.461600E+20
1.160600E-01       4.851900E+20
1.215400E-01       5.274400E+20
1.272900E-01       5.731500E+20
1.333100E-01       6.225800E+20
1.396200E-01       6.760000E+20
1.462200E-01       7.336900E+20
1.531300E-01       7.959500E+20
1.603800E-01       8.630800E+20
1.679600E-01       9.354100E+20
1.759000E-01       1.013300E+21
1.842200E-01       1.097100E+21
1.929300E-01       1.187100E+21
2.020600E-01       1.283700E+21
2.116100E-01       1.387400E+21
2.216200E-01       1.498500E+21
2.321000E-01       1.617400E+21
2.430700E-01       1.744500E+21
2.545700E-01       1.880200E+21
2.666100E-01       2.024900E+21
2.792200E-01       2.179100E+21
2.924200E-01       2.343200E+21
3.062500E-01       2.517400E+21
3.207300E-01       2.702200E+21
3.359000E-01       2.897900E+21
3.517800E-01       3.104900E+21
3.684200E-01       3.323300E+21
3.858400E-01       3.553500E+21
4.040900E-01       3.795700E+21
4.232000E-01       4.050000E+21
4.432100E-01       4.316400E+21
4.641700E-01       4.595100E+21
4.861200E-01       4.886500E+21
5.091100E-01       5.152100E+21
5.331800E-01       5.460900E+21
5.584000E-01       5.781100E+21
5.848000E-01       6.111500E+21
6.124600E-01       6.451500E+21
6.414200E-01       6.801000E+21
6.717500E-01       7.108700E+21
7.035200E-01       7.468000E+21
7.367900E-01       7.824100E+21
7.716300E-01       8.175500E+21
8.081200E-01       8.541800E+21
8.463400E-01       8.918900E+21
8.863600E-01       8.133500E+21
9.282800E-01       8.404700E+21
9.721800E-01       8.663400E+21
1.018200E+00       8.910300E+21
1.066300E+00       9.144200E+21
1.116700E+00       9.362300E+21
1.169500E+00       9.551700E+21
1.224800E+00       9.651900E+21
1.282800E+00       9.803600E+21
1.343400E+00       9.911500E+21
1.407000E+00       8.549400E+21
1.473500E+00       8.561800E+21
1.543200E+00       8.570300E+21
1.616200E+00       8.551200E+21
1.692600E+00       8.415500E+21
1.772600E+00       7.625900E+21
1.856400E+00       6.658800E+21
1.944200E+00       6.409800E+21
2.036200E+00       4.572000E+21
2.132500E+00       3.919000E+21
2.233300E+00       3.720800E+21
2.338900E+00       3.422100E+21
2.449500E+00       2.226500E+21
2.565400E+00       2.074100E+21
2.686700E+00       1.614200E+21
2.813700E+00       1.500100E+21
2.946800E+00       1.398900E+21
3.086200E+00       1.286500E+21
3.232100E+00       8.454900E+20
3.384900E+00       7.657300E+20
3.545000E+00       6.798900E+20
3.712700E+00       6.182700E+20
3.888200E+00       5.600800E+20
4.072100E+00       4.989900E+20
4.264700E+00       4.072400E+20
4.466400E+00       3.588600E+20
4.677600E+00       3.147700E+20
4.898800E+00       2.706100E+20
5.130400E+00       2.093200E+20
5.373000E+00       1.762300E+20
5.627100E+00       1.479500E+20
5.893200E+00       1.228600E+20
6.171900E+00       1.006300E+20
6.463800E+00       8.114000E+19
6.769500E+00       6.424200E+19
7.089600E+00       4.972500E+19
7.424900E+00       3.730400E+19
7.776000E+00       2.662100E+19
8.143700E+00       1.723800E+19
8.528800E+00       7.865300E+18
8.932200E+00       1.484800E+18
9.354600E+00       6.696000E+17
9.796900E+00       3.839000E+17
1.026000E+01       2.363800E+17
1.074500E+01       1.474100E+17
1.125400E+01       9.174600E+16
1.178600E+01       5.572000E+16
1.234300E+01       3.276200E+16
1.292700E+01       1.855600E+16
1.353800E+01       1.008000E+16
1.417800E+01       5.230200E+15
1.484900E+01       2.580500E+15
1.555100E+01       1.205100E+15
1.628600E+01       5.301700E+14
1.705700E+01       2.186100E+14
1.786300E+01       8.403700E+13
1.870800E+01       2.995200E+13
1.959300E+01       9.840100E+12
2.051900E+01       2.961800E+12
2.149000E+01       8.115700E+11
2.250600E+01       2.011500E+11
2.357000E+01       4.481000E+10
2.468500E+01       8.918400E+09
2.585200E+01       1.578000E+09
2.707500E+01       2.474000E+08
2.835500E+01       3.431900E+07
2.969600E+01       4.213800E+06
3.110000E+01       4.593500E+05
3.257100E+01       4.482700E+04
3.411100E+01       3.719900E+03
3.572400E+01       2.355400E+02
3.741400E+01       3.255600E+01
3.918300E+01       1.591800E+01
4.103600E+01       2.134900E+00
4.297600E+01       0.000000E+00
4.500900E+01       0.000000E+00
4.713700E+01       0.000000E+00
4.936600E+01       0.000000E+00
5.170100E+01       0.000000E+00
5.414600E+01       0.000000E+00
5.670600E+01       0.000000E+00
5.938800E+01       0.000000E+00
6.219700E+01       0.000000E+00
6.513800E+01       0.000000E+00
6.821800E+01       0.000000E+00
7.144400E+01       0.000000E+00
7.482300E+01       0.000000E+00
7.836100E+01       0.000000E+00
8.206700E+01       0.000000E+00
8.594800E+01       0.000000E+00
9.001200E+01       0.000000E+00
9.426900E+01       0.000000E+00
9.872700E+01       0.000000E+00
1.034000E+02       0.000000E+00
1.082900E+02       0.000000E+00
1.134100E+02       0.000000E+00
1.187700E+02       0.000000E+00
1.243900E+02       0.000000E+00
1.302700E+02       0.000000E+00
1.364300E+02       0.000000E+00
1.428800E+02       0.000000E+00
1.496400E+02       0.000000E+00
1.567100E+02       0.000000E+00
1.641200E+02       0.000000E+00
1.718800E+02       0.000000E+00
1.800100E+02       0.000000E+00
1.885300E+02       0.000000E+00
1.974400E+02       0.000000E+00
2.067800E+02       0.000000E+00
2.165600E+02       0.000000E+00
2.268000E+02       0.000000E+00
2.375200E+02       0.000000E+00
2.487600E+02       0.000000E+00
2.605200E+02       0.000000E+00
2.728400E+02       0.000000E+00
2.857400E+02       0.000000E+00
2.992500E+02       0.000000E+00
3.134100E+02       0.000000E+00
3.282300E+02       0.000000E+00
3.437500E+02       0.000000E+00
3.600000E+02       0.000000E+00
3.770300E+02       0.000000E+00
3.948600E+02       0.000000E+00
4.135300E+02       0.000000E+00
