1.253500E-03       7.300000E+17
1.312700E-03       8.006000E+17
1.374800E-03       8.780100E+17
1.439800E-03       9.629100E+17
1.507900E-03       1.056000E+18
1.579200E-03       1.158000E+18
1.653900E-03       1.270000E+18
1.732100E-03       1.392800E+18
1.814000E-03       1.527500E+18
1.899800E-03       1.675100E+18
1.989700E-03       1.837100E+18
2.083800E-03       2.014700E+18
2.182300E-03       2.209400E+18
2.285500E-03       2.422900E+18
2.393600E-03       2.657000E+18
2.506800E-03       2.913600E+18
2.625300E-03       3.195000E+18
2.749500E-03       3.503400E+18
2.879500E-03       3.841400E+18
3.015700E-03       4.212000E+18
3.158300E-03       4.618100E+18
3.307600E-03       5.063500E+18
3.464100E-03       5.550600E+18
3.627900E-03       6.085500E+18
3.799400E-03       6.671400E+18
3.979100E-03       7.313500E+18
4.167300E-03       8.017100E+18
4.364400E-03       8.788200E+18
4.570700E-03       9.633200E+18
4.786900E-03       1.055900E+19
5.013300E-03       1.157400E+19
5.250300E-03       1.268600E+19
5.498600E-03       1.390500E+19
5.758700E-03       1.524000E+19
6.031000E-03       1.670400E+19
6.316200E-03       1.830700E+19
6.614900E-03       2.006400E+19
6.927700E-03       2.199000E+19
7.255300E-03       2.410100E+19
7.598400E-03       2.641400E+19
7.957700E-03       2.894900E+19
8.334100E-03       3.172700E+19
8.728200E-03       3.477100E+19
9.140900E-03       3.810800E+19
9.573200E-03       4.176400E+19
1.002600E-02       4.577100E+19
1.050000E-02       5.016100E+19
1.099700E-02       5.497100E+19
1.151700E-02       6.024000E+19
1.206100E-02       6.601300E+19
1.263200E-02       7.233600E+19
1.322900E-02       7.926800E+19
1.385500E-02       8.687200E+19
1.451000E-02       9.518800E+19
1.519600E-02       1.042900E+20
1.591400E-02       1.142400E+20
1.666700E-02       1.251400E+20
1.745500E-02       1.370700E+20
1.828100E-02       1.501200E+20
1.914500E-02       1.644000E+20
2.005100E-02       1.800100E+20
2.099900E-02       1.970900E+20
2.199200E-02       2.157600E+20
2.303200E-02       2.361700E+20
2.412100E-02       2.584800E+20
2.526200E-02       2.828500E+20
2.645600E-02       3.094800E+20
2.770700E-02       3.385700E+20
2.901800E-02       3.703500E+20
3.039000E-02       4.050400E+20
3.182700E-02       4.429200E+20
3.333200E-02       4.842700E+20
3.490800E-02       5.294100E+20
3.655900E-02       5.786700E+20
3.828800E-02       6.324300E+20
4.009900E-02       6.910900E+20
4.199500E-02       7.550800E+20
4.398100E-02       8.248800E+20
4.606100E-02       9.010200E+20
4.823900E-02       9.840500E+20
5.052000E-02       1.074600E+21
5.290900E-02       1.173400E+21
5.541100E-02       1.281000E+21
5.803200E-02       1.398300E+21
6.077600E-02       1.526000E+21
6.365000E-02       1.665200E+21
6.666000E-02       1.816700E+21
6.981300E-02       1.981700E+21
7.311400E-02       2.161200E+21
7.657100E-02       2.356600E+21
8.019300E-02       2.569100E+21
8.398500E-02       2.800200E+21
8.795600E-02       3.051500E+21
9.211600E-02       3.324700E+21
9.647200E-02       3.621600E+21
1.010300E-01       3.944100E+21
1.058100E-01       4.294400E+21
1.108200E-01       4.674800E+21
1.160600E-01       5.087800E+21
1.215400E-01       5.536000E+21
1.272900E-01       6.022300E+21
1.333100E-01       6.549800E+21
1.396200E-01       7.121900E+21
1.462200E-01       7.742200E+21
1.531300E-01       8.414400E+21
1.603800E-01       9.142800E+21
1.679600E-01       9.931800E+21
1.759000E-01       1.078600E+22
1.842200E-01       1.171100E+22
1.929300E-01       1.271200E+22
2.020600E-01       1.379500E+22
2.116100E-01       1.496700E+22
2.216200E-01       1.623300E+22
2.321000E-01       1.760200E+22
2.430700E-01       1.908000E+22
2.545700E-01       2.067600E+22
2.666100E-01       2.239900E+22
2.792200E-01       2.425700E+22
2.924200E-01       2.626100E+22
3.062500E-01       2.842000E+22
3.207300E-01       3.074600E+22
3.359000E-01       3.324900E+22
3.517800E-01       3.594100E+22
3.684200E-01       3.883500E+22
3.858400E-01       4.194500E+22
4.040900E-01       4.528300E+22
4.232000E-01       4.886400E+22
4.432100E-01       5.270300E+22
4.641700E-01       5.681700E+22
4.861200E-01       6.122000E+22
5.091100E-01       6.592700E+22
5.331800E-01       7.095900E+22
5.584000E-01       7.632900E+22
5.848000E-01       8.205600E+22
6.124600E-01       8.815600E+22
6.414200E-01       9.465000E+22
6.717500E-01       1.015500E+23
7.035200E-01       1.088900E+23
7.367900E-01       1.166700E+23
7.716300E-01       1.249200E+23
8.081200E-01       1.336500E+23
8.463400E-01       1.429000E+23
8.863600E-01       1.526400E+23
9.282800E-01       1.629300E+23
9.721800E-01       1.737500E+23
1.018200E+00       1.851000E+23
1.066300E+00       1.970100E+23
1.116700E+00       2.094900E+23
1.169500E+00       2.225500E+23
1.224800E+00       2.362100E+23
1.282800E+00       2.504700E+23
1.343400E+00       2.653600E+23
1.407000E+00       2.808600E+23
1.473500E+00       2.970100E+23
1.543200E+00       3.138100E+23
1.616200E+00       3.312700E+23
1.692600E+00       3.494100E+23
1.772600E+00       3.682700E+23
1.856400E+00       3.878800E+23
1.944200E+00       4.082800E+23
2.036200E+00       4.294800E+23
2.132500E+00       4.515400E+23
2.233300E+00       4.745000E+23
2.338900E+00       4.984000E+23
2.449500E+00       5.233000E+23
2.565400E+00       5.492800E+23
2.686700E+00       5.763600E+23
2.813700E+00       6.046100E+23
2.946800E+00       6.340400E+23
3.086200E+00       6.647200E+23
3.232100E+00       6.966900E+23
3.384900E+00       7.299900E+23
3.545000E+00       7.646100E+23
3.712700E+00       8.005400E+23
3.888200E+00       8.377500E+23
4.072100E+00       8.761700E+23
4.264700E+00       9.157100E+23
4.466400E+00       9.562300E+23
4.677600E+00       9.975600E+23
4.898800E+00       1.039500E+24
5.130400E+00       1.081700E+24
5.373000E+00       1.123800E+24
5.627100E+00       1.165600E+24
5.893200E+00       1.206400E+24
6.171900E+00       1.245800E+24
6.463800E+00       1.283200E+24
6.769500E+00       1.318000E+24
7.089600E+00       1.349500E+24
7.424900E+00       1.377000E+24
7.776000E+00       1.399700E+24
8.143700E+00       1.417000E+24
8.528800E+00       1.428200E+24
8.932200E+00       1.432500E+24
9.354600E+00       1.428900E+24
9.796900E+00       1.417300E+24
1.026000E+01       1.396900E+24
1.074500E+01       1.367500E+24
1.125400E+01       1.329300E+24
1.178600E+01       1.282400E+24
1.234300E+01       1.227500E+24
1.292700E+01       1.165100E+24
1.353800E+01       1.096100E+24
1.417800E+01       1.021500E+24
1.484900E+01       9.426100E+23
1.555100E+01       8.607500E+23
1.628600E+01       7.773600E+23
1.705700E+01       6.939000E+23
1.786300E+01       6.118200E+23
1.870800E+01       5.325000E+23
1.959300E+01       4.571600E+23
2.051900E+01       3.868700E+23
2.149000E+01       3.224700E+23
2.250600E+01       2.645300E+23
2.357000E+01       2.133800E+23
2.468500E+01       1.691200E+23
2.585200E+01       1.315700E+23
2.707500E+01       1.003700E+23
2.835500E+01       7.502100E+22
2.969600E+01       5.487300E+22
3.110000E+01       3.923600E+22
3.257100E+01       2.739200E+22
3.411100E+01       1.864900E+22
3.572400E+01       1.236600E+22
3.741400E+01       7.974600E+21
3.918300E+01       4.994400E+21
4.103600E+01       3.032900E+21
4.297600E+01       1.782900E+21
4.500900E+01       1.012900E+21
4.713700E+01       5.549800E+20
4.936600E+01       2.927300E+20
5.170100E+01       1.483200E+20
5.414600E+01       7.202700E+19
5.670600E+01       3.344200E+19
5.938800E+01       1.480700E+19
6.219700E+01       6.234800E+18
6.513800E+01       2.489400E+18
6.821800E+01       9.395200E+17
7.144400E+01       3.340800E+17
7.482300E+01       1.115400E+17
7.836100E+01       3.484300E+16
8.206700E+01       1.014800E+16
8.594800E+01       2.746500E+15
9.001200E+01       6.887200E+14
9.426900E+01       1.596600E+14
9.872700E+01       3.418100E+13
1.034000E+02       6.758600E+12
1.082900E+02       1.237000E+12
1.134100E+02       2.111000E+11
1.187700E+02       3.403000E+10
1.243900E+02       6.174800E+09
1.302700E+02       1.965100E+08
1.364300E+02       3.615400E+07
1.428800E+02       1.003800E+07
1.496400E+02       1.407900E+06
1.567100E+02       1.881200E+05
1.641200E+02       1.580500E+04
1.718800E+02       1.353200E+03
1.800100E+02       3.683300E+02
1.885300E+02       4.301000E+00
1.974400E+02       0.000000E+00
2.067800E+02       0.000000E+00
2.165600E+02       0.000000E+00
2.268000E+02       0.000000E+00
2.375200E+02       0.000000E+00
2.487600E+02       0.000000E+00
2.605200E+02       0.000000E+00
2.728400E+02       0.000000E+00
2.857400E+02       0.000000E+00
2.992500E+02       0.000000E+00
3.134100E+02       0.000000E+00
3.282300E+02       0.000000E+00
3.437500E+02       0.000000E+00
3.600000E+02       0.000000E+00
3.770300E+02       0.000000E+00
3.948600E+02       0.000000E+00
4.135300E+02       0.000000E+00
