1.253500E-03       6.157200E+17
1.312700E-03       6.751700E+17
1.374800E-03       7.403500E+17
1.439800E-03       8.118400E+17
1.507900E-03       8.902500E+17
1.579200E-03       9.760900E+17
1.653900E-03       1.070400E+18
1.732100E-03       1.173700E+18
1.814000E-03       1.287100E+18
1.899800E-03       1.411400E+18
1.989700E-03       1.547700E+18
2.083800E-03       1.697200E+18
2.182300E-03       1.861100E+18
2.285500E-03       2.040900E+18
2.393600E-03       2.238000E+18
2.506800E-03       2.454100E+18
2.625300E-03       2.691100E+18
2.749500E-03       2.950900E+18
2.879500E-03       3.235800E+18
3.015700E-03       3.548000E+18
3.158300E-03       3.890400E+18
3.307600E-03       4.266100E+18
3.464100E-03       4.677800E+18
3.627900E-03       5.129200E+18
3.799400E-03       5.623700E+18
3.979100E-03       6.165700E+18
4.167300E-03       6.759700E+18
4.364400E-03       7.410800E+18
4.570700E-03       8.124300E+18
4.786900E-03       8.906100E+18
5.013300E-03       9.762700E+18
5.250300E-03       1.070100E+19
5.498600E-03       1.172900E+19
5.758700E-03       1.285500E+19
6.031000E-03       1.408900E+19
6.316200E-03       1.544000E+19
6.614900E-03       1.691900E+19
6.927700E-03       1.853800E+19
7.255300E-03       2.031100E+19
7.598400E-03       2.225100E+19
7.957700E-03       2.437500E+19
8.334100E-03       2.670000E+19
8.728200E-03       2.924400E+19
9.140900E-03       3.202800E+19
9.573200E-03       3.507500E+19
1.002600E-02       3.840900E+19
1.050000E-02       4.205700E+19
1.099700E-02       4.604900E+19
1.151700E-02       5.041700E+19
1.206100E-02       5.519500E+19
1.263200E-02       6.042200E+19
1.322900E-02       6.614500E+19
1.385500E-02       7.240200E+19
1.451000E-02       7.924900E+19
1.519600E-02       8.673100E+19
1.591400E-02       9.491100E+19
1.666700E-02       1.038500E+20
1.745500E-02       1.136300E+20
1.828100E-02       1.243100E+20
1.914500E-02       1.359800E+20
2.005100E-02       1.487300E+20
2.099900E-02       1.626500E+20
2.199200E-02       1.778600E+20
2.303200E-02       1.944500E+20
2.412100E-02       2.125700E+20
2.526200E-02       2.323400E+20
2.645600E-02       2.539000E+20
2.770700E-02       2.774300E+20
2.901800E-02       3.030900E+20
3.039000E-02       3.310700E+20
3.182700E-02       3.615800E+20
3.333200E-02       3.948300E+20
3.490800E-02       4.310700E+20
3.655900E-02       4.705500E+20
3.828800E-02       5.135600E+20
4.009900E-02       5.603900E+20
4.199500E-02       6.113800E+20
4.398100E-02       6.668700E+20
4.606100E-02       7.272500E+20
4.823900E-02       7.929200E+20
5.052000E-02       8.643400E+20
5.290900E-02       9.420200E+20
5.541100E-02       1.026300E+21
5.803200E-02       1.118000E+21
6.077600E-02       1.217500E+21
6.365000E-02       1.325500E+21
6.666000E-02       1.442700E+21
6.981300E-02       1.569700E+21
7.311400E-02       1.707600E+21
7.657100E-02       1.857000E+21
8.019300E-02       2.018900E+21
8.398500E-02       2.194300E+21
8.795600E-02       2.384300E+21
9.211600E-02       2.590000E+21
9.647200E-02       2.812700E+21
1.010300E-01       3.053500E+21
1.058100E-01       3.314000E+21
1.108200E-01       3.595500E+21
1.160600E-01       3.899600E+21
1.215400E-01       4.228000E+21
1.272900E-01       4.582500E+21
1.333100E-01       4.964800E+21
1.396200E-01       5.377000E+21
1.462200E-01       5.821000E+21
1.531300E-01       6.299200E+21
1.603800E-01       6.813700E+21
1.679600E-01       7.367000E+21
1.759000E-01       7.961600E+21
1.842200E-01       8.600100E+21
1.929300E-01       9.285400E+21
2.020600E-01       1.002000E+22
2.116100E-01       1.080800E+22
2.216200E-01       1.165100E+22
2.321000E-01       1.255400E+22
2.430700E-01       1.351900E+22
2.545700E-01       1.455100E+22
2.666100E-01       1.565200E+22
2.792200E-01       1.682700E+22
2.924200E-01       1.807900E+22
3.062500E-01       1.941300E+22
3.207300E-01       2.083300E+22
3.359000E-01       2.234200E+22
3.517800E-01       2.394500E+22
3.684200E-01       2.564600E+22
3.858400E-01       2.745000E+22
4.040900E-01       2.936000E+22
4.232000E-01       3.138100E+22
4.432100E-01       3.351700E+22
4.641700E-01       3.577300E+22
4.861200E-01       3.815100E+22
5.091100E-01       4.065700E+22
5.331800E-01       4.329300E+22
5.584000E-01       4.606400E+22
5.848000E-01       4.897200E+22
6.124600E-01       5.202300E+22
6.414200E-01       5.521800E+22
6.717500E-01       5.856200E+22
7.035200E-01       6.205900E+22
7.367900E-01       6.571200E+22
7.716300E-01       6.952700E+22
8.081200E-01       7.350600E+22
8.463400E-01       7.765700E+22
8.863600E-01       8.198300E+22
9.282800E-01       8.649100E+22
9.721800E-01       9.118500E+22
1.018200E+00       9.607500E+22
1.066300E+00       1.011700E+23
1.116700E+00       1.064800E+23
1.169500E+00       1.120200E+23
1.224800E+00       1.178100E+23
1.282800E+00       1.238600E+23
1.343400E+00       1.301900E+23
1.407000E+00       1.368200E+23
1.473500E+00       1.437700E+23
1.543200E+00       1.510800E+23
1.616200E+00       1.587500E+23
1.692600E+00       1.668300E+23
1.772600E+00       1.753500E+23
1.856400E+00       1.843300E+23
1.944200E+00       1.938200E+23
2.036200E+00       2.038300E+23
2.132500E+00       2.144100E+23
2.233300E+00       2.255900E+23
2.338900E+00       2.373900E+23
2.449500E+00       2.498500E+23
2.565400E+00       2.629800E+23
2.686700E+00       2.768000E+23
2.813700E+00       2.913300E+23
2.946800E+00       3.065500E+23
3.086200E+00       3.224700E+23
3.232100E+00       3.390500E+23
3.384900E+00       3.562700E+23
3.545000E+00       3.740700E+23
3.712700E+00       3.923700E+23
3.888200E+00       4.110900E+23
4.072100E+00       4.301200E+23
4.264700E+00       4.493000E+23
4.466400E+00       4.684900E+23
4.677600E+00       4.874900E+23
4.898800E+00       5.060900E+23
5.130400E+00       5.240500E+23
5.373000E+00       5.411100E+23
5.627100E+00       5.569900E+23
5.893200E+00       5.713900E+23
6.171900E+00       5.839900E+23
6.463800E+00       5.944800E+23
6.769500E+00       6.025500E+23
7.089600E+00       6.078900E+23
7.424900E+00       6.102300E+23
7.776000E+00       6.093100E+23
8.143700E+00       6.049300E+23
8.528800E+00       5.969400E+23
8.932200E+00       5.852400E+23
9.354600E+00       5.698200E+23
9.796900E+00       5.507400E+23
1.026000E+01       5.281500E+23
1.074500E+01       5.023200E+23
1.125400E+01       4.736000E+23
1.178600E+01       4.424100E+23
1.234300E+01       4.092800E+23
1.292700E+01       3.747600E+23
1.353800E+01       3.394600E+23
1.417800E+01       3.039900E+23
1.484900E+01       2.689800E+23
1.555100E+01       2.350200E+23
1.628600E+01       2.026300E+23
1.705700E+01       1.722700E+23
1.786300E+01       1.443200E+23
1.870800E+01       1.190500E+23
1.959300E+01       9.662200E+22
2.051900E+01       7.708700E+22
2.149000E+01       6.040500E+22
2.250600E+01       4.644600E+22
2.357000E+01       3.501000E+22
2.468500E+01       2.584400E+22
2.585200E+01       1.866200E+22
2.707500E+01       1.316800E+22
2.835500E+01       9.068400E+21
2.969600E+01       6.087000E+21
3.110000E+01       3.977000E+21
3.257100E+01       2.525500E+21
3.411100E+01       1.556500E+21
3.572400E+01       9.293800E+20
3.741400E+01       5.367200E+20
3.918300E+01       2.992100E+20
4.103600E+01       1.607000E+20
4.297600E+01       8.296200E+19
4.500900E+01       4.107300E+19
4.713700E+01       1.945000E+19
4.936600E+01       8.784900E+18
5.170100E+01       3.772900E+18
5.414600E+01       1.535500E+18
5.670600E+01       5.899800E+17
5.938800E+01       2.131100E+17
6.219700E+01       7.203000E+16
6.513800E+01       2.266100E+16
6.821800E+01       6.595800E+15
7.144400E+01       1.764100E+15
7.482300E+01       4.301400E+14
7.836100E+01       9.474600E+13
8.206700E+01       1.865600E+13
8.594800E+01       3.244100E+12
9.001200E+01       4.916000E+11
9.426900E+01       6.403500E+10
9.872700E+01       7.098200E+09
1.034000E+02       6.784300E+08
1.082900E+02       5.473500E+07
1.134100E+02       5.976500E+06
1.187700E+02       6.303100E+05
1.243900E+02       9.283800E+04
1.302700E+02       4.782000E+03
1.364300E+02       3.326300E+02
1.428800E+02       2.023000E+01
1.496400E+02       8.586900E-01
1.567100E+02       3.383400E-02
1.641200E+02       2.488700E+06
1.718800E+02       3.379500E+05
1.800100E+02       2.982800E+04
1.885300E+02       1.623800E+03
1.974400E+02       0.000000E+00
2.067800E+02       0.000000E+00
2.165600E+02       0.000000E+00
2.268000E+02       0.000000E+00
2.375200E+02       0.000000E+00
2.487600E+02       0.000000E+00
2.605200E+02       0.000000E+00
2.728400E+02       0.000000E+00
2.857400E+02       0.000000E+00
2.992500E+02       0.000000E+00
3.134100E+02       0.000000E+00
3.282300E+02       0.000000E+00
3.437500E+02       0.000000E+00
3.600000E+02       0.000000E+00
3.770300E+02       0.000000E+00
3.948600E+02       0.000000E+00
4.135300E+02       0.000000E+00
