1.253500E-03       7.330000E+16
1.312700E-03       8.015700E+16
1.374800E-03       8.765600E+16
1.439800E-03       9.585600E+16
1.507900E-03       1.048200E+17
1.579200E-03       1.146600E+17
1.653900E-03       1.253800E+17
1.732100E-03       1.371000E+17
1.814000E-03       1.499300E+17
1.899800E-03       1.639500E+17
1.989700E-03       1.793000E+17
2.083800E-03       1.960800E+17
2.182300E-03       2.144500E+17
2.285500E-03       2.345500E+17
2.393600E-03       2.565400E+17
2.506800E-03       2.806100E+17
2.625300E-03       3.069600E+17
2.749500E-03       3.358100E+17
2.879500E-03       3.673800E+17
3.015700E-03       4.019500E+17
3.158300E-03       4.397800E+17
3.307600E-03       4.812000E+17
3.464100E-03       5.269700E+17
3.627900E-03       5.765900E+17
3.799400E-03       6.308900E+17
3.979100E-03       6.903100E+17
4.167300E-03       7.553200E+17
4.364400E-03       8.264400E+17
4.570700E-03       9.042500E+17
4.786900E-03       9.893600E+17
5.013300E-03       1.082400E+18
5.250300E-03       1.184300E+18
5.498600E-03       1.295600E+18
5.758700E-03       1.417400E+18
6.031000E-03       1.550600E+18
6.316200E-03       1.696600E+18
6.614900E-03       1.855900E+18
6.927700E-03       2.030100E+18
7.255300E-03       2.220600E+18
7.598400E-03       2.428800E+18
7.957700E-03       2.656600E+18
8.334100E-03       2.905600E+18
8.728200E-03       3.177800E+18
9.140900E-03       3.475500E+18
9.573200E-03       3.801000E+18
1.002600E-02       4.156800E+18
1.050000E-02       4.545800E+18
1.099700E-02       4.971100E+18
1.151700E-02       5.436000E+18
1.206100E-02       5.944200E+18
1.263200E-02       6.499800E+18
1.322900E-02       7.107000E+18
1.385500E-02       7.780000E+18
1.451000E-02       8.506500E+18
1.519600E-02       9.300400E+18
1.591400E-02       1.016800E+19
1.666700E-02       1.111600E+19
1.745500E-02       1.215300E+19
1.828100E-02       1.328500E+19
1.914500E-02       1.452200E+19
2.005100E-02       1.587400E+19
2.099900E-02       1.735100E+19
2.199200E-02       1.896400E+19
2.303200E-02       2.072600E+19
2.412100E-02       2.265100E+19
2.526200E-02       2.475400E+19
2.645600E-02       2.705000E+19
2.770700E-02       2.955700E+19
2.901800E-02       3.229500E+19
3.039000E-02       3.528400E+19
3.182700E-02       3.854700E+19
3.333200E-02       4.210800E+19
3.490800E-02       4.599500E+19
3.655900E-02       5.023600E+19
3.828800E-02       5.486400E+19
4.009900E-02       5.991200E+19
4.199500E-02       6.541800E+19
4.398100E-02       7.142300E+19
4.606100E-02       7.797000E+19
4.823900E-02       8.510700E+19
5.052000E-02       9.288500E+19
5.290900E-02       1.013600E+20
5.541100E-02       1.106000E+20
5.803200E-02       1.206500E+20
6.077600E-02       1.315900E+20
6.365000E-02       1.435000E+20
6.666000E-02       1.564600E+20
6.981300E-02       1.705500E+20
7.311400E-02       1.858800E+20
7.657100E-02       2.025400E+20
8.019300E-02       2.206400E+20
8.398500E-02       2.403000E+20
8.795600E-02       2.616500E+20
9.211600E-02       2.848200E+20
9.647200E-02       3.099500E+20
1.010300E-01       3.372000E+20
1.058100E-01       3.667300E+20
1.108200E-01       3.987200E+20
1.160600E-01       4.333500E+20
1.215400E-01       4.708100E+20
1.272900E-01       5.113100E+20
1.333100E-01       5.550700E+20
1.396200E-01       6.023200E+20
1.462200E-01       6.533100E+20
1.531300E-01       7.082800E+20
1.603800E-01       7.675100E+20
1.679600E-01       8.312500E+20
1.759000E-01       8.998200E+20
1.842200E-01       9.734900E+20
1.929300E-01       1.052600E+21
2.020600E-01       1.137400E+21
2.116100E-01       1.228200E+21
2.216200E-01       1.325500E+21
2.321000E-01       1.429400E+21
2.430700E-01       1.540300E+21
2.545700E-01       1.658500E+21
2.666100E-01       1.784400E+21
2.792200E-01       1.918300E+21
2.924200E-01       2.060400E+21
3.062500E-01       2.211000E+21
3.207300E-01       2.370400E+21
3.359000E-01       2.538800E+21
3.517800E-01       2.716400E+21
3.684200E-01       2.903200E+21
3.858400E-01       3.099400E+21
4.040900E-01       3.305200E+21
4.232000E-01       3.520400E+21
4.432100E-01       3.744900E+21
4.641700E-01       3.978500E+21
4.861200E-01       4.221300E+21
5.091100E-01       4.458700E+21
5.331800E-01       4.715700E+21
5.584000E-01       4.980500E+21
5.848000E-01       5.251900E+21
6.124600E-01       5.529100E+21
6.414200E-01       5.811300E+21
6.717500E-01       6.078800E+21
7.035200E-01       6.365600E+21
7.367900E-01       6.650100E+21
7.716300E-01       6.929000E+21
8.081200E-01       7.211900E+21
8.463400E-01       7.493700E+21
8.863600E-01       7.249100E+21
9.282800E-01       7.481900E+21
9.721800E-01       7.701500E+21
1.018200E+00       7.907400E+21
1.066300E+00       8.097800E+21
1.116700E+00       8.270000E+21
1.169500E+00       8.416100E+21
1.224800E+00       8.488300E+21
1.282800E+00       8.589500E+21
1.343400E+00       8.651300E+21
1.407000E+00       7.937400E+21
1.473500E+00       7.935700E+21
1.543200E+00       7.918500E+21
1.616200E+00       7.868800E+21
1.692600E+00       7.731900E+21
1.772600E+00       7.102200E+21
1.856400E+00       6.223200E+21
1.944200E+00       5.976900E+21
2.036200E+00       4.877900E+21
2.132500E+00       4.428500E+21
2.233300E+00       4.232800E+21
2.338900E+00       3.940700E+21
2.449500E+00       2.903400E+21
2.565400E+00       2.718900E+21
2.686700E+00       2.349100E+21
2.813700E+00       2.195300E+21
2.946800E+00       2.045500E+21
3.086200E+00       1.868600E+21
3.232100E+00       1.417500E+21
3.384900E+00       1.277300E+21
3.545000E+00       1.143300E+21
3.712700E+00       1.028100E+21
3.888200E+00       9.166200E+20
4.072100E+00       8.034300E+20
4.264700E+00       6.742400E+20
4.466400E+00       5.814500E+20
4.677600E+00       4.972700E+20
4.898800E+00       4.177700E+20
5.130400E+00       3.343700E+20
5.373000E+00       2.747400E+20
5.627100E+00       2.241900E+20
5.893200E+00       1.806800E+20
6.171900E+00       1.433600E+20
6.463800E+00       1.116800E+20
6.769500E+00       8.511600E+19
7.089600E+00       6.312600E+19
7.424900E+00       4.517100E+19
7.776000E+00       3.070900E+19
8.143700E+00       1.918700E+19
8.528800E+00       9.522000E+18
8.932200E+00       3.728200E+18
9.354600E+00       1.923600E+18
9.796900E+00       1.069900E+18
1.026000E+01       6.171600E+17
1.074500E+01       3.570900E+17
1.125400E+01       2.035500E+17
1.178600E+01       1.127400E+17
1.234300E+01       6.016600E+16
1.292700E+01       3.074400E+16
1.353800E+01       1.496600E+16
1.417800E+01       6.908700E+15
1.484900E+01       3.010700E+15
1.555100E+01       1.233100E+15
1.628600E+01       4.724700E+14
1.705700E+01       1.685600E+14
1.786300E+01       5.571400E+13
1.870800E+01       1.697200E+13
1.959300E+01       4.738600E+12
2.051900E+01       1.205800E+12
2.149000E+01       2.780200E+11
2.250600E+01       5.777200E+10
2.357000E+01       1.076700E+10
2.468500E+01       1.793400E+09
2.585200E+01       2.665000E+08
2.707500E+01       3.532900E+07
2.835500E+01       4.181500E+06
2.969600E+01       4.430300E+05
3.110000E+01       4.251100E+04
3.257100E+01       3.535100E+03
3.411100E+01       1.860200E+02
3.572400E+01       2.749000E+01
3.741400E+01       1.183300E+05
3.918300E+01       1.128000E+04
4.103600E+01       7.120200E+02
4.297600E+01       0.000000E+00
4.500900E+01       0.000000E+00
4.713700E+01       0.000000E+00
4.936600E+01       0.000000E+00
5.170100E+01       0.000000E+00
5.414600E+01       0.000000E+00
5.670600E+01       0.000000E+00
5.938800E+01       0.000000E+00
6.219700E+01       0.000000E+00
6.513800E+01       0.000000E+00
6.821800E+01       0.000000E+00
7.144400E+01       0.000000E+00
7.482300E+01       0.000000E+00
7.836100E+01       0.000000E+00
8.206700E+01       0.000000E+00
8.594800E+01       0.000000E+00
9.001200E+01       0.000000E+00
9.426900E+01       0.000000E+00
9.872700E+01       0.000000E+00
1.034000E+02       0.000000E+00
1.082900E+02       0.000000E+00
1.134100E+02       0.000000E+00
1.187700E+02       0.000000E+00
1.243900E+02       0.000000E+00
1.302700E+02       0.000000E+00
1.364300E+02       0.000000E+00
1.428800E+02       0.000000E+00
1.496400E+02       0.000000E+00
1.567100E+02       0.000000E+00
1.641200E+02       0.000000E+00
1.718800E+02       0.000000E+00
1.800100E+02       0.000000E+00
1.885300E+02       0.000000E+00
1.974400E+02       0.000000E+00
2.067800E+02       0.000000E+00
2.165600E+02       0.000000E+00
2.268000E+02       0.000000E+00
2.375200E+02       0.000000E+00
2.487600E+02       0.000000E+00
2.605200E+02       0.000000E+00
2.728400E+02       0.000000E+00
2.857400E+02       0.000000E+00
2.992500E+02       0.000000E+00
3.134100E+02       0.000000E+00
3.282300E+02       0.000000E+00
3.437500E+02       0.000000E+00
3.600000E+02       0.000000E+00
3.770300E+02       0.000000E+00
3.948600E+02       0.000000E+00
4.135300E+02       0.000000E+00
