1.253500E-03       1.306200E+17
1.312700E-03       1.419700E+17
1.374800E-03       1.543200E+17
1.439800E-03       1.677400E+17
1.507900E-03       1.823500E+17
1.579200E-03       1.983500E+17
1.653900E-03       2.156500E+17
1.732100E-03       2.344900E+17
1.814000E-03       2.550100E+17
1.899800E-03       2.773700E+17
1.989700E-03       3.017200E+17
2.083800E-03       3.282600E+17
2.182300E-03       3.572100E+17
2.285500E-03       3.887500E+17
2.393600E-03       4.231400E+17
2.506800E-03       4.606500E+17
2.625300E-03       5.015700E+17
2.749500E-03       5.462200E+17
2.879500E-03       5.949400E+17
3.015700E-03       6.481100E+17
3.158300E-03       7.061500E+17
3.307600E-03       7.695000E+17
3.464100E-03       8.405800E+17
3.627900E-03       9.161400E+17
3.799400E-03       9.986600E+17
3.979100E-03       1.088800E+18
4.167300E-03       1.187200E+18
4.364400E-03       1.294700E+18
4.570700E-03       1.412200E+18
4.786900E-03       1.540500E+18
5.013300E-03       1.680800E+18
5.250300E-03       1.834000E+18
5.498600E-03       2.001400E+18
5.758700E-03       2.184400E+18
6.031000E-03       2.384400E+18
6.316200E-03       2.604000E+18
6.614900E-03       2.843000E+18
6.927700E-03       3.104200E+18
7.255300E-03       3.389800E+18
7.598400E-03       3.702000E+18
7.957700E-03       4.043300E+18
8.334100E-03       4.416400E+18
8.728200E-03       4.824400E+18
9.140900E-03       5.270500E+18
9.573200E-03       5.758200E+18
1.002600E-02       6.291500E+18
1.050000E-02       6.874600E+18
1.099700E-02       7.512300E+18
1.151700E-02       8.209500E+18
1.206100E-02       8.971800E+18
1.263200E-02       9.805500E+18
1.322900E-02       1.071700E+19
1.385500E-02       1.173000E+19
1.451000E-02       1.282200E+19
1.519600E-02       1.401500E+19
1.591400E-02       1.532000E+19
1.666700E-02       1.674700E+19
1.745500E-02       1.830600E+19
1.828100E-02       2.001200E+19
1.914500E-02       2.187700E+19
2.005100E-02       2.391500E+19
2.099900E-02       2.614400E+19
2.199200E-02       2.858000E+19
2.303200E-02       3.124300E+19
2.412100E-02       3.415500E+19
2.526200E-02       3.733700E+19
2.645600E-02       4.081400E+19
2.770700E-02       4.461500E+19
2.901800E-02       4.876900E+19
3.039000E-02       5.330800E+19
3.182700E-02       5.826800E+19
3.333200E-02       6.368700E+19
3.490800E-02       6.960700E+19
3.655900E-02       7.607400E+19
3.828800E-02       8.313900E+19
4.009900E-02       9.085500E+19
4.199500E-02       9.928200E+19
4.398100E-02       1.084800E+20
4.606100E-02       1.185300E+20
4.823900E-02       1.295000E+20
5.052000E-02       1.414700E+20
5.290900E-02       1.545400E+20
5.541100E-02       1.688400E+20
5.803200E-02       1.844000E+20
6.077600E-02       2.013800E+20
6.365000E-02       2.198900E+20
6.666000E-02       2.400800E+20
6.981300E-02       2.620900E+20
7.311400E-02       2.860900E+20
7.657100E-02       3.122400E+20
8.019300E-02       3.407300E+20
8.398500E-02       3.717700E+20
8.795600E-02       4.055800E+20
9.211600E-02       4.423900E+20
9.647200E-02       4.824500E+20
1.010300E-01       5.260500E+20
1.058100E-01       5.734700E+20
1.108200E-01       6.250500E+20
1.160600E-01       6.811200E+20
1.215400E-01       7.420500E+20
1.272900E-01       8.082300E+20
1.333100E-01       8.801100E+20
1.396200E-01       9.581200E+20
1.462200E-01       1.042800E+21
1.531300E-01       1.134500E+21
1.603800E-01       1.234000E+21
1.679600E-01       1.341800E+21
1.759000E-01       1.458500E+21
1.842200E-01       1.584900E+21
1.929300E-01       1.721500E+21
2.020600E-01       1.869100E+21
2.116100E-01       2.028600E+21
2.216200E-01       2.200800E+21
2.321000E-01       2.386600E+21
2.430700E-01       2.586800E+21
2.545700E-01       2.802400E+21
2.666100E-01       3.034400E+21
2.792200E-01       3.283900E+21
2.924200E-01       3.552000E+21
3.062500E-01       3.839600E+21
3.207300E-01       4.148000E+21
3.359000E-01       4.478300E+21
3.517800E-01       4.831700E+21
3.684200E-01       5.209300E+21
3.858400E-01       5.612200E+21
4.040900E-01       6.041700E+21
4.232000E-01       6.499000E+21
4.432100E-01       6.985000E+21
4.641700E-01       7.500800E+21
4.861200E-01       8.047500E+21
5.091100E-01       8.617400E+21
5.331800E-01       9.227000E+21
5.584000E-01       9.869200E+21
5.848000E-01       1.054400E+22
6.124600E-01       1.125300E+22
6.414200E-01       1.199500E+22
6.717500E-01       1.276000E+22
7.035200E-01       1.356700E+22
7.367900E-01       1.440300E+22
7.716300E-01       1.526900E+22
8.081200E-01       1.616500E+22
8.463400E-01       1.709500E+22
8.863600E-01       1.773000E+22
9.282800E-01       1.867700E+22
9.721800E-01       1.963100E+22
1.018200E+00       2.059500E+22
1.066300E+00       2.156300E+22
1.116700E+00       2.253000E+22
1.169500E+00       2.348700E+22
1.224800E+00       2.442300E+22
1.282800E+00       2.534700E+22
1.343400E+00       2.624100E+22
1.407000E+00       2.656200E+22
1.473500E+00       2.735200E+22
1.543200E+00       2.808200E+22
1.616200E+00       2.874200E+22
1.692600E+00       2.929600E+22
1.772600E+00       2.968900E+22
1.856400E+00       3.003500E+22
1.944200E+00       3.026800E+22
2.036200E+00       2.906000E+22
2.132500E+00       2.846800E+22
2.233300E+00       2.836300E+22
2.338900E+00       2.793700E+22
2.449500E+00       2.664300E+22
2.565400E+00       2.600800E+22
2.686700E+00       2.308500E+22
2.813700E+00       2.242900E+22
2.946800E+00       2.177600E+22
3.086200E+00       2.091800E+22
3.232100E+00       1.867200E+22
3.384900E+00       1.768100E+22
3.545000E+00       1.604500E+22
3.712700E+00       1.512200E+22
3.888200E+00       1.421500E+22
4.072100E+00       1.323000E+22
4.264700E+00       1.194400E+22
4.466400E+00       1.092700E+22
4.677600E+00       9.969800E+21
4.898800E+00       8.987700E+21
5.130400E+00       7.827900E+21
5.373000E+00       6.950900E+21
5.627100E+00       6.136900E+21
5.893200E+00       5.373500E+21
6.171900E+00       4.650900E+21
6.463800E+00       3.968200E+21
6.769500E+00       3.326900E+21
7.089600E+00       2.729100E+21
7.424900E+00       2.176500E+21
7.776000E+00       1.670400E+21
8.143700E+00       1.210700E+21
8.528800E+00       7.929800E+20
8.932200E+00       3.746600E+20
9.354600E+00       2.337700E+20
9.796900E+00       1.573300E+20
1.026000E+01       1.082500E+20
1.074500E+01       7.446900E+19
1.125400E+01       5.124500E+19
1.178600E+01       3.472000E+19
1.234300E+01       2.299600E+19
1.292700E+01       1.481800E+19
1.353800E+01       9.255000E+18
1.417800E+01       5.584700E+18
1.484900E+01       3.246400E+18
1.555100E+01       1.812800E+18
1.628600E+01       9.697300E+17
1.705700E+01       4.955700E+17
1.786300E+01       2.412500E+17
1.870800E+01       1.115500E+17
1.959300E+01       4.884700E+16
2.051900E+01       2.019100E+16
2.149000E+01       7.852100E+15
2.250600E+01       2.863200E+15
2.357000E+01       9.753400E+14
2.468500E+01       3.092300E+14
2.585200E+01       9.090000E+13
2.707500E+01       2.467900E+13
2.835500E+01       6.165500E+12
2.969600E+01       1.412600E+12
3.110000E+01       2.959300E+11
3.257100E+01       5.656500E+10
3.411100E+01       9.850500E+09
3.572400E+01       1.561500E+09
3.741400E+01       2.252800E+08
3.918300E+01       2.957700E+07
4.103600E+01       3.499700E+06
4.297600E+01       3.520400E+05
4.500900E+01       2.786500E+04
4.713700E+01       5.435800E+03
4.936600E+01       1.834600E+03
5.170100E+01       0.000000E+00
5.414600E+01       0.000000E+00
5.670600E+01       0.000000E+00
5.938800E+01       0.000000E+00
6.219700E+01       0.000000E+00
6.513800E+01       0.000000E+00
6.821800E+01       0.000000E+00
7.144400E+01       0.000000E+00
7.482300E+01       0.000000E+00
7.836100E+01       0.000000E+00
8.206700E+01       0.000000E+00
8.594800E+01       0.000000E+00
9.001200E+01       0.000000E+00
9.426900E+01       0.000000E+00
9.872700E+01       0.000000E+00
1.034000E+02       0.000000E+00
1.082900E+02       0.000000E+00
1.134100E+02       0.000000E+00
1.187700E+02       0.000000E+00
1.243900E+02       0.000000E+00
1.302700E+02       0.000000E+00
1.364300E+02       0.000000E+00
1.428800E+02       0.000000E+00
1.496400E+02       0.000000E+00
1.567100E+02       0.000000E+00
1.641200E+02       0.000000E+00
1.718800E+02       0.000000E+00
1.800100E+02       0.000000E+00
1.885300E+02       0.000000E+00
1.974400E+02       0.000000E+00
2.067800E+02       0.000000E+00
2.165600E+02       0.000000E+00
2.268000E+02       0.000000E+00
2.375200E+02       0.000000E+00
2.487600E+02       0.000000E+00
2.605200E+02       0.000000E+00
2.728400E+02       0.000000E+00
2.857400E+02       0.000000E+00
2.992500E+02       0.000000E+00
3.134100E+02       0.000000E+00
3.282300E+02       0.000000E+00
3.437500E+02       0.000000E+00
3.600000E+02       0.000000E+00
3.770300E+02       0.000000E+00
3.948600E+02       0.000000E+00
4.135300E+02       0.000000E+00
