1.253500E-03       8.410200E+17
1.312700E-03       9.223100E+17
1.374800E-03       1.011500E+18
1.439800E-03       1.109200E+18
1.507900E-03       1.216400E+18
1.579200E-03       1.333800E+18
1.653900E-03       1.462700E+18
1.732100E-03       1.604000E+18
1.814000E-03       1.758900E+18
1.899800E-03       1.928800E+18
1.989700E-03       2.115100E+18
2.083800E-03       2.319300E+18
2.182300E-03       2.543100E+18
2.285500E-03       2.788600E+18
2.393600E-03       3.057600E+18
2.506800E-03       3.352600E+18
2.625300E-03       3.675900E+18
2.749500E-03       4.030300E+18
2.879500E-03       4.418700E+18
3.015700E-03       4.844600E+18
3.158300E-03       5.311400E+18
3.307600E-03       5.823600E+18
3.464100E-03       6.383800E+18
3.627900E-03       6.999300E+18
3.799400E-03       7.673300E+18
3.979100E-03       8.412300E+18
4.167300E-03       9.222300E+18
4.364400E-03       1.011000E+19
4.570700E-03       1.108400E+19
4.786900E-03       1.215100E+19
5.013300E-03       1.332100E+19
5.250300E-03       1.460300E+19
5.498600E-03       1.600900E+19
5.758700E-03       1.754900E+19
6.031000E-03       1.923800E+19
6.316200E-03       2.108800E+19
6.614900E-03       2.311600E+19
6.927700E-03       2.533800E+19
7.255300E-03       2.777300E+19
7.598400E-03       3.044000E+19
7.957700E-03       3.336300E+19
8.334100E-03       3.656400E+19
8.728200E-03       4.007100E+19
9.140900E-03       4.391300E+19
9.573200E-03       4.812000E+19
1.002600E-02       5.272800E+19
1.050000E-02       5.777400E+19
1.099700E-02       6.330100E+19
1.151700E-02       6.935200E+19
1.206100E-02       7.597700E+19
1.263200E-02       8.323300E+19
1.322900E-02       9.118500E+19
1.385500E-02       9.989000E+19
1.451000E-02       1.094200E+20
1.519600E-02       1.198500E+20
1.591400E-02       1.312600E+20
1.666700E-02       1.437400E+20
1.745500E-02       1.574100E+20
1.828100E-02       1.723600E+20
1.914500E-02       1.887200E+20
2.005100E-02       2.066200E+20
2.099900E-02       2.262100E+20
2.199200E-02       2.476200E+20
2.303200E-02       2.710400E+20
2.412100E-02       2.966400E+20
2.526200E-02       3.246300E+20
2.645600E-02       3.552200E+20
2.770700E-02       3.886500E+20
2.901800E-02       4.251800E+20
3.039000E-02       4.650800E+20
3.182700E-02       5.086700E+20
3.333200E-02       5.562700E+20
3.490800E-02       6.082600E+20
3.655900E-02       6.650100E+20
3.828800E-02       7.269700E+20
4.009900E-02       7.946000E+20
4.199500E-02       8.684100E+20
4.398100E-02       9.489300E+20
4.606100E-02       1.036800E+21
4.823900E-02       1.132600E+21
5.052000E-02       1.237100E+21
5.290900E-02       1.351100E+21
5.541100E-02       1.475100E+21
5.803200E-02       1.610500E+21
6.077600E-02       1.757900E+21
6.365000E-02       1.918400E+21
6.666000E-02       2.093100E+21
6.981300E-02       2.283200E+21
7.311400E-02       2.490100E+21
7.657100E-02       2.715200E+21
8.019300E-02       2.960000E+21
8.398500E-02       3.226000E+21
8.795600E-02       3.515100E+21
9.211600E-02       3.829200E+21
9.647200E-02       4.170200E+21
1.010300E-01       4.540400E+21
1.058100E-01       4.941900E+21
1.108200E-01       5.377400E+21
1.160600E-01       5.849500E+21
1.215400E-01       6.361000E+21
1.272900E-01       6.914900E+21
1.333100E-01       7.514500E+21
1.396200E-01       8.163300E+21
1.462200E-01       8.865000E+21
1.531300E-01       9.623500E+21
1.603800E-01       1.044300E+22
1.679600E-01       1.132800E+22
1.759000E-01       1.228400E+22
1.842200E-01       1.331500E+22
1.929300E-01       1.442700E+22
2.020600E-01       1.562500E+22
2.116100E-01       1.691600E+22
2.216200E-01       1.830600E+22
2.321000E-01       1.980200E+22
2.430700E-01       2.141100E+22
2.545700E-01       2.314000E+22
2.666100E-01       2.499700E+22
2.792200E-01       2.699000E+22
2.924200E-01       2.912800E+22
3.062500E-01       3.141900E+22
3.207300E-01       3.387300E+22
3.359000E-01       3.649900E+22
3.517800E-01       3.930600E+22
3.684200E-01       4.230600E+22
3.858400E-01       4.550800E+22
4.040900E-01       4.892200E+22
4.232000E-01       5.256100E+22
4.432100E-01       5.643300E+22
4.641700E-01       6.055200E+22
4.861200E-01       6.492700E+22
5.091100E-01       6.957000E+22
5.331800E-01       7.449300E+22
5.584000E-01       7.970500E+22
5.848000E-01       8.521900E+22
6.124600E-01       9.104500E+22
6.414200E-01       9.719300E+22
6.717500E-01       1.036700E+23
7.035200E-01       1.105000E+23
7.367900E-01       1.176800E+23
7.716300E-01       1.252200E+23
8.081200E-01       1.331300E+23
8.463400E-01       1.414300E+23
8.863600E-01       1.501100E+23
9.282800E-01       1.592000E+23
9.721800E-01       1.687000E+23
1.018200E+00       1.786200E+23
1.066300E+00       1.889800E+23
1.116700E+00       1.997800E+23
1.169500E+00       2.110500E+23
1.224800E+00       2.228100E+23
1.282800E+00       2.350700E+23
1.343400E+00       2.478700E+23
1.407000E+00       2.612200E+23
1.473500E+00       2.751700E+23
1.543200E+00       2.897400E+23
1.616200E+00       3.049800E+23
1.692600E+00       3.209400E+23
1.772600E+00       3.376800E+23
1.856400E+00       3.552400E+23
1.944200E+00       3.736900E+23
2.036200E+00       3.931100E+23
2.132500E+00       4.135700E+23
2.233300E+00       4.351500E+23
2.338900E+00       4.579300E+23
2.449500E+00       4.820100E+23
2.565400E+00       5.074700E+23
2.686700E+00       5.344000E+23
2.813700E+00       5.629000E+23
2.946800E+00       5.930600E+23
3.086200E+00       6.249600E+23
3.232100E+00       6.586900E+23
3.384900E+00       6.943000E+23
3.545000E+00       7.318500E+23
3.712700E+00       7.713800E+23
3.888200E+00       8.129000E+23
4.072100E+00       8.563900E+23
4.264700E+00       9.018200E+23
4.466400E+00       9.490900E+23
4.677600E+00       9.980900E+23
4.898800E+00       1.048600E+24
5.130400E+00       1.100500E+24
5.373000E+00       1.153400E+24
5.627100E+00       1.207000E+24
5.893200E+00       1.260800E+24
6.171900E+00       1.314400E+24
6.463800E+00       1.367300E+24
6.769500E+00       1.418700E+24
7.089600E+00       1.468100E+24
7.424900E+00       1.514600E+24
7.776000E+00       1.557400E+24
8.143700E+00       1.595800E+24
8.528800E+00       1.628700E+24
8.932200E+00       1.655500E+24
9.354600E+00       1.675000E+24
9.796900E+00       1.686700E+24
1.026000E+01       1.689500E+24
1.074500E+01       1.683100E+24
1.125400E+01       1.666700E+24
1.178600E+01       1.640200E+24
1.234300E+01       1.603400E+24
1.292700E+01       1.556300E+24
1.353800E+01       1.499400E+24
1.417800E+01       1.433100E+24
1.484900E+01       1.358200E+24
1.555100E+01       1.276000E+24
1.628600E+01       1.187500E+24
1.705700E+01       1.094300E+24
1.786300E+01       9.979400E+23
1.870800E+01       9.001400E+23
1.959300E+01       8.025900E+23
2.051900E+01       7.069500E+23
2.149000E+01       6.147800E+23
2.250600E+01       5.274700E+23
2.357000E+01       4.461800E+23
2.468500E+01       3.718400E+23
2.585200E+01       3.050600E+23
2.707500E+01       2.461900E+23
2.835500E+01       1.952700E+23
2.969600E+01       1.520900E+23
3.110000E+01       1.162100E+23
3.257100E+01       8.702700E+22
3.411100E+01       6.381000E+22
3.572400E+01       4.575800E+22
3.741400E+01       3.205400E+22
3.918300E+01       2.190900E+22
4.103600E+01       1.459200E+22
4.297600E+01       9.457000E+21
4.500900E+01       5.955500E+21
4.713700E+01       3.638500E+21
4.936600E+01       2.153100E+21
5.170100E+01       1.231800E+21
5.414600E+01       6.800200E+20
5.670600E+01       3.615200E+20
5.938800E+01       1.846700E+20
6.219700E+01       9.042200E+19
6.513800E+01       4.232800E+19
6.821800E+01       1.888900E+19
7.144400E+01       8.010300E+18
7.482300E+01       3.217200E+18
7.836100E+01       1.219000E+18
8.206700E+01       4.339200E+17
8.594800E+01       1.444200E+17
9.001200E+01       4.470000E+16
9.426900E+01       1.278900E+16
9.872700E+01       3.358900E+15
1.034000E+02       8.034600E+14
1.082900E+02       1.734600E+14
1.134100E+02       3.345300E+13
1.187700E+02       5.697400E+12
1.243900E+02       8.467600E+11
1.302700E+02       1.087100E+11
1.364300E+02       1.206000E+10
1.428800E+02       1.221500E+09
1.496400E+02       6.068900E+07
1.567100E+02       4.517400E+06
1.641200E+02       1.122900E+06
1.718800E+02       1.067900E+05
1.800100E+02       1.317600E+04
1.885300E+02       1.213800E+03
1.974400E+02       1.231100E+02
2.067800E+02       2.129000E+00
2.165600E+02       1.441500E-01
2.268000E+02       8.049400E-02
2.375200E+02       1.619500E-04
2.487600E+02       4.173000E-04
2.605200E+02       0.000000E+00
2.728400E+02       0.000000E+00
2.857400E+02       0.000000E+00
2.992500E+02       0.000000E+00
3.134100E+02       0.000000E+00
3.282300E+02       0.000000E+00
3.437500E+02       0.000000E+00
3.600000E+02       0.000000E+00
3.770300E+02       0.000000E+00
3.948600E+02       0.000000E+00
4.135300E+02       0.000000E+00
