1.253500E-03       5.246400E+17
1.312700E-03       5.753200E+17
1.374800E-03       6.308700E+17
1.439800E-03       6.917400E+17
1.507900E-03       7.584500E+17
1.579200E-03       8.315100E+17
1.653900E-03       9.116100E+17
1.732100E-03       9.993800E+17
1.814000E-03       1.095500E+18
1.899800E-03       1.200900E+18
1.989700E-03       1.316400E+18
2.083800E-03       1.442900E+18
2.182300E-03       1.581500E+18
2.285500E-03       1.733300E+18
2.393600E-03       1.899700E+18
2.506800E-03       2.081900E+18
2.625300E-03       2.281500E+18
2.749500E-03       2.500200E+18
2.879500E-03       2.739800E+18
3.015700E-03       3.002100E+18
3.158300E-03       3.289500E+18
3.307600E-03       3.604200E+18
3.464100E-03       3.949100E+18
3.627900E-03       4.326500E+18
3.799400E-03       4.739800E+18
3.979100E-03       5.192200E+18
4.167300E-03       5.687600E+18
4.364400E-03       6.230000E+18
4.570700E-03       6.823900E+18
4.786900E-03       7.474000E+18
5.013300E-03       8.185600E+18
5.250300E-03       8.964500E+18
5.498600E-03       9.817100E+18
5.758700E-03       1.075000E+19
6.031000E-03       1.177100E+19
6.316200E-03       1.288900E+19
6.614900E-03       1.411100E+19
6.927700E-03       1.544800E+19
7.255300E-03       1.691100E+19
7.598400E-03       1.851000E+19
7.957700E-03       2.025900E+19
8.334100E-03       2.217100E+19
8.728200E-03       2.426100E+19
9.140900E-03       2.654500E+19
9.573200E-03       2.904200E+19
1.002600E-02       3.177000E+19
1.050000E-02       3.475000E+19
1.099700E-02       3.800500E+19
1.151700E-02       4.156000E+19
1.206100E-02       4.544200E+19
1.263200E-02       4.968000E+19
1.322900E-02       5.430800E+19
1.385500E-02       5.943400E+19
1.451000E-02       6.495700E+19
1.519600E-02       7.097900E+19
1.591400E-02       7.754600E+19
1.666700E-02       8.470600E+19
1.745500E-02       9.251200E+19
1.828100E-02       1.010200E+20
1.914500E-02       1.102900E+20
2.005100E-02       1.203900E+20
2.099900E-02       1.313900E+20
2.199200E-02       1.433600E+20
2.303200E-02       1.564000E+20
2.412100E-02       1.705800E+20
2.526200E-02       1.860100E+20
2.645600E-02       2.028000E+20
2.770700E-02       2.210600E+20
2.901800E-02       2.409200E+20
3.039000E-02       2.625000E+20
3.182700E-02       2.859700E+20
3.333200E-02       3.114700E+20
3.490800E-02       3.391800E+20
3.655900E-02       3.692800E+20
3.828800E-02       4.019900E+20
4.009900E-02       4.375200E+20
4.199500E-02       4.761200E+20
4.398100E-02       5.180400E+20
4.606100E-02       5.635700E+20
4.823900E-02       6.130200E+20
5.052000E-02       6.667300E+20
5.290900E-02       7.251000E+20
5.541100E-02       7.887800E+20
5.803200E-02       8.576700E+20
6.077600E-02       9.324600E+20
6.365000E-02       1.013700E+21
6.666000E-02       1.101900E+21
6.981300E-02       1.197800E+21
7.311400E-02       1.301900E+21
7.657100E-02       1.415000E+21
8.019300E-02       1.537900E+21
8.398500E-02       1.671400E+21
8.795600E-02       1.816600E+21
9.211600E-02       1.974300E+21
9.647200E-02       2.145700E+21
1.010300E-01       2.332100E+21
1.058100E-01       2.534700E+21
1.108200E-01       2.755000E+21
1.160600E-01       2.994600E+21
1.215400E-01       3.255100E+21
1.272900E-01       3.538300E+21
1.333100E-01       3.846400E+21
1.396200E-01       4.181500E+21
1.462200E-01       4.545900E+21
1.531300E-01       4.942200E+21
1.603800E-01       5.373300E+21
1.679600E-01       5.842200E+21
1.759000E-01       6.352200E+21
1.842200E-01       6.906800E+21
1.929300E-01       7.509900E+21
2.020600E-01       8.165800E+21
2.116100E-01       8.878800E+21
2.216200E-01       9.653800E+21
2.321000E-01       1.049600E+22
2.430700E-01       1.141100E+22
2.545700E-01       1.240500E+22
2.666100E-01       1.348500E+22
2.792200E-01       1.465600E+22
2.924200E-01       1.592800E+22
3.062500E-01       1.730700E+22
3.207300E-01       1.880200E+22
3.359000E-01       2.042200E+22
3.517800E-01       2.217600E+22
3.684200E-01       2.407600E+22
3.858400E-01       2.613000E+22
4.040900E-01       2.835200E+22
4.232000E-01       3.075300E+22
4.432100E-01       3.334500E+22
4.641700E-01       3.614300E+22
4.861200E-01       3.916000E+22
5.091100E-01       4.240800E+22
5.331800E-01       4.590600E+22
5.584000E-01       4.966800E+22
5.848000E-01       5.370900E+22
6.124600E-01       5.804600E+22
6.414200E-01       6.269600E+22
6.717500E-01       6.767400E+22
7.035200E-01       7.300000E+22
7.367900E-01       7.868900E+22
7.716300E-01       8.475900E+22
8.081200E-01       9.123000E+22
8.463400E-01       9.812300E+22
8.863600E-01       1.054100E+23
9.282800E-01       1.131700E+23
9.721800E-01       1.213700E+23
1.018200E+00       1.300300E+23
1.066300E+00       1.391500E+23
1.116700E+00       1.487500E+23
1.169500E+00       1.588200E+23
1.224800E+00       1.693800E+23
1.282800E+00       1.804200E+23
1.343400E+00       1.919400E+23
1.407000E+00       2.039000E+23
1.473500E+00       2.163300E+23
1.543200E+00       2.292000E+23
1.616200E+00       2.424800E+23
1.692600E+00       2.561500E+23
1.772600E+00       2.702100E+23
1.856400E+00       2.846200E+23
1.944200E+00       2.993700E+23
2.036200E+00       3.143900E+23
2.132500E+00       3.297100E+23
2.233300E+00       3.452700E+23
2.338900E+00       3.610400E+23
2.449500E+00       3.770000E+23
2.565400E+00       3.931500E+23
2.686700E+00       4.093700E+23
2.813700E+00       4.257400E+23
2.946800E+00       4.421500E+23
3.086200E+00       4.585900E+23
3.232100E+00       4.750100E+23
3.384900E+00       4.913900E+23
3.545000E+00       5.076000E+23
3.712700E+00       5.236700E+23
3.888200E+00       5.394500E+23
4.072100E+00       5.548200E+23
4.264700E+00       5.696800E+23
4.466400E+00       5.838400E+23
4.677600E+00       5.971700E+23
4.898800E+00       6.094300E+23
5.130400E+00       6.203900E+23
5.373000E+00       6.297900E+23
5.627100E+00       6.373200E+23
5.893200E+00       6.427500E+23
6.171900E+00       6.457400E+23
6.463800E+00       6.459700E+23
6.769500E+00       6.431600E+23
7.089600E+00       6.370000E+23
7.424900E+00       6.272600E+23
7.776000E+00       6.136800E+23
8.143700E+00       5.960600E+23
8.528800E+00       5.741800E+23
8.932200E+00       5.475400E+23
9.354600E+00       5.140900E+23
9.796900E+00       4.834100E+23
1.026000E+01       4.515800E+23
1.074500E+01       4.183400E+23
1.125400E+01       3.838000E+23
1.178600E+01       3.489300E+23
1.234300E+01       3.138700E+23
1.292700E+01       2.790800E+23
1.353800E+01       2.450800E+23
1.417800E+01       2.123800E+23
1.484900E+01       1.814500E+23
1.555100E+01       1.527200E+23
1.628600E+01       1.265100E+23
1.705700E+01       1.030600E+23
1.786300E+01       8.247600E+22
1.870800E+01       6.478700E+22
1.959300E+01       4.990200E+22
2.051900E+01       3.765100E+22
2.149000E+01       2.779700E+22
2.250600E+01       2.005900E+22
2.357000E+01       1.413200E+22
2.468500E+01       9.708900E+21
2.585200E+01       6.495900E+21
2.707500E+01       4.227100E+21
2.835500E+01       2.671700E+21
2.969600E+01       1.637700E+21
3.110000E+01       9.721200E+20
3.257100E+01       5.579200E+20
3.411100E+01       3.090700E+20
3.572400E+01       1.649700E+20
3.741400E+01       8.469600E+19
3.918300E+01       4.174300E+19
4.103600E+01       1.971200E+19
4.297600E+01       8.900900E+18
4.500900E+01       3.835300E+18
4.713700E+01       1.573700E+18
4.936600E+01       6.135800E+17
5.170100E+01       2.268800E+17
5.414600E+01       7.939900E+16
5.670600E+01       2.625000E+16
5.938800E+01       8.185000E+15
6.219700E+01       2.403500E+15
6.513800E+01       6.638400E+14
6.821800E+01       1.722800E+14
7.144400E+01       4.197400E+13
7.482300E+01       9.587600E+12
7.836100E+01       2.047700E+12
8.206700E+01       4.068200E+11
8.594800E+01       7.491400E+10
9.001200E+01       1.321800E+10
9.426900E+01       2.981400E+09
9.872700E+01       3.485600E+08
1.034000E+02       1.128100E+04
1.082900E+02       3.822300E+03
1.134100E+02       1.050600E+06
1.187700E+02       5.039000E+03
1.243900E+02       5.328800E+04
1.302700E+02       8.635400E+03
1.364300E+02       0.000000E+00
1.428800E+02       0.000000E+00
1.496400E+02       0.000000E+00
1.567100E+02       0.000000E+00
1.641200E+02       0.000000E+00
1.718800E+02       0.000000E+00
1.800100E+02       0.000000E+00
1.885300E+02       0.000000E+00
1.974400E+02       0.000000E+00
2.067800E+02       0.000000E+00
2.165600E+02       0.000000E+00
2.268000E+02       0.000000E+00
2.375200E+02       0.000000E+00
2.487600E+02       0.000000E+00
2.605200E+02       0.000000E+00
2.728400E+02       0.000000E+00
2.857400E+02       0.000000E+00
2.992500E+02       0.000000E+00
3.134100E+02       0.000000E+00
3.282300E+02       0.000000E+00
3.437500E+02       0.000000E+00
3.600000E+02       0.000000E+00
3.770300E+02       0.000000E+00
3.948600E+02       0.000000E+00
4.135300E+02       0.000000E+00
