-1.22505	20.0657
-1.22505	20.0657
-1.04671	20.4225
-0.910828	20.723
-0.783439	20.9671
-0.613588	21.2488
-0.460722	21.4554
-0.299363	21.662
-0.146497	21.8122
-0.0785563	21.8873
-0.0615711	21.831
-0.0530786	21.6808
-0.0191083	21.493
0.0403397	21.4742
0.0658174	21.4554
0.0828025	21.4366
0.10828		21.3427
0.142251	21.2113
0.167728	21.0798
0.176221	20.9296
0.252654	20.7793
0.312102	20.4789
0.363057	20.2911
0.388535	20.1408
0.422505	20.0094
0.456476	19.9531
0.498938	20.0094
0.541401	20.1033
0.566879	20.1596
0.592357	20.1784
0.63482		20.1408
0.660297	19.9718
0.685775	19.7277
0.70276		19.3709
0.711253	19.1455
0.728238	18.939
0.753715	18.4131
0.779193	17.9624
0.804671	17.662
0.830149	17.2113
0.864119	16.892
0.898089	16.2911
0.949045	15.5399
