1.000000e-02 1.784756e+19
1.039256e-02 1.913410e+19
1.080052e-02 2.051144e+19
1.122451e-02 2.198909e+19
1.166513e-02 2.357299e+19
1.212305e-02 2.526928e+19
1.259895e-02 2.708283e+19
1.309353e-02 2.902077e+19
1.360753e-02 3.109193e+19
1.414170e-02 3.329568e+19
1.469684e-02 3.564989e+19
1.527378e-02 3.815682e+19
1.587336e-02 4.083425e+19
1.649648e-02 4.368974e+19
1.714406e-02 4.674486e+19
1.781706e-02 5.001025e+19
1.851648e-02 5.351107e+19
1.924336e-02 5.725289e+19
1.999877e-02 6.126712e+19
2.078384e-02 6.556927e+19
2.159972e-02 7.016903e+19
2.244763e-02 7.508828e+19
2.332883e-02 8.034793e+19
2.424462e-02 8.595709e+19
2.519636e-02 9.193570e+19
2.618546e-02 9.831270e+19
2.721339e-02 1.051081e+20
2.828167e-02 1.123499e+20
2.939188e-02 1.200736e+20
3.054568e-02 1.283154e+20
3.174477e-02 1.371152e+20
3.299094e-02 1.465314e+20
3.428602e-02 1.566141e+20
3.563194e-02 1.674074e+20
3.703070e-02 1.789853e+20
3.848436e-02 1.915109e+20
3.999509e-02 2.052140e+20
4.156512e-02 2.189705e+20
4.319679e-02 2.339374e+20
4.489251e-02 2.501057e+20
4.665480e-02 2.674701e+20
4.848626e-02 2.859833e+20
5.038963e-02 3.057064e+20
5.236771e-02 3.267409e+20
5.442344e-02 3.491662e+20
5.655986e-02 3.731205e+20
5.878016e-02 3.987518e+20
6.108762e-02 4.261834e+20
6.348565e-02 4.555616e+20
6.597782e-02 4.870397e+20
6.856783e-02 5.207535e+20
7.125951e-02 5.568538e+20
7.405685e-02 5.954831e+20
7.696400e-02 6.368047e+20
7.998528e-02 6.809815e+20
8.312515e-02 7.281809e+20
8.638828e-02 7.786191e+20
8.977952e-02 8.325383e+20
9.330387e-02 8.902003e+20
9.696658e-02 9.518398e+20
1.007731e-01 1.017851e+21
1.047290e-01 1.088528e+21
1.088402e-01 1.164250e+21
1.131128e-01 1.245366e+21
1.175531e-01 1.332283e+21
1.221677e-01 1.425262e+21
1.269635e-01 1.524824e+21
1.319476e-01 1.631361e+21
1.371272e-01 1.745211e+21
1.425103e-01 1.867024e+21
1.481046e-01 1.997274e+21
1.539185e-01 2.136586e+21
1.599607e-01 2.285663e+21
1.662401e-01 2.445189e+21
1.727660e-01 2.616013e+21
1.795480e-01 2.798674e+21
1.865963e-01 2.994193e+21
1.939213e-01 3.203338e+21
2.015338e-01 3.427014e+21
2.094451e-01 3.666074e+21
2.176670e-01 3.921542e+21
2.262117e-01 4.194501e+21
2.350918e-01 4.486086e+21
2.443205e-01 4.797586e+21
2.539114e-01 5.130245e+21
2.638789e-01 5.485583e+21
2.742377e-01 5.864864e+21
2.850031e-01 6.269817e+21
2.961910e-01 6.701710e+21
3.078182e-01 7.162548e+21
3.199018e-01 7.653829e+21
3.324598e-01 8.177266e+21
3.455107e-01 8.734751e+21
3.590740e-01 9.327836e+21
3.731697e-01 9.959292e+21
3.878187e-01 1.063155e+22
4.030428e-01 1.134641e+22
4.188645e-01 1.210561e+22
4.353073e-01 1.291182e+22
4.523956e-01 1.376759e+22
4.701547e-01 1.467467e+22
4.886110e-01 1.563614e+22
5.077917e-01 1.665509e+22
5.277255e-01 1.773284e+22
5.484417e-01 1.887118e+22
5.699711e-01 2.007529e+22
5.923457e-01 2.134537e+22
6.155986e-01 2.268407e+22
6.397644e-01 2.408221e+22
6.648788e-01 2.557934e+22
6.909791e-01 2.713802e+22
7.181039e-01 2.877273e+22
7.462936e-01 3.048315e+22
7.755898e-01 3.227570e+22
8.060361e-01 3.414896e+22
8.376776e-01 3.610240e+22
8.705612e-01 3.813665e+22
9.047357e-01 4.025092e+22
9.402518e-01 4.244548e+22
9.771620e-01 4.471708e+22
1.015521e+00 4.704513e+22
1.055386e+00 4.948310e+22
1.096816e+00 5.193764e+22
1.139872e+00 5.453099e+22
1.184619e+00 5.716153e+22
1.231122e+00 5.985095e+22
1.279450e+00 6.258423e+22
1.329676e+00 6.537370e+22
1.381873e+00 6.819982e+22
1.436120e+00 7.101095e+22
1.492496e+00 7.393312e+22
1.551084e+00 7.685637e+22
1.611973e+00 7.977025e+22
1.675252e+00 8.268547e+22
1.741016e+00 8.559550e+22
1.809360e+00 8.849030e+22
1.880388e+00 9.135323e+22
1.954204e+00 9.404650e+22
2.030918e+00 9.697619e+22
2.110643e+00 9.973187e+22
2.193497e+00 1.024127e+23
2.279605e+00 1.050112e+23
2.369092e+00 1.074802e+23
2.462092e+00 1.099104e+23
2.558743e+00 1.120929e+23
2.659189e+00 1.144238e+23
2.763577e+00 1.164997e+23
2.872063e+00 1.184173e+23
2.984808e+00 1.201629e+23
3.101979e+00 1.216748e+23
3.223749e+00 1.230173e+23
3.350299e+00 1.242374e+23
3.481818e+00 1.251540e+23
3.618499e+00 1.257847e+23
3.760545e+00 1.260616e+23
3.908168e+00 1.261068e+23
4.061586e+00 1.257230e+23
4.221026e+00 1.251244e+23
4.386726e+00 1.240560e+23
4.558930e+00 1.225291e+23
4.737894e+00 1.205605e+23
4.923883e+00 1.181957e+23
5.117173e+00 1.153202e+23
5.318051e+00 1.120112e+23
5.526815e+00 1.082543e+23
5.743774e+00 1.040610e+23
5.969250e+00 9.944491e+22
6.203577e+00 9.441371e+22
6.447102e+00 8.864204e+22
6.700188e+00 8.284966e+22
6.963208e+00 7.775344e+22
7.236553e+00 7.187419e+22
7.520629e+00 6.577921e+22
7.815857e+00 5.944577e+22
8.122673e+00 5.352217e+22
8.441534e+00 4.751791e+22
8.772913e+00 4.170857e+22
9.117300e+00 3.655555e+22
9.475205e+00 3.181025e+22
9.847161e+00 2.744194e+22
1.023372e+01 2.344386e+22
1.063545e+01 1.981918e+22
1.105295e+01 1.656962e+22
1.148684e+01 1.369183e+22
1.193777e+01 1.117649e+22
1.240639e+01 9.007987e+21
1.289341e+01 7.165556e+21
1.339955e+01 5.622800e+21
1.392556e+01 4.350535e+21
1.447222e+01 3.317840e+21
1.504034e+01 2.492940e+21
1.563075e+01 1.844555e+21
1.624435e+01 1.343597e+21
1.688203e+01 9.629162e+20
1.754475e+01 6.787060e+20
1.823348e+01 4.702961e+20
1.894925e+01 3.202391e+20
1.969311e+01 2.142049e+20
2.046618e+01 1.407305e+20
2.126959e+01 9.075582e+19
2.210455e+01 5.742739e+19
2.297228e+01 3.564178e+19
2.387407e+01 2.168934e+19
2.481126e+01 1.293846e+19
2.578524e+01 7.564386e+18
2.679746e+01 4.332143e+18
2.784941e+01 2.429520e+18
2.894266e+01 1.333836e+18
3.007882e+01 7.167186e+17
3.125959e+01 3.768817e+17
3.248671e+01 1.938868e+17
3.376200e+01 9.754288e+16
3.508734e+01 4.797441e+16
3.646472e+01 2.306364e+16
3.789617e+01 1.083688e+16
3.938381e+01 4.975629e+15
4.092985e+01 2.232006e+15
4.253658e+01 9.782955e+14
4.420638e+01 4.194480e+14
4.594173e+01 1.775384e+14
4.774521e+01 7.547145e+13
4.961948e+01 3.272712e+13
5.156732e+01 1.479593e+13
5.359163e+01 7.137534e+12
5.569541e+01 3.914151e+12
5.788177e+01 2.391409e+12
6.015396e+01 1.637994e+12
6.251534e+01 1.243849e+12
6.496943e+01 9.547668e+11
6.751984e+01 7.386249e+11
7.017038e+01 5.493404e+11
7.292497e+01 4.397342e+11
7.578769e+01 2.921254e+11
7.876279e+01 2.128392e+11
8.185467e+01 1.537139e+11
8.506794e+01 1.085382e+11
8.840734e+01 7.771445e+10
9.187783e+01 4.952198e+10
9.548455e+01 3.122393e+10
9.923286e+01 2.200041e+10
1.031283e+02 1.466547e+10
1.071767e+02 9.853822e+09
1.113840e+02 5.791021e+09
1.157564e+02 3.792890e+09
1.203005e+02 2.124249e+09
1.250230e+02 1.187000e+09
1.299309e+02 6.569577e+08
1.350314e+02 3.575101e+08
1.403322e+02 1.720324e+08
1.458410e+02 8.653720e+07
1.515661e+02 4.212232e+07
1.575159e+02 2.178783e+07
1.636993e+02 9.983614e+06
1.701254e+02 4.881515e+06
1.768038e+02 2.674808e+06
1.837444e+02 1.498737e+06
1.909574e+02 7.634920e+05
1.984535e+02 4.532640e+05
2.062440e+02 2.290394e+05
2.143402e+02 1.164499e+05
2.227543e+02 6.489302e+04
2.314987e+02 3.047079e+04
2.405863e+02 1.330783e+04
2.500307e+02 5.998643e+03
2.598458e+02 2.242861e+03
2.700462e+02 8.967318e+02
2.806471e+02 3.353762e+02
2.916641e+02 1.250783e+02
3.031136e+02 3.841766e+01
3.150125e+02 1.330898e+01
3.273785e+02 3.451250e+00
3.402300e+02 9.678600e-01
3.535859e+02 2.208433e-01
3.674662e+02 6.547647e-02
3.818913e+02 1.516609e-02
3.968828e+02 2.091726e-03
4.124626e+02 4.705836e-04
4.286542e+02 8.772659e-05
4.454812e+02 1.614711e-05
4.629689e+02 2.499617e-06
4.811431e+02 3.991322e-07
5.000307e+02 5.581076e-08
5.196597e+02 6.478058e-09
5.400593e+02 7.751220e-10
5.612598e+02 8.546371e-11
5.832924e+02 7.759037e-12
6.061899e+02 7.058669e-13
6.299863e+02 5.462735e-14
6.547168e+02 4.118996e-15
6.804182e+02 2.680643e-16
7.071285e+02 1.612716e-17
7.348873e+02 8.296312e-19
7.637358e+02 3.496057e-20
7.937168e+02 1.850578e-21
8.248746e+02 4.350481e-22
8.572557e+02 4.186305e-22
8.909078e+02 4.028312e-22
9.258810e+02 3.876282e-22
9.622271e+02 3.729992e-22
