1.000000e-02 3.196363e+19
1.039256e-02 3.446303e+19
1.080052e-02 3.714457e+19
1.122451e-02 4.003148e+19
1.166513e-02 4.313650e+19
1.212305e-02 4.647999e+19
1.259895e-02 5.008235e+19
1.309353e-02 5.396393e+19
1.360753e-02 5.814623e+19
1.414170e-02 6.264908e+19
1.469684e-02 6.749812e+19
1.527378e-02 7.271427e+19
1.587336e-02 7.832536e+19
1.649648e-02 8.435906e+19
1.714406e-02 9.084524e+19
1.781706e-02 9.781177e+19
1.851648e-02 1.053015e+20
1.924336e-02 1.133517e+20
1.999877e-02 1.220058e+20
2.078384e-02 1.313128e+20
2.159972e-02 1.413210e+20
2.244763e-02 1.520869e+20
2.332883e-02 1.636635e+20
2.424462e-02 1.761135e+20
2.519636e-02 1.894816e+20
2.618546e-02 2.038435e+20
2.721339e-02 2.192686e+20
2.828167e-02 2.358046e+20
2.939188e-02 2.535636e+20
3.054568e-02 2.725846e+20
3.174477e-02 2.930159e+20
3.299094e-02 3.149191e+20
3.428602e-02 3.384388e+20
3.563194e-02 3.636645e+20
3.703070e-02 3.908027e+20
3.848436e-02 4.199374e+20
3.999509e-02 4.512126e+20
4.156512e-02 4.846515e+20
4.319679e-02 5.204865e+20
4.489251e-02 5.589889e+20
4.665480e-02 6.002917e+20
4.848626e-02 6.444816e+20
5.038963e-02 6.917987e+20
5.236771e-02 7.424874e+20
5.442344e-02 7.967793e+20
5.655986e-02 8.549194e+20
5.878016e-02 9.172545e+20
6.108762e-02 9.839054e+20
6.348565e-02 1.055345e+21
6.597782e-02 1.131946e+21
6.856783e-02 1.213985e+21
7.125951e-02 1.301842e+21
7.405685e-02 1.395869e+21
7.696400e-02 1.496467e+21
7.998528e-02 1.604098e+21
8.312515e-02 1.719198e+21
8.638828e-02 1.842264e+21
8.977952e-02 1.973919e+21
9.330387e-02 2.114732e+21
9.696658e-02 2.265319e+21
1.007731e-01 2.426475e+21
1.047290e-01 2.598866e+21
1.088402e-01 2.783430e+21
1.131128e-01 2.980641e+21
1.175531e-01 3.191655e+21
1.221677e-01 3.417043e+21
1.269635e-01 3.657972e+21
1.319476e-01 3.915485e+21
1.371272e-01 4.190396e+21
1.425103e-01 4.484281e+21
1.481046e-01 4.798123e+21
1.539185e-01 5.133335e+21
1.599607e-01 5.491519e+21
1.662401e-01 5.873809e+21
1.727660e-01 6.282277e+21
1.795480e-01 6.718384e+21
1.865963e-01 7.184452e+21
1.939213e-01 7.680158e+21
2.015338e-01 8.209747e+21
2.094451e-01 8.774321e+21
2.176670e-01 9.376489e+21
2.262117e-01 1.001830e+22
2.350918e-01 1.070230e+22
2.443205e-01 1.143109e+22
2.539114e-01 1.220718e+22
2.638789e-01 1.303351e+22
2.742377e-01 1.391270e+22
2.850031e-01 1.484830e+22
2.961910e-01 1.584300e+22
3.078182e-01 1.690034e+22
3.199018e-01 1.802354e+22
3.324598e-01 1.921688e+22
3.455107e-01 2.048408e+22
3.590740e-01 2.183235e+22
3.731697e-01 2.325321e+22
3.878187e-01 2.476187e+22
4.030428e-01 2.636082e+22
4.188645e-01 2.805466e+22
4.353073e-01 2.984788e+22
4.523956e-01 3.174102e+22
4.701547e-01 3.373415e+22
4.886110e-01 3.584016e+22
5.077917e-01 3.805823e+22
5.277255e-01 4.039721e+22
5.484417e-01 4.286005e+22
5.699711e-01 4.545066e+22
5.923457e-01 4.817393e+22
6.155986e-01 5.103374e+22
6.397644e-01 5.403857e+22
6.648788e-01 5.716312e+22
6.909791e-01 6.044191e+22
7.181039e-01 6.387350e+22
7.462936e-01 6.746624e+22
7.755898e-01 7.120097e+22
8.060361e-01 7.509833e+22
8.376776e-01 7.915454e+22
8.705612e-01 8.337234e+22
9.047357e-01 8.775074e+22
9.402518e-01 9.229228e+22
9.771620e-01 9.699885e+22
1.015521e+00 1.018745e+23
1.055386e+00 1.068920e+23
1.096816e+00 1.120811e+23
1.139872e+00 1.174346e+23
1.184619e+00 1.229633e+23
1.231122e+00 1.286364e+23
1.279450e+00 1.344646e+23
1.329676e+00 1.404271e+23
1.381873e+00 1.465375e+23
1.436120e+00 1.528140e+23
1.492496e+00 1.592237e+23
1.551084e+00 1.657826e+23
1.611973e+00 1.725160e+23
1.675252e+00 1.794148e+23
1.741016e+00 1.864848e+23
1.809360e+00 1.936656e+23
1.880388e+00 2.010270e+23
1.954204e+00 2.085548e+23
2.030918e+00 2.162079e+23
2.110643e+00 2.240282e+23
2.193497e+00 2.320132e+23
2.279605e+00 2.401745e+23
2.369092e+00 2.485086e+23
2.462092e+00 2.569964e+23
2.558743e+00 2.656466e+23
2.659189e+00 2.744344e+23
2.763577e+00 2.833677e+23
2.872063e+00 2.924425e+23
2.984808e+00 3.016619e+23
3.101979e+00 3.110123e+23
3.223749e+00 3.204334e+23
3.350299e+00 3.298739e+23
3.481818e+00 3.393107e+23
3.618499e+00 3.486859e+23
3.760545e+00 3.579393e+23
3.908168e+00 3.670109e+23
4.061586e+00 3.758271e+23
4.221026e+00 3.842922e+23
4.386726e+00 3.923206e+23
4.558930e+00 3.998038e+23
4.737894e+00 4.066314e+23
4.923883e+00 4.126897e+23
5.117173e+00 4.178688e+23
5.318051e+00 4.220873e+23
5.526815e+00 4.251935e+23
5.743774e+00 4.270416e+23
5.969250e+00 4.275080e+23
6.203577e+00 4.264743e+23
6.447102e+00 4.238044e+23
6.700188e+00 4.192058e+23
6.963208e+00 4.135756e+23
7.236553e+00 4.062699e+23
7.520629e+00 3.970610e+23
7.815857e+00 3.859746e+23
8.122673e+00 3.729830e+23
8.441534e+00 3.589668e+23
8.772913e+00 3.432951e+23
9.117300e+00 3.262109e+23
9.475205e+00 3.080244e+23
9.847161e+00 2.890177e+23
1.023372e+01 2.693036e+23
1.063545e+01 2.491514e+23
1.105295e+01 2.287729e+23
1.148684e+01 2.083821e+23
1.193777e+01 1.882273e+23
1.240639e+01 1.685294e+23
1.289341e+01 1.495178e+23
1.339955e+01 1.313870e+23
1.392556e+01 1.143127e+23
1.447222e+01 9.843749e+22
1.504034e+01 8.387446e+22
1.563075e+01 7.067587e+22
1.624435e+01 5.886453e+22
1.688203e+01 4.843286e+22
1.754475e+01 3.935010e+22
1.823348e+01 3.155339e+22
1.894925e+01 2.495948e+22
1.969311e+01 1.946684e+22
2.046618e+01 1.496473e+22
2.126959e+01 1.133317e+22
2.210455e+01 8.450394e+21
2.297228e+01 6.199493e+21
2.387407e+01 4.472663e+21
2.481126e+01 3.171597e+21
2.578524e+01 2.209012e+21
2.679746e+01 1.510380e+21
2.784941e+01 1.013240e+21
2.894266e+01 6.665092e+20
3.007882e+01 4.296581e+20
3.125959e+01 2.712722e+20
3.248671e+01 1.676239e+20
3.376200e+01 1.013004e+20
3.508734e+01 5.983288e+19
3.646472e+01 3.452150e+19
3.789617e+01 1.944821e+19
3.938381e+01 1.069045e+19
4.092985e+01 5.729920e+18
4.253658e+01 2.992392e+18
4.420638e+01 1.521673e+18
4.594173e+01 7.529920e+17
4.774521e+01 3.623933e+17
4.961948e+01 1.695420e+17
5.156732e+01 7.707135e+16
5.359163e+01 3.402167e+16
5.569541e+01 1.457545e+16
5.788177e+01 6.056591e+15
6.015396e+01 2.438166e+15
6.251534e+01 9.496440e+14
6.496943e+01 3.569432e+14
6.751984e+01 1.282917e+14
7.017038e+01 4.377835e+13
7.292497e+01 1.367039e+13
7.578769e+01 3.423680e+12
7.876279e+01 9.468371e+11
8.185467e+01 2.493756e+11
8.506794e+01 5.558624e+10
8.840734e+01 1.432605e+10
9.187783e+01 1.491074e+09
9.548455e+01 2.516985e+08
9.923286e+01 5.804831e+07
1.031283e+02 1.299972e+07
1.071767e+02 2.899547e+06
1.113840e+02 6.247731e+05
1.157564e+02 1.297178e+05
1.203005e+02 2.599108e+04
1.250230e+02 4.972144e+03
1.299309e+02 9.027953e+02
1.350314e+02 1.551592e+02
1.403322e+02 2.530577e+01
1.458410e+02 3.935092e+00
1.515661e+02 5.676631e-01
1.575159e+02 7.373893e-02
1.636993e+02 9.168081e-03
1.701254e+02 1.480584e-03
1.768038e+02 2.945798e-03
1.837444e+02 1.486099e-03
1.909574e+02 2.680795e-03
1.984535e+02 2.555245e-03
2.062440e+02 2.428273e-03
2.143402e+02 1.257412e-03
2.227543e+02 1.202184e-03
2.314987e+02 1.144082e-03
2.405863e+02 2.104758e-03
2.500307e+02 1.067346e-03
2.598458e+02 2.004031e-03
2.700462e+02 9.965483e-04
2.806471e+02 1.904715e-03
2.916641e+02 1.824258e-03
3.031136e+02 9.175237e-04
3.150125e+02 8.795256e-04
3.273785e+02 8.321468e-04
3.402300e+02 1.554547e-03
3.535859e+02 1.456981e-03
3.674662e+02 5.817701e-04
3.818913e+02 3.624891e-04
3.968828e+02 6.834531e-05
4.124626e+02 6.091753e-05
4.286542e+02 1.085733e-05
4.454812e+02 4.035144e-06
4.629689e+02 2.169563e-06
4.811431e+02 3.005228e-07
5.000307e+02 9.859696e-08
5.196597e+02 2.750401e-08
5.400593e+02 7.085654e-09
5.612598e+02 2.112125e-09
5.832924e+02 3.924673e-10
6.061899e+02 5.750605e-11
6.299863e+02 1.794250e-11
6.547168e+02 2.728348e-12
6.804182e+02 4.614098e-13
7.071285e+02 7.247107e-14
7.348873e+02 1.084763e-14
7.637358e+02 1.122575e-15
7.937168e+02 1.509644e-16
8.248746e+02 2.238433e-17
8.572557e+02 3.346041e-18
8.909078e+02 1.957604e-19
9.258810e+02 1.884539e-20
9.622271e+02 1.929887e-21
