1.000000e-02 3.187226e+19
1.039256e-02 3.435732e+19
1.080052e-02 3.702190e+19
1.122451e-02 3.988887e+19
1.166513e-02 4.297047e+19
1.212305e-02 4.628631e+19
1.259895e-02 4.985992e+19
1.309353e-02 5.371077e+19
1.360753e-02 5.785886e+19
1.414170e-02 6.232369e+19
1.469684e-02 6.713170e+19
1.527378e-02 7.230579e+19
1.587336e-02 7.787189e+19
1.649648e-02 8.385649e+19
1.714406e-02 9.028918e+19
1.781706e-02 9.719831e+19
1.851648e-02 1.046245e+20
1.924336e-02 1.126033e+20
1.999877e-02 1.211786e+20
2.078384e-02 1.303983e+20
2.159972e-02 1.403100e+20
2.244763e-02 1.509705e+20
2.332883e-02 1.624331e+20
2.424462e-02 1.747602e+20
2.519636e-02 1.879969e+20
2.618546e-02 2.022186e+20
2.721339e-02 2.174935e+20
2.828167e-02 2.338681e+20
2.939188e-02 2.514521e+20
3.054568e-02 2.702819e+20
3.174477e-02 2.905035e+20
3.299094e-02 3.121761e+20
3.428602e-02 3.354403e+20
3.563194e-02 3.603887e+20
3.703070e-02 3.872251e+20
3.848436e-02 4.160348e+20
3.999509e-02 4.469680e+20
4.156512e-02 4.800387e+20
4.319679e-02 5.154840e+20
4.489251e-02 5.535790e+20
4.665480e-02 5.944533e+20
4.848626e-02 6.381921e+20
5.038963e-02 6.850310e+20
5.236771e-02 7.352082e+20
5.442344e-02 7.889540e+20
5.655986e-02 8.465357e+20
5.878016e-02 9.083911e+20
6.108762e-02 9.742717e+20
6.348565e-02 1.044943e+21
6.597782e-02 1.120819e+21
6.856783e-02 1.202092e+21
7.125951e-02 1.289184e+21
7.405685e-02 1.382430e+21
7.696400e-02 1.482267e+21
7.998528e-02 1.589120e+21
8.312515e-02 1.703438e+21
8.638828e-02 1.825731e+21
8.977952e-02 1.956643e+21
9.330387e-02 2.096698e+21
9.696658e-02 2.246513e+21
1.007731e-01 2.406924e+21
1.047290e-01 2.578633e+21
1.088402e-01 2.762770e+21
1.131128e-01 2.959270e+21
1.175531e-01 3.169934e+21
1.221677e-01 3.394842e+21
1.269635e-01 3.635539e+21
1.319476e-01 3.892851e+21
1.371272e-01 4.167879e+21
1.425103e-01 4.462041e+21
1.481046e-01 4.776375e+21
1.539185e-01 5.112370e+21
1.599607e-01 5.471825e+21
1.662401e-01 5.855211e+21
1.727660e-01 6.265327e+21
1.795480e-01 6.703718e+21
1.865963e-01 7.173361e+21
1.939213e-01 7.670582e+21
2.015338e-01 8.203342e+21
2.094451e-01 8.771371e+21
2.176670e-01 9.377817e+21
2.262117e-01 1.002424e+22
2.350918e-01 1.071365e+22
2.443205e-01 1.144854e+22
2.539114e-01 1.223158e+22
2.638789e-01 1.306544e+22
2.742377e-01 1.395246e+22
2.850031e-01 1.489685e+22
2.961910e-01 1.590108e+22
3.078182e-01 1.696953e+22
3.199018e-01 1.810460e+22
3.324598e-01 1.931066e+22
3.455107e-01 2.059287e+22
3.590740e-01 2.196176e+22
3.731697e-01 2.339305e+22
3.878187e-01 2.491627e+22
4.030428e-01 2.653256e+22
4.188645e-01 2.824748e+22
4.353073e-01 3.006429e+22
4.523956e-01 3.197790e+22
4.701547e-01 3.399132e+22
4.886110e-01 3.611884e+22
5.077917e-01 3.835562e+22
5.277255e-01 4.071695e+22
5.484417e-01 4.320569e+22
5.699711e-01 4.582468e+22
5.923457e-01 4.858056e+22
6.155986e-01 5.147771e+22
6.397644e-01 5.452839e+22
6.648788e-01 5.767127e+22
6.909791e-01 6.097960e+22
7.181039e-01 6.444980e+22
7.462936e-01 6.809660e+22
7.755898e-01 7.186379e+22
8.060361e-01 7.580619e+22
8.376776e-01 7.990863e+22
8.705612e-01 8.417721e+22
9.047357e-01 8.860658e+22
9.402518e-01 9.320323e+22
9.771620e-01 9.796988e+22
1.015521e+00 1.029061e+23
1.055386e+00 1.079869e+23
1.096816e+00 1.132425e+23
1.139872e+00 1.186739e+23
1.184619e+00 1.242945e+23
1.231122e+00 1.300322e+23
1.279450e+00 1.358633e+23
1.329676e+00 1.419826e+23
1.381873e+00 1.481875e+23
1.436120e+00 1.545452e+23
1.492496e+00 1.610474e+23
1.551084e+00 1.677036e+23
1.611973e+00 1.745447e+23
1.675252e+00 1.815709e+23
1.741016e+00 1.887584e+23
1.809360e+00 1.960705e+23
1.880388e+00 2.035703e+23
1.954204e+00 2.112272e+23
2.030918e+00 2.190061e+23
2.110643e+00 2.269321e+23
2.193497e+00 2.350216e+23
2.279605e+00 2.432822e+23
2.369092e+00 2.517170e+23
2.462092e+00 2.602874e+23
2.558743e+00 2.689890e+23
2.659189e+00 2.778379e+23
2.763577e+00 2.868032e+23
2.872063e+00 2.958963e+23
2.984808e+00 3.051251e+23
3.101979e+00 3.144713e+23
3.223749e+00 3.238783e+23
3.350299e+00 3.332824e+23
3.481818e+00 3.426613e+23
3.618499e+00 3.519627e+23
3.760545e+00 3.611286e+23
3.908168e+00 3.700998e+23
4.061586e+00 3.787979e+23
4.221026e+00 3.871459e+23
4.386726e+00 3.950403e+23
4.558930e+00 4.023784e+23
4.737894e+00 4.090483e+23
4.923883e+00 4.149501e+23
5.117173e+00 4.199598e+23
5.318051e+00 4.240017e+23
5.526815e+00 4.269172e+23
5.743774e+00 4.285566e+23
5.969250e+00 4.287873e+23
6.203577e+00 4.274702e+23
6.447102e+00 4.244132e+23
6.700188e+00 4.190197e+23
6.963208e+00 4.134283e+23
7.236553e+00 4.062205e+23
7.520629e+00 3.968208e+23
7.815857e+00 3.852806e+23
8.122673e+00 3.715907e+23
8.441534e+00 3.574353e+23
8.772913e+00 3.414487e+23
9.117300e+00 3.239466e+23
9.475205e+00 3.055006e+23
9.847161e+00 2.864731e+23
1.023372e+01 2.667930e+23
1.063545e+01 2.467395e+23
1.105295e+01 2.265228e+23
1.148684e+01 2.063320e+23
1.193777e+01 1.863985e+23
1.240639e+01 1.669304e+23
1.289341e+01 1.481462e+23
1.339955e+01 1.302337e+23
1.392556e+01 1.133625e+23
1.447222e+01 9.767123e+22
1.504034e+01 8.327060e+22
1.563075e+01 7.021163e+22
1.624435e+01 5.851712e+22
1.688203e+01 4.818087e+22
1.754475e+01 3.917379e+22
1.823348e+01 3.143530e+22
1.894925e+01 2.488482e+22
1.969311e+01 1.942343e+22
2.046618e+01 1.494280e+22
2.126959e+01 1.132532e+22
2.210455e+01 8.451066e+21
2.297228e+01 6.204737e+21
2.387407e+01 4.479844e+21
2.481126e+01 3.179064e+21
2.578524e+01 2.215829e+21
2.679746e+01 1.516121e+21
2.784941e+01 1.017796e+21
2.894266e+01 6.699519e+20
3.007882e+01 4.321546e+20
3.125959e+01 2.730151e+20
3.248671e+01 1.687974e+20
3.376200e+01 1.020639e+20
3.508734e+01 6.031346e+19
3.646472e+01 3.481426e+19
3.789617e+01 1.962097e+19
3.938381e+01 1.078915e+19
4.092985e+01 5.784489e+18
4.253658e+01 3.021574e+18
4.420638e+01 1.536763e+18
4.594173e+01 7.605314e+17
4.774521e+01 3.660310e+17
4.961948e+01 1.712357e+17
5.156732e+01 7.783182e+16
5.359163e+01 3.435068e+16
5.569541e+01 1.471252e+16
5.788177e+01 6.111607e+15
6.015396e+01 2.460285e+15
6.251534e+01 9.578831e+14
6.496943e+01 3.599876e+14
6.751984e+01 1.292287e+14
7.017038e+01 4.402811e+13
7.292497e+01 1.354819e+13
7.578769e+01 3.373949e+12
7.876279e+01 9.502797e+11
8.185467e+01 2.495497e+11
8.506794e+01 5.539682e+10
8.840734e+01 1.420689e+10
9.187783e+01 5.396536e+08
9.548455e+01 2.243871e+08
9.923286e+01 5.180386e+07
1.031283e+02 1.195185e+07
1.071767e+02 2.690457e+06
1.113840e+02 5.836500e+05
1.157564e+02 1.217369e+05
1.203005e+02 2.452922e+04
1.250230e+02 4.719645e+03
1.299309e+02 1.177567e+03
1.350314e+02 1.956353e+02
1.403322e+02 2.428929e+01
1.458410e+02 3.787113e+00
1.515661e+02 5.366711e-01
1.575159e+02 7.313562e-02
1.636993e+02 7.527653e-03
1.701254e+02 1.611773e-03
1.768038e+02 3.051887e-03
1.837444e+02 1.480844e-03
1.909574e+02 2.799721e-03
1.984535e+02 2.654207e-03
2.062440e+02 2.500355e-03
2.143402e+02 1.260621e-03
2.227543e+02 1.218129e-03
2.314987e+02 1.177061e-03
2.405863e+02 1.137475e-03
2.500307e+02 1.084739e-03
2.598458e+02 2.054124e-03
2.700462e+02 1.013888e-03
2.806471e+02 1.925575e-03
2.916641e+02 1.820346e-03
3.031136e+02 9.203620e-04
3.150125e+02 8.815404e-04
3.273785e+02 8.314486e-04
3.402300e+02 1.569034e-03
3.535859e+02 1.474282e-03
3.674662e+02 5.626351e-04
3.818913e+02 2.632519e-04
3.968828e+02 8.956470e-05
4.124626e+02 3.298153e-05
4.286542e+02 1.020638e-05
4.454812e+02 3.767057e-06
4.629689e+02 1.192967e-06
4.811431e+02 3.607672e-07
5.000307e+02 8.817502e-08
5.196597e+02 2.747465e-08
5.400593e+02 7.027685e-09
5.612598e+02 1.747006e-09
5.832924e+02 3.827886e-10
6.061899e+02 6.507522e-11
6.299863e+02 1.537888e-11
6.547168e+02 2.969639e-12
6.804182e+02 6.408177e-13
7.071285e+02 7.197104e-14
7.348873e+02 1.066178e-14
7.637358e+02 6.522238e-16
7.937168e+02 9.799923e-17
8.248746e+02 2.308811e-17
8.572557e+02 3.215090e-18
8.909078e+02 1.927368e-19
9.258810e+02 1.638959e-20
9.622271e+02 1.655018e-21
