1.253500E-03       3.694900E+16
1.312700E-03       3.981900E+16
1.374800E-03       4.293300E+16
1.439800E-03       4.631500E+16
1.507900E-03       4.998900E+16
1.579200E-03       5.414600E+16
1.653900E-03       5.848600E+16
1.732100E-03       6.320800E+16
1.814000E-03       6.834500E+16
1.899800E-03       7.393800E+16
1.989700E-03       8.002800E+16
2.083800E-03       8.666100E+16
2.182300E-03       9.388900E+16
2.285500E-03       1.017700E+17
2.393600E-03       1.103600E+17
2.506800E-03       1.197300E+17
2.625300E-03       1.299500E+17
2.749500E-03       1.411000E+17
2.879500E-03       1.532800E+17
3.015700E-03       1.665700E+17
3.158300E-03       1.810900E+17
3.307600E-03       1.969400E+17
3.464100E-03       2.151900E+17
3.627900E-03       2.341300E+17
3.799400E-03       2.548200E+17
3.979100E-03       2.774400E+17
4.167300E-03       3.021600E+17
4.364400E-03       3.291900E+17
4.570700E-03       3.587600E+17
4.786900E-03       3.911000E+17
5.013300E-03       4.264800E+17
5.250300E-03       4.651900E+17
5.498600E-03       5.075500E+17
5.758700E-03       5.539200E+17
6.031000E-03       6.046700E+17
6.316200E-03       6.602400E+17
6.614900E-03       7.210900E+17
6.927700E-03       7.877200E+17
7.255300E-03       8.606900E+17
7.598400E-03       9.406200E+17
7.957700E-03       1.028200E+18
8.334100E-03       1.124100E+18
8.728200E-03       1.229200E+18
9.140900E-03       1.344400E+18
9.573200E-03       1.470600E+18
1.002600E-02       1.608900E+18
1.050000E-02       1.760400E+18
1.099700E-02       1.926600E+18
1.151700E-02       2.108700E+18
1.206100E-02       2.308300E+18
1.263200E-02       2.527100E+18
1.322900E-02       2.767000E+18
1.385500E-02       3.024000E+18
1.451000E-02       3.310600E+18
1.519600E-02       3.624700E+18
1.591400E-02       3.968800E+18
1.666700E-02       4.346000E+18
1.745500E-02       4.759200E+18
1.828100E-02       5.212100E+18
1.914500E-02       5.708300E+18
2.005100E-02       6.252000E+18
2.099900E-02       6.847700E+18
2.199200E-02       7.500400E+18
2.303200E-02       8.215400E+18
2.412100E-02       8.998700E+18
2.526200E-02       9.856800E+18
2.645600E-02       1.079700E+19
2.770700E-02       1.182600E+19
2.901800E-02       1.295300E+19
3.039000E-02       1.418800E+19
3.182700E-02       1.553900E+19
3.333200E-02       1.701900E+19
3.490800E-02       1.863900E+19
3.655900E-02       2.041200E+19
3.828800E-02       2.235200E+19
4.009900E-02       2.447400E+19
4.199500E-02       2.679600E+19
4.398100E-02       2.933700E+19
4.606100E-02       3.211400E+19
4.823900E-02       3.515200E+19
5.052000E-02       3.847100E+19
5.290900E-02       4.210000E+19
5.541100E-02       4.606600E+19
5.803200E-02       5.039700E+19
6.077600E-02       5.512800E+19
6.365000E-02       6.029300E+19
6.666000E-02       6.593100E+19
6.981300E-02       7.208300E+19
7.311400E-02       7.879700E+19
7.657100E-02       8.611800E+19
8.019300E-02       9.409900E+19
8.398500E-02       1.028000E+20
8.795600E-02       1.122700E+20
9.211600E-02       1.225900E+20
9.647200E-02       1.338200E+20
1.010300E-01       1.460400E+20
1.058100E-01       1.593400E+20
1.108200E-01       1.737900E+20
1.160600E-01       1.895000E+20
1.215400E-01       2.065600E+20
1.272900E-01       2.250700E+20
1.333100E-01       2.451500E+20
1.396200E-01       2.669300E+20
1.462200E-01       2.905200E+20
1.531300E-01       3.160600E+20
1.603800E-01       3.437000E+20
1.679600E-01       3.735900E+20
1.759000E-01       4.059000E+20
1.842200E-01       4.407800E+20
1.929300E-01       4.784100E+20
2.020600E-01       5.189600E+20
2.116100E-01       5.626200E+20
2.216200E-01       6.095900E+20
2.321000E-01       6.600700E+20
2.430700E-01       7.142900E+20
2.545700E-01       7.724200E+20
2.666100E-01       8.346800E+20
2.792200E-01       9.013000E+20
2.924200E-01       9.724700E+20
3.062500E-01       1.048400E+21
3.207300E-01       1.129300E+21
3.359000E-01       1.215400E+21
3.517800E-01       1.306900E+21
3.684200E-01       1.403900E+21
3.858400E-01       1.506600E+21
4.040900E-01       1.615200E+21
4.232000E-01       1.729700E+21
4.432100E-01       1.850200E+21
4.641700E-01       1.976700E+21
4.861200E-01       2.109300E+21
5.091100E-01       2.247800E+21
5.331800E-01       2.392100E+21
5.584000E-01       2.541900E+21
5.848000E-01       2.697000E+21
6.124600E-01       2.857000E+21
6.414200E-01       3.021500E+21
6.717500E-01       3.189600E+21
7.035200E-01       3.360900E+21
7.367900E-01       3.534300E+21
7.716300E-01       3.708900E+21
8.081200E-01       3.883600E+21
8.463400E-01       4.057100E+21
8.863600E-01       4.228000E+21
9.282800E-01       4.394800E+21
9.721800E-01       4.555700E+21
1.018200E+00       4.708900E+21
1.066300E+00       4.852600E+21
1.116700E+00       4.984700E+21
1.169500E+00       5.103300E+21
1.224800E+00       5.206200E+21
1.282800E+00       5.291500E+21
1.343400E+00       5.357300E+21
1.407000E+00       5.401800E+21
1.473500E+00       5.423300E+21
1.543200E+00       5.420600E+21
1.616200E+00       5.392600E+21
1.692600E+00       5.338600E+21
1.772600E+00       5.258400E+21
1.856400E+00       5.152200E+21
1.944200E+00       5.020500E+21
2.036200E+00       4.864600E+21
2.132500E+00       4.685900E+21
2.233300E+00       4.486500E+21
2.338900E+00       4.268800E+21
2.449500E+00       4.035500E+21
2.565400E+00       3.789500E+21
2.686700E+00       3.534200E+21
2.813700E+00       3.272800E+21
2.946800E+00       3.008400E+21
3.086200E+00       2.744400E+21
3.232100E+00       2.483800E+21
3.384900E+00       2.229400E+21
3.545000E+00       1.983600E+21
3.712700E+00       1.748800E+21
3.888200E+00       1.526700E+21
4.072100E+00       1.319000E+21
4.264700E+00       1.126900E+21
4.466400E+00       9.512400E+20
4.677600E+00       7.925500E+20
4.898800E+00       6.510800E+20
5.130400E+00       5.267700E+20
5.373000E+00       4.192200E+20
5.627100E+00       3.277400E+20
5.893200E+00       2.513500E+20
6.171900E+00       1.888300E+20
6.463800E+00       1.387500E+20
6.769500E+00       9.957100E+19
7.089600E+00       6.967400E+19
7.424900E+00       4.746100E+19
7.776000E+00       3.142000E+19
8.143700E+00       2.018000E+19
8.528800E+00       1.255200E+19
8.932200E+00       7.546200E+18
9.354600E+00       4.376800E+18
9.796900E+00       2.444000E+18
1.026000E+01       1.310900E+18
1.074500E+01       6.739400E+17
1.125400E+01       3.312400E+17
1.178600E+01       1.552300E+17
1.234300E+01       6.917300E+16
1.292700E+01       2.921900E+16
1.353800E+01       1.166100E+16
1.417800E+01       4.381600E+15
1.484900E+01       1.544000E+15
1.555100E+01       5.081500E+14
1.628600E+01       1.554900E+14
1.705700E+01       4.402900E+13
1.786300E+01       1.147800E+13
1.870800E+01       2.740300E+12
1.959300E+01       5.960900E+11
2.051900E+01       1.175600E+11
2.149000E+01       2.093200E+10
2.250600E+01       3.355100E+09
2.357000E+01       4.834400E+08
2.468500E+01       6.261200E+07
2.585200E+01       7.288000E+06
2.707500E+01       7.602800E+05
2.835500E+01       7.239300E+04
2.969600E+01       7.718600E+03
