   3.2321E+00   1.7695E+20   1.6980E+21   1.5065E+22   5.4096E+22   8.5370E+22   1.1247E+23   1.4715E+23   1.9074E+23   2.2299E+23   2.7104E+23   3.0295E+23   3.2756E+23   3.4551E+23   3.5527E+23   3.5603E+23   3.5485E+23   3.4526E+23   3.3096E+23   3.0279E+23   2.9085E+23
   3.3849E+00   1.5674E+20   1.5217E+21   1.3839E+22   5.2114E+22   8.3955E+22   1.1183E+23   1.4767E+23   1.9303E+23   2.2693E+23   2.7808E+23   3.1248E+23   3.3932E+23   3.5928E+23   3.7077E+23   3.7229E+23   3.7179E+23   3.6271E+23   3.4883E+23   3.2066E+23   3.0866E+23
   3.5450E+00   1.3849E+20   1.2783E+21   1.1128E+22   4.7882E+22   8.0706E+22   1.0978E+23   1.4725E+23   1.9465E+23   2.3031E+23   2.8475E+23   3.2180E+23   3.5105E+23   3.7319E+23   3.8658E+23   3.8893E+23   3.8921E+23   3.8072E+23   3.6736E+23   3.3931E+23   3.2729E+23
   3.7127E+00   1.2351E+20   1.1513E+21   1.0188E+22   4.5778E+22   7.8764E+22   1.0835E+23   1.4677E+23   1.9584E+23   2.3321E+23   2.9101E+23   3.3084E+23   3.6265E+23   3.8713E+23   4.0260E+23   4.0588E+23   4.0701E+23   3.9922E+23   3.8650E+23   3.5866E+23   3.4671E+23
   3.8882E+00   1.0967E+20   1.0362E+21   9.3814E+21   4.3735E+22   7.6654E+22   1.0657E+23   1.4573E+23   1.9637E+23   2.3545E+23   2.9671E+23   3.3946E+23   3.7399E+23   4.0099E+23   4.1872E+23   4.2301E+23   4.2510E+23   4.1811E+23   4.0615E+23   3.7866E+23   3.6685E+23
   4.0721E+00   9.5632E+19   9.1901E+20   8.5425E+21   4.1508E+22   7.4200E+22   1.0432E+23   1.4409E+23   1.9619E+23   2.3697E+23   3.0177E+23   3.4757E+23   3.8497E+23   4.1463E+23   4.3480E+23   4.4021E+23   4.4335E+23   4.3727E+23   4.2621E+23   3.9920E+23   3.8762E+23
   4.2647E+00   7.5683E+19   7.3861E+20   7.3256E+21   3.8787E+22   7.1218E+22   1.0148E+23   1.4179E+23   1.9527E+23   2.3770E+23   3.0607E+23   3.5503E+23   3.9543E+23   4.2793E+23   4.5071E+23   4.5732E+23   4.6162E+23   4.5656E+23   4.4654E+23   4.2016E+23   4.0894E+23
   4.4664E+00   6.5283E+19   6.4339E+20   6.4128E+21   3.5494E+22   6.7331E+22   9.7705E+22   1.3862E+23   1.9346E+23   2.3753E+23   3.0950E+23   3.6169E+23   4.0522E+23   4.4069E+23   4.6625E+23   4.7418E+23   4.7972E+23   4.7582E+23   4.6699E+23   4.4142E+23   4.3066E+23
   4.6776E+00   5.5980E+19   5.6022E+20   5.7076E+21   3.2928E+22   6.3924E+22   9.4013E+22   1.3503E+23   1.9088E+23   2.3645E+23   3.1194E+23   3.6741E+23   4.1415E+23   4.5273E+23   4.8125E+23   4.9058E+23   4.9747E+23   4.9484E+23   4.8737E+23   4.6280E+23   4.5263E+23
   4.8988E+00   4.6949E+19   4.7751E+20   4.9939E+21   3.0256E+22   6.0245E+22   8.9875E+22   1.3077E+23   1.8739E+23   2.3433E+23   3.1324E+23   3.7201E+23   4.2204E+23   4.6384E+23   4.9546E+23   5.0629E+23   5.1463E+23   5.1341E+23   5.0747E+23   4.8410E+23   4.7468E+23
   5.1304E+00   3.4946E+19   3.6450E+20   4.0111E+21   2.6808E+22   5.5817E+22   8.5044E+22   1.2576E+23   1.8294E+23   2.3110E+23   3.1328E+23   3.7532E+23   4.2868E+23   4.7379E+23   5.0865E+23   5.2108E+23   5.3097E+23   5.3130E+23   5.2707E+23   5.0512E+23   4.9659E+23
   5.3730E+00   2.8593E+19   3.0489E+20   3.4599E+21   2.4182E+22   5.1596E+22   7.9877E+22   1.2002E+23   1.7749E+23   2.2669E+23   3.1192E+23   3.7716E+23   4.3385E+23   4.8234E+23   5.2058E+23   5.3468E+23   5.4622E+23   5.4822E+23   5.4589E+23   5.2559E+23   5.1814E+23
   5.6271E+00   2.3297E+19   2.5519E+20   2.9755E+21   2.1325E+22   4.6572E+22   7.3635E+22   1.1321E+23   1.7088E+23   2.2096E+23   3.0899E+23   3.7734E+23   4.3734E+23   4.8925E+23   5.3095E+23   5.4681E+23   5.6008E+23   5.6391E+23   5.6366E+23   5.4526E+23   5.3905E+23
   5.8932E+00   1.8730E+19   2.1186E+20   2.5597E+21   1.9030E+22   4.2405E+22   6.8026E+22   1.0628E+23   1.6344E+23   2.1405E+23   3.0447E+23   3.7573E+23   4.3894E+23   4.9425E+23   5.3949E+23   5.5718E+23   5.7226E+23   5.7804E+23   5.8006E+23   5.6382E+23   5.5905E+23
   6.1719E+00   1.4817E+19   1.7372E+20   2.1826E+21   1.6862E+22   3.8304E+22   6.2288E+22   9.8858E+22   1.5503E+23   2.0584E+23   2.9822E+23   3.7216E+23   4.3845E+23   4.9711E+23   5.4592E+23   5.6549E+23   5.8244E+23   5.9031E+23   5.9478E+23   5.8096E+23   5.7783E+23
   6.4638E+00   1.1511E+19   1.4030E+20   1.8364E+21   1.4753E+22   3.4162E+22   5.6328E+22   9.0901E+22   1.4565E+23   1.9634E+23   2.9017E+23   3.6651E+23   4.3569E+23   4.9760E+23   5.4998E+23   5.7145E+23   5.9034E+23   6.0040E+23   6.0750E+23   5.9637E+23   5.9507E+23
   6.7695E+00   8.7594E+18   1.1123E+20   1.5177E+21   1.2681E+22   2.9956E+22   5.0138E+22   8.2431E+22   1.3534E+23   1.8555E+23   2.8028E+23   3.5867E+23   4.3051E+23   4.9551E+23   5.5139E+23   5.7480E+23   5.9563E+23   6.0800E+23   6.1788E+23   6.0969E+23   6.1042E+23
   7.0896E+00   6.5000E+18   8.6108E+19   1.2245E+21   1.0646E+22   2.5696E+22   4.3737E+22   7.3479E+22   1.2414E+23   1.7353E+23   2.6853E+23   3.4860E+23   4.2279E+23   4.9068E+23   5.4995E+23   5.7526E+23   5.9806E+23   6.1280E+23   6.2560E+23   6.2061E+23   6.2354E+23
   7.4249E+00   4.6599E+18   6.4485E+19   9.5538E+20   8.6568E+21   2.1400E+22   3.7151E+22   6.4070E+22   1.1209E+23   1.6031E+23   2.5495E+23   3.3626E+23   4.1246E+23   4.8297E+23   5.4545E+23   5.7263E+23   5.9737E+23   6.1453E+23   6.3036E+23   6.2879E+23   6.3410E+23
   7.7760E+00   3.1583E+18   4.5874E+19   7.0895E+20   6.7207E+21   1.7087E+22   3.0389E+22   5.4195E+22   9.9211E+22   1.4593E+23   2.3958E+23   3.2168E+23   3.9950E+23   4.7231E+23   5.3777E+23   5.6673E+23   5.9334E+23   6.1296E+23   6.3187E+23   6.3392E+23   6.4177E+23
   8.1437E+00   1.9049E+18   2.9784E+19   4.8392E+20   4.8425E+21   1.2754E+22   2.3416E+22   4.3754E+22   8.5432E+22   1.3040E+23   2.2244E+23   3.0490E+23   3.8394E+23   4.5867E+23   5.2680E+23   5.5743E+23   5.8583E+23   6.0787E+23   6.2989E+23   6.3573E+23   6.4624E+23
   8.5288E+00   6.4405E+17   1.5486E+19   2.7810E+20   3.0111E+21   8.3457E+21   1.6076E+22   3.2418E+22   7.0502E+22   1.1361E+23   2.0356E+23   2.8600E+23   3.6585E+23   4.4210E+23   5.1253E+23   5.4467E+23   5.7472E+23   5.9913E+23   6.2423E+23   6.3397E+23   6.4722E+23
   8.9322E+00   1.1472E+17   2.5784E+18   5.9125E+19   8.2010E+20   2.6342E+21   5.9129E+21   1.6042E+22   5.1470E+22   9.4168E+22   1.8257E+23   2.6497E+23   3.4534E+23   4.2271E+23   4.9502E+23   5.2848E+23   5.6001E+23   5.8666E+23   6.1475E+23   6.2845E+23   6.4451E+23
   9.3546E+00   4.7620E+16   1.0574E+18   2.6994E+19   4.3246E+20   1.5033E+21   3.5666E+21   1.0180E+22   3.5821E+22   7.2783E+22   1.5753E+23   2.4035E+23   3.2165E+23   4.0020E+23   4.7418E+23   5.0880E+23   5.4164E+23   5.7043E+23   6.0137E+23   6.1904E+23   6.3790E+23
   9.7969E+00   2.5013E+16   5.9287E+17   1.6308E+19   2.8749E+20   1.0557E+21   2.6039E+21   7.7004E+21   2.8457E+22   6.0705E+22   1.3909E+23   2.1857E+23   2.9804E+23   3.7594E+23   4.5047E+23   4.8589E+23   5.1976E+23   5.5046E+23   5.8408E+23   6.0566E+23   6.2729E+23
   1.0260E+01   1.4405E+16   3.6012E+17   1.0809E+19   2.0802E+20   7.9904E+20   2.0276E+21   6.1218E+21   2.3217E+22   5.1139E+22   1.2243E+23   1.9721E+23   2.7357E+23   3.4977E+23   4.2404E+23   4.5992E+23   4.9454E+23   5.2693E+23   5.6297E+23   5.8834E+23   6.1263E+23
   1.0745E+01   8.3857E+15   2.2125E+17   7.1284E+18   1.4972E+20   6.0152E+20   1.5694E+21   4.8426E+21   1.8882E+22   4.2865E+22   1.0691E+23   1.7620E+23   2.4854E+23   3.2213E+23   3.9534E+23   4.3133E+23   4.6637E+23   5.0014E+23   5.3828E+23   5.6721E+23   5.9399E+23
   1.1254E+01   4.8219E+15   1.3839E+17   4.8744E+18   1.1190E+20   4.6925E+20   1.2544E+21   3.9241E+21   1.5440E+22   3.5718E+22   9.2301E+22   1.5559E+23   2.2325E+23   2.9350E+23   3.6486E+23   4.0058E+23   4.3568E+23   4.7048E+23   5.1031E+23   5.4250E+23   5.7154E+23
   1.1786E+01   2.6859E+15   8.4897E+16   3.3032E+18   8.3361E+19   3.6547E+20   1.0019E+21   3.1823E+21   1.2641E+22   2.9717E+22   7.9143E+22   1.3604E+23   1.9835E+23   2.6448E+23   3.3319E+23   3.6823E+23   4.0301E+23   4.3842E+23   4.7949E+23   5.1451E+23   5.4552E+23
   1.2343E+01   1.4377E+15   5.0553E+16   2.1940E+18   6.1268E+19   2.8148E+20   7.9239E+20   2.5601E+21   1.0272E+22   2.4505E+22   6.7119E+22   1.1753E+23   1.7411E+23   2.3553E+23   3.0089E+23   3.3486E+23   3.6892E+23   4.0450E+23   4.4629E+23   4.8365E+23   5.1627E+23
   1.2927E+01   7.3537E+14   2.9050E+16   1.4202E+18   4.4196E+19   2.1330E+20   6.1754E+20   2.0338E+21   8.2535E+21   1.9969E+22   5.6198E+22   1.0022E+23   1.5087E+23   2.0717E+23   2.6854E+23   3.0108E+23   3.3403E+23   3.6932E+23   4.1128E+23   4.5042E+23   4.8424E+23
   1.3538E+01   3.5757E+14   1.6036E+16   8.9227E+17   3.1178E+19   1.5850E+20   4.7270E+20   1.5903E+21   6.5393E+21   1.6046E+22   4.6389E+22   8.4264E+22   1.2896E+23   1.7985E+23   2.3673E+23   2.6748E+23   2.9897E+23   3.3350E+23   3.7506E+23   4.1536E+23   4.4993E+23
   1.4178E+01   1.6443E+14   8.4672E+15   5.4218E+17   2.1444E+19   1.1517E+20   3.5441E+20   1.2208E+21   5.0970E+21   1.2690E+22   3.7699E+22   6.9785E+22   1.0864E+23   1.5399E+23   2.0598E+23   2.3466E+23   2.6436E+23   2.9769E+23   3.3828E+23   3.7908E+23   4.1393E+23
   1.4849E+01   7.1115E+13   4.2580E+15   3.1753E+17   1.4340E+19   8.1608E+19   2.5961E+20   9.1765E+20   3.8999E+21   9.8588E+21   3.0123E+22   5.6870E+22   9.0129E+22   1.2994E+23   1.7679E+23   2.0316E+23   2.3078E+23   2.6249E+23   3.0159E+23   3.4222E+23   3.7685E+23
   1.5551E+01   2.8762E+13   2.0302E+15   1.7861E+17   9.2976E+18   5.6253E+19   1.8536E+20   6.7395E+20   2.9234E+21   7.5123E+21   2.3637E+22   4.5557E+22   7.3565E+22   1.0797E+23   1.4955E+23   1.7345E+23   1.9878E+23   2.2850E+23   2.6561E+23   3.0543E+23   3.3934E+23
   1.6286E+01   1.0812E+13   9.1359E+14   9.6157E+16   5.8282E+18   3.7623E+19   1.2868E+20   4.8252E+20   2.1426E+21   5.6052E+21   1.8192E+22   3.5837E+22   5.9022E+22   8.8273E+22   1.2461E+23   1.4592E+23   1.6880E+23   1.9624E+23   2.3094E+23   2.6932E+23   3.0207E+23
   1.7057E+01   3.7530E+12   3.8612E+14   4.9367E+16   3.5223E+18   2.4355E+19   8.6666E+19   3.3604E+20   1.5326E+21   4.0887E+21   1.3716E+22   2.7653E+22   4.6504E+22   7.0948E+22   1.0217E+23   1.2089E+23   1.4122E+23   1.6616E+23   1.9810E+23   2.3449E+23   2.6564E+23
   1.7863E+01   1.1949E+12   1.5250E+14   2.4081E+16   2.0465E+18   1.5220E+19   5.6493E+19   2.2717E+20   1.0680E+21   2.9113E+21   1.0117E+22   2.0909E+22   3.5947E+22   5.6007E+22   8.2376E+22   9.8529E+22   1.1631E+23   1.3859E+23   1.6753E+23   2.0147E+23   2.3064E+23
   1.8708E+01   3.4645E+11   5.5996E+13   1.1119E+16   1.1398E+18   9.1602E+18   3.5560E+19   1.4877E+20   7.2368E+20   2.0202E+21   7.2915E+21   1.5473E+22   2.7232E+22   4.3383E+22   6.5248E+22   7.8945E+22   9.4231E+22   1.1380E+23   1.3958E+23   1.7068E+23   1.9759E+23
   1.9593E+01   9.0815E+10   1.9010E+13   4.8403E+15   6.0685E+17   5.2957E+18   2.1566E+19   9.4177E+19   4.7598E+20   1.3641E+21   5.1282E+21   1.1195E+22   2.0197E+22   3.2941E+22   5.0727E+22   6.2126E+22   7.5028E+22   9.1912E+22   1.1447E+23   1.4249E+23   1.6691E+23
   2.0519E+01   2.1363E+10   5.9340E+12   1.9789E+15   3.0794E+17   2.9335E+18   1.2572E+19   5.7517E+19   3.0333E+20   8.9480E+20   3.5149E+21   7.9079E+21   1.4649E+22   2.4493E+22   3.8671E+22   4.7973E+22   5.8658E+22   7.2953E+22   9.2350E+22   1.1714E+23   1.3892E+23
