1.000000e-02 4.388493e+18
1.039256e-02 4.724679e+18
1.080052e-02 5.085258e+18
1.122451e-02 5.476067e+18
1.166513e-02 5.898618e+18
1.212305e-02 6.354659e+18
1.259895e-02 6.846828e+18
1.309353e-02 7.377132e+18
1.360753e-02 7.948948e+18
1.414170e-02 8.565074e+18
1.469684e-02 9.229134e+18
1.527378e-02 9.942362e+18
1.587336e-02 1.071085e+19
1.649648e-02 1.153868e+19
1.714406e-02 1.242899e+19
1.781706e-02 1.338869e+19
1.851648e-02 1.442293e+19
1.924336e-02 1.554046e+19
1.999877e-02 1.674156e+19
2.078384e-02 1.803933e+19
2.159972e-02 1.943701e+19
2.244763e-02 2.094262e+19
2.332883e-02 2.256501e+19
2.424462e-02 2.430623e+19
2.519636e-02 2.618152e+19
2.618546e-02 2.819629e+19
2.721339e-02 3.036353e+19
2.828167e-02 3.269474e+19
2.939188e-02 3.520627e+19
3.054568e-02 3.790386e+19
3.174477e-02 4.079935e+19
3.299094e-02 4.392476e+19
3.428602e-02 4.729419e+19
3.563194e-02 5.091615e+19
3.703070e-02 5.481364e+19
3.848436e-02 5.898774e+19
3.999509e-02 6.349398e+19
4.156512e-02 6.830103e+19
4.319679e-02 7.352719e+19
4.489251e-02 7.908651e+19
4.665480e-02 8.510990e+19
4.848626e-02 9.153249e+19
5.038963e-02 9.842733e+19
5.236771e-02 1.058331e+20
5.442344e-02 1.137799e+20
5.655986e-02 1.223440e+20
5.878016e-02 1.315356e+20
6.108762e-02 1.413730e+20
6.348565e-02 1.518925e+20
6.597782e-02 1.632481e+20
6.856783e-02 1.753681e+20
7.125951e-02 1.883983e+20
7.405685e-02 2.022946e+20
7.696400e-02 2.171980e+20
7.998528e-02 2.331141e+20
8.312515e-02 2.501766e+20
8.638828e-02 2.684967e+20
8.977952e-02 2.880012e+20
9.330387e-02 3.089838e+20
9.696658e-02 3.311952e+20
1.007731e-01 3.552008e+20
1.047290e-01 3.807250e+20
1.088402e-01 4.080764e+20
1.131128e-01 4.372093e+20
1.175531e-01 4.671875e+20
1.221677e-01 5.009019e+20
1.269635e-01 5.367338e+20
1.319476e-01 5.741505e+20
1.371272e-01 6.144871e+20
1.425103e-01 6.573557e+20
1.481046e-01 7.022696e+20
1.539185e-01 7.508492e+20
1.599607e-01 8.018880e+20
1.662401e-01 8.570488e+20
1.727660e-01 9.156884e+20
1.795480e-01 9.773849e+20
1.865963e-01 1.038547e+21
1.939213e-01 1.111552e+21
2.015338e-01 1.185498e+21
2.094451e-01 1.262315e+21
2.176670e-01 1.345380e+21
2.262117e-01 1.430220e+21
2.350918e-01 1.521478e+21
2.443205e-01 1.618716e+21
2.539114e-01 1.719616e+21
2.638789e-01 1.824474e+21
2.742377e-01 1.926393e+21
2.850031e-01 2.060083e+21
2.961910e-01 2.167722e+21
3.078182e-01 2.303720e+21
3.199018e-01 2.416461e+21
3.324598e-01 2.580234e+21
3.455107e-01 2.720374e+21
3.590740e-01 2.813392e+21
3.731697e-01 3.029798e+21
3.878187e-01 3.234747e+21
4.030428e-01 3.412596e+21
4.188645e-01 3.577201e+21
4.353073e-01 3.748966e+21
4.523956e-01 3.956989e+21
4.701547e-01 4.138811e+21
4.886110e-01 4.235193e+21
5.077917e-01 4.526167e+21
5.277255e-01 4.777757e+21
5.484417e-01 4.987458e+21
5.699711e-01 5.155207e+21
5.923457e-01 5.377995e+21
6.155986e-01 5.530418e+21
6.397644e-01 5.120755e+21
6.648788e-01 6.071659e+21
6.909791e-01 6.361692e+21
7.181039e-01 6.569636e+21
7.462936e-01 6.223853e+21
7.755898e-01 6.482406e+21
8.060361e-01 6.307368e+21
8.376776e-01 6.320095e+21
8.705612e-01 6.296743e+21
9.047357e-01 5.873897e+21
9.402518e-01 5.136208e+21
9.771620e-01 4.561430e+21
1.015521e+00 3.830809e+21
1.055386e+00 3.850910e+21
1.096816e+00 4.197023e+21
1.139872e+00 5.252711e+21
1.184619e+00 5.162323e+21
1.231122e+00 5.115150e+21
1.279450e+00 4.952504e+21
1.329676e+00 4.072207e+21
1.381873e+00 4.104412e+21
1.436120e+00 3.626344e+21
1.492496e+00 3.903677e+21
1.551084e+00 3.249808e+21
1.611973e+00 3.409100e+21
1.675252e+00 2.864650e+21
1.741016e+00 2.526589e+21
1.809360e+00 1.851046e+21
1.880388e+00 2.094334e+21
1.954204e+00 1.706761e+21
2.030918e+00 1.775409e+21
2.110643e+00 1.415640e+21
2.193497e+00 1.552616e+21
2.279605e+00 1.065171e+21
2.369092e+00 7.246385e+20
2.462092e+00 7.462023e+20
2.558743e+00 6.689365e+20
2.659189e+00 6.487278e+20
2.763577e+00 5.735742e+20
2.872063e+00 4.776988e+20
2.984808e+00 4.156768e+20
3.101979e+00 2.893728e+20
3.223749e+00 2.914956e+20
3.350299e+00 2.674223e+20
3.481818e+00 2.427521e+20
3.618499e+00 2.044238e+20
3.760545e+00 1.586561e+20
3.908168e+00 1.659826e+20
4.061586e+00 1.507838e+20
4.221026e+00 1.358467e+20
4.386726e+00 1.162245e+20
4.558930e+00 9.659681e+19
4.737894e+00 8.594610e+19
4.923883e+00 7.140494e+19
5.117173e+00 6.166009e+19
5.318051e+00 5.297643e+19
5.526815e+00 4.499015e+19
5.743774e+00 3.762455e+19
5.969250e+00 3.066909e+19
6.203577e+00 2.331606e+19
6.447102e+00 4.244191e+18
6.700188e+00 1.153192e+19
6.963208e+00 1.194641e+19
7.236553e+00 8.093802e+18
7.520629e+00 1.340975e+18
7.815857e+00 1.453605e+18
8.122673e+00 4.954716e+17
8.441534e+00 1.707121e+17
8.772913e+00 9.188018e+16
9.117300e+00 6.609438e+16
9.475205e+00 4.479175e+16
9.847161e+00 3.039508e+16
1.023372e+01 2.087728e+16
1.063545e+01 1.419114e+16
1.105295e+01 9.484442e+15
1.148684e+01 6.215172e+15
1.193777e+01 3.991559e+15
1.240639e+01 2.517445e+15
1.289341e+01 1.557856e+15
1.339955e+01 9.441384e+14
1.392556e+01 5.602809e+14
1.447222e+01 3.288345e+14
1.504034e+01 1.927672e+14
1.563075e+01 1.097364e+14
1.624435e+01 6.587786e+13
1.688203e+01 3.807971e+13
1.754475e+01 2.293491e+13
1.823348e+01 1.399323e+13
1.894925e+01 8.270008e+12
1.969311e+01 4.984891e+12
2.046618e+01 3.337610e+12
2.126959e+01 2.493631e+12
2.210455e+01 1.693465e+12
2.297228e+01 1.429542e+12
2.387407e+01 1.031230e+12
2.481126e+01 7.292804e+11
2.578524e+01 5.550925e+11
2.679746e+01 4.203560e+11
2.784941e+01 3.317150e+11
2.894266e+01 2.314029e+11
3.007882e+01 1.218178e+11
3.125959e+01 9.248759e+10
3.248671e+01 6.822222e+10
3.376200e+01 4.853263e+10
3.508734e+01 2.344876e+10
3.646472e+01 1.628793e+10
3.789617e+01 1.099636e+10
3.938381e+01 5.267357e+09
4.092985e+01 3.497711e+09
4.253658e+01 2.184113e+09
4.420638e+01 1.244420e+09
4.594173e+01 4.991231e+08
4.774521e+01 2.881996e+08
4.961948e+01 1.631652e+08
5.156732e+01 9.013248e+07
5.359163e+01 3.353981e+07
5.569541e+01 1.773381e+07
5.788177e+01 9.730428e+06
6.015396e+01 3.798704e+06
6.251534e+01 1.484653e+06
6.496943e+01 6.447448e+05
6.751984e+01 2.877762e+05
7.017038e+01 1.284856e+05
7.292497e+01 4.965392e+04
7.578769e+01 1.359555e+04
7.876279e+01 5.631934e+03
8.185467e+01 1.479605e+03
8.506794e+01 5.160884e+02
8.840734e+01 1.988500e+02
9.187783e+01 5.059748e+01
9.548455e+01 1.181518e+01
9.923286e+01 3.204683e+00
1.031283e+02 8.353810e-01
1.071767e+02 2.110407e-01
1.113840e+02 3.714191e-02
1.157564e+02 6.770985e-03
1.203005e+02 8.002173e-04
1.250230e+02 1.414231e-04
1.299309e+02 1.952980e-05
1.350314e+02 2.844905e-06
1.403322e+02 3.723855e-07
1.458410e+02 4.584652e-08
1.515661e+02 6.222046e-09
1.575159e+02 9.951652e-10
1.636993e+02 1.323088e-10
1.701254e+02 1.543270e-11
1.768038e+02 1.964294e-12
1.837444e+02 2.440222e-13
1.909574e+02 2.907027e-14
1.984535e+02 1.683963e-15
2.062440e+02 1.645508e-16
2.143402e+02 1.136471e-17
2.227543e+02 7.353786e-19
2.314987e+02 4.291029e-20
2.405863e+02 2.963656e-21
2.500307e+02 1.274549e-21
2.598458e+02 1.226531e-21
2.700462e+02 1.180310e-21
2.806471e+02 1.135846e-21
2.916641e+02 1.093050e-21
3.031136e+02 1.051871e-21
3.150125e+02 1.012241e-21
3.273785e+02 9.740972e-22
3.402300e+02 9.374016e-22
3.535859e+02 9.020776e-22
3.674662e+02 8.680909e-22
3.818913e+02 8.353770e-22
3.968828e+02 8.039127e-22
4.124626e+02 7.736115e-22
4.286542e+02 7.444723e-22
4.454812e+02 7.164146e-22
4.629689e+02 6.894220e-22
4.811431e+02 6.634463e-22
5.000307e+02 6.384497e-22
5.196597e+02 6.143917e-22
5.400593e+02 5.912395e-22
5.612598e+02 5.689667e-22
5.832924e+02 5.475281e-22
6.061899e+02 5.268956e-22
6.299863e+02 5.070445e-22
6.547168e+02 4.879386e-22
6.804182e+02 4.695532e-22
7.071285e+02 4.518616e-22
7.348873e+02 4.348358e-22
7.637358e+02 4.184512e-22
7.937168e+02 4.026857e-22
8.248746e+02 3.875113e-22
8.572557e+02 3.729111e-22
8.909078e+02 3.588600e-22
9.258810e+02 3.453380e-22
9.622271e+02 3.323254e-22
