1.253500E-03       4.350800E+17
1.312700E-03       4.767700E+17
1.374800E-03       5.224100E+17
1.439800E-03       5.723600E+17
1.507900E-03       6.270400E+17
1.579200E-03       6.868700E+17
1.653900E-03       7.523600E+17
1.732100E-03       8.240100E+17
1.814000E-03       9.024200E+17
1.899800E-03       9.882000E+17
1.989700E-03       1.082100E+18
2.083800E-03       1.184700E+18
2.182300E-03       1.297100E+18
2.285500E-03       1.420000E+18
2.393600E-03       1.554400E+18
2.506800E-03       1.701500E+18
2.625300E-03       1.862400E+18
2.749500E-03       2.038400E+18
2.879500E-03       2.230800E+18
3.015700E-03       2.441300E+18
3.158300E-03       2.671400E+18
3.307600E-03       2.923100E+18
3.464100E-03       3.198600E+18
3.627900E-03       3.499400E+18
3.799400E-03       3.828200E+18
3.979100E-03       4.187500E+18
4.167300E-03       4.580000E+18
4.364400E-03       5.008900E+18
4.570700E-03       5.477400E+18
4.786900E-03       5.989100E+18
5.013300E-03       6.547700E+18
5.250300E-03       7.157400E+18
5.498600E-03       7.822900E+18
5.758700E-03       8.548900E+18
6.031000E-03       9.340900E+18
6.316200E-03       1.021600E+19
6.614900E-03       1.115800E+19
6.927700E-03       1.218500E+19
7.255300E-03       1.330300E+19
7.598400E-03       1.452000E+19
7.957700E-03       1.584500E+19
8.334100E-03       1.728600E+19
8.728200E-03       1.885400E+19
9.140900E-03       2.055800E+19
9.573200E-03       2.241000E+19
1.002600E-02       2.442300E+19
1.050000E-02       2.660800E+19
1.099700E-02       2.898100E+19
1.151700E-02       3.155600E+19
1.206100E-02       3.435000E+19
1.263200E-02       3.738000E+19
1.322900E-02       4.066700E+19
1.385500E-02       4.433600E+19
1.451000E-02       4.821100E+19
1.519600E-02       5.240700E+19
1.591400E-02       5.695100E+19
1.666700E-02       6.187000E+19
1.745500E-02       6.719500E+19
1.828100E-02       7.295600E+19
1.914500E-02       7.918900E+19
2.005100E-02       8.592900E+19
2.099900E-02       9.321600E+19
2.199200E-02       1.010900E+20
2.303200E-02       1.096000E+20
2.412100E-02       1.188000E+20
2.526200E-02       1.287300E+20
2.645600E-02       1.394600E+20
2.770700E-02       1.510500E+20
2.901800E-02       1.635600E+20
3.039000E-02       1.770700E+20
3.182700E-02       1.916600E+20
3.333200E-02       2.074100E+20
3.490800E-02       2.244100E+20
3.655900E-02       2.427700E+20
3.828800E-02       2.626000E+20
4.009900E-02       2.840100E+20
4.199500E-02       3.071400E+20
4.398100E-02       3.321200E+20
4.606100E-02       3.591000E+20
4.823900E-02       3.882600E+20
5.052000E-02       4.197800E+20
5.290900E-02       4.539200E+20
5.541100E-02       4.930200E+20
5.803200E-02       5.331900E+20
6.077600E-02       5.765700E+20
6.365000E-02       6.235100E+20
6.666000E-02       6.743100E+20
6.981300E-02       7.293100E+20
7.311400E-02       7.888700E+20
7.657100E-02       8.533900E+20
8.019300E-02       9.232900E+20
8.398500E-02       9.990600E+20
8.795600E-02       1.081200E+21
9.211600E-02       1.170300E+21
9.647200E-02       1.266900E+21
1.010300E-01       1.371800E+21
1.058100E-01       1.485500E+21
1.108200E-01       1.609100E+21
1.160600E-01       1.743200E+21
1.215400E-01       1.888900E+21
1.272900E-01       2.047100E+21
1.333100E-01       2.219000E+21
1.396200E-01       2.405800E+21
1.462200E-01       2.608900E+21
1.531300E-01       2.829600E+21
1.603800E-01       3.069600E+21
1.679600E-01       3.330600E+21
1.759000E-01       3.614400E+21
1.842200E-01       3.923000E+21
1.929300E-01       4.258700E+21
2.020600E-01       4.623800E+21
2.116100E-01       5.021000E+21
2.216200E-01       5.452900E+21
2.321000E-01       5.922800E+21
2.430700E-01       6.433900E+21
2.545700E-01       6.989800E+21
2.666100E-01       7.594400E+21
2.792200E-01       8.251700E+21
2.924200E-01       8.966400E+21
3.062500E-01       9.743300E+21
3.207300E-01       1.058800E+22
3.359000E-01       1.150500E+22
3.517800E-01       1.250200E+22
3.684200E-01       1.358400E+22
3.858400E-01       1.475900E+22
4.040900E-01       1.603300E+22
4.232000E-01       1.741600E+22
4.432100E-01       1.891500E+22
4.641700E-01       2.053900E+22
4.861200E-01       2.229800E+22
5.091100E-01       2.420100E+22
5.331800E-01       2.625900E+22
5.584000E-01       2.848300E+22
5.848000E-01       3.088300E+22
6.124600E-01       3.347300E+22
6.414200E-01       3.626200E+22
6.717500E-01       3.926500E+22
7.035200E-01       4.249400E+22
7.367900E-01       4.596000E+22
7.716300E-01       4.967600E+22
8.081200E-01       5.365400E+22
8.463400E-01       5.790600E+22
8.863600E-01       6.244100E+22
9.282800E-01       6.727100E+22
9.721800E-01       7.240500E+22
1.018200E+00       7.784900E+22
1.066300E+00       8.361000E+22
1.116700E+00       8.968900E+22
1.169500E+00       9.609000E+22
1.224800E+00       1.028100E+23
1.282800E+00       1.098500E+23
1.343400E+00       1.171900E+23
1.407000E+00       1.248300E+23
1.473500E+00       1.327600E+23
1.543200E+00       1.409500E+23
1.616200E+00       1.493900E+23
1.692600E+00       1.580600E+23
1.772600E+00       1.669200E+23
1.856400E+00       1.759500E+23
1.944200E+00       1.851100E+23
2.036200E+00       1.943700E+23
2.132500E+00       2.037000E+23
2.233300E+00       2.130600E+23
2.338900E+00       2.224000E+23
2.449500E+00       2.317000E+23
2.565400E+00       2.409200E+23
2.686700E+00       2.500200E+23
2.813700E+00       2.589600E+23
2.946800E+00       2.677100E+23
3.086200E+00       2.762200E+23
3.232100E+00       2.844500E+23
3.384900E+00       2.923600E+23
3.545000E+00       2.999000E+23
3.712700E+00       3.069900E+23
3.888200E+00       3.135700E+23
4.072100E+00       3.195600E+23
4.264700E+00       3.248500E+23
4.466400E+00       3.293500E+23
4.677600E+00       3.329200E+23
4.898800E+00       3.354400E+23
5.130400E+00       3.367700E+23
5.373000E+00       3.367700E+23
5.627100E+00       3.353100E+23
5.893200E+00       3.322500E+23
6.171900E+00       3.274800E+23
6.463800E+00       3.209300E+23
6.769500E+00       3.125300E+23
7.089600E+00       3.022800E+23
7.424900E+00       2.902100E+23
7.776000E+00       2.764000E+23
8.143700E+00       2.610000E+23
8.528800E+00       2.442000E+23
8.932200E+00       2.262500E+23
9.354600E+00       2.074300E+23
9.796900E+00       1.880600E+23
1.026000E+01       1.684900E+23
1.074500E+01       1.490600E+23
1.125400E+01       1.301300E+23
1.178600E+01       1.120200E+23
1.234300E+01       9.500500E+22
1.292700E+01       7.931900E+22
1.353800E+01       6.513600E+22
1.417800E+01       5.256600E+22
1.484900E+01       4.165100E+22
1.555100E+01       3.237300E+22
1.628600E+01       2.465600E+22
1.705700E+01       1.838300E+22
1.786300E+01       1.340300E+22
1.870800E+01       9.545000E+21
1.959300E+01       6.632000E+21
2.051900E+01       4.490300E+21
2.149000E+01       2.958800E+21
2.250600E+01       1.895000E+21
2.357000E+01       1.177900E+21
2.468500E+01       7.096700E+20
2.585200E+01       4.137600E+20
2.707500E+01       2.330900E+20
2.835500E+01       1.266800E+20
2.969600E+01       6.629900E+19
3.110000E+01       3.336000E+19
3.257100E+01       1.610900E+19
3.411100E+01       7.451600E+18
3.572400E+01       3.295800E+18
3.741400E+01       1.391200E+18
3.918300E+01       5.593700E+17
4.103600E+01       2.138500E+17
4.297600E+01       7.759500E+16
4.500900E+01       2.667600E+16
4.713700E+01       8.674300E+15
4.936600E+01       2.664000E+15
5.170100E+01       7.715700E+14
5.414600E+01       2.104500E+14
5.670600E+01       5.398400E+13
5.938800E+01       1.300500E+13
6.219700E+01       2.936900E+12
6.513800E+01       6.194600E+11
6.821800E+01       1.208600E+11
7.144400E+01       2.142300E+10
7.482300E+01       3.438700E+09
7.836100E+01       7.382000E+08
8.206700E+01       2.055800E+08
8.594800E+01       6.634500E+10
9.001200E+01       1.075800E+10
9.426900E+01       4.364400E+09
9.872700E+01       6.426000E+08
1.034000E+02       1.128100E+04
1.082900E+02       3.822300E+03
1.134100E+02       1.050600E+06
1.187700E+02       5.039000E+03
1.243900E+02       5.328800E+04
1.302700E+02       8.635400E+03
