1.253500E-03       5.102300E+17
1.312700E-03       5.592300E+17
1.374800E-03       6.129100E+17
1.439800E-03       6.717200E+17
1.507900E-03       7.361500E+17
1.579200E-03       8.067400E+17
1.653900E-03       8.840800E+17
1.732100E-03       9.687900E+17
1.814000E-03       1.061600E+18
1.899800E-03       1.163200E+18
1.989700E-03       1.274500E+18
2.083800E-03       1.396400E+18
2.182300E-03       1.529900E+18
2.285500E-03       1.676000E+18
2.393600E-03       1.836000E+18
2.506800E-03       2.011200E+18
2.625300E-03       2.202900E+18
2.749500E-03       2.412800E+18
2.879500E-03       2.642500E+18
3.015700E-03       2.893800E+18
3.158300E-03       3.169000E+18
3.307600E-03       3.470100E+18
3.464100E-03       3.799700E+18
3.627900E-03       4.160200E+18
3.799400E-03       4.554800E+18
3.979100E-03       4.986400E+18
4.167300E-03       5.458600E+18
4.364400E-03       5.975100E+18
4.570700E-03       6.540100E+18
4.786900E-03       7.158000E+18
5.013300E-03       7.833500E+18
5.250300E-03       8.572000E+18
5.498600E-03       9.379200E+18
5.758700E-03       1.026100E+19
6.031000E-03       1.122500E+19
6.316200E-03       1.228500E+19
6.614900E-03       1.343500E+19
6.927700E-03       1.469100E+19
7.255300E-03       1.606100E+19
7.598400E-03       1.755700E+19
7.957700E-03       1.918900E+19
8.334100E-03       2.097000E+19
8.728200E-03       2.291200E+19
9.140900E-03       2.503000E+19
9.573200E-03       2.733800E+19
1.002600E-02       2.985500E+19
1.050000E-02       3.259700E+19
1.099700E-02       3.558300E+19
1.151700E-02       3.883600E+19
1.206100E-02       4.237600E+19
1.263200E-02       4.622900E+19
1.322900E-02       5.042300E+19
1.385500E-02       5.510500E+19
1.451000E-02       6.008000E+19
1.519600E-02       6.548500E+19
1.591400E-02       7.135700E+19
1.666700E-02       7.773500E+19
1.745500E-02       8.466100E+19
1.828100E-02       9.217800E+19
1.914500E-02       1.003400E+20
2.005100E-02       1.091800E+20
2.099900E-02       1.187800E+20
2.199200E-02       1.291800E+20
2.303200E-02       1.404600E+20
2.412100E-02       1.526700E+20
2.526200E-02       1.659100E+20
2.645600E-02       1.802400E+20
2.770700E-02       1.957500E+20
2.901800E-02       2.125500E+20
3.039000E-02       2.307200E+20
3.182700E-02       2.503800E+20
3.333200E-02       2.716500E+20
3.490800E-02       2.946500E+20
3.655900E-02       3.195300E+20
3.828800E-02       3.464200E+20
4.009900E-02       3.754900E+20
4.199500E-02       4.069200E+20
4.398100E-02       4.408900E+20
4.606100E-02       4.776100E+20
4.823900E-02       5.172900E+20
5.052000E-02       5.601800E+20
5.290900E-02       6.066300E+20
5.541100E-02       6.589400E+20
5.803200E-02       7.134900E+20
6.077600E-02       7.723800E+20
6.365000E-02       8.360400E+20
6.666000E-02       9.048900E+20
6.981300E-02       9.793500E+20
7.311400E-02       1.059900E+21
7.657100E-02       1.147000E+21
8.019300E-02       1.241300E+21
8.398500E-02       1.343400E+21
8.795600E-02       1.453800E+21
9.211600E-02       1.573400E+21
9.647200E-02       1.703000E+21
1.010300E-01       1.843300E+21
1.058100E-01       1.995300E+21
1.108200E-01       2.160000E+21
1.160600E-01       2.338600E+21
1.215400E-01       2.532200E+21
1.272900E-01       2.742200E+21
1.333100E-01       2.969900E+21
1.396200E-01       3.217000E+21
1.462200E-01       3.485100E+21
1.531300E-01       3.776100E+21
1.603800E-01       4.092000E+21
1.679600E-01       4.435000E+21
1.759000E-01       4.807400E+21
1.842200E-01       5.212000E+21
1.929300E-01       5.651500E+21
2.020600E-01       6.128900E+21
2.116100E-01       6.647600E+21
2.216200E-01       7.211200E+21
2.321000E-01       7.823800E+21
2.430700E-01       8.489400E+21
2.545700E-01       9.212800E+21
2.666100E-01       9.999000E+21
2.792200E-01       1.085300E+22
2.924200E-01       1.178200E+22
3.062500E-01       1.279100E+22
3.207300E-01       1.388700E+22
3.359000E-01       1.507800E+22
3.517800E-01       1.637200E+22
3.684200E-01       1.777700E+22
3.858400E-01       1.930200E+22
4.040900E-01       2.095800E+22
4.232000E-01       2.275600E+22
4.432100E-01       2.470600E+22
4.641700E-01       2.682000E+22
4.861200E-01       2.911200E+22
5.091100E-01       3.159600E+22
5.331800E-01       3.428600E+22
5.584000E-01       3.719800E+22
5.848000E-01       4.034700E+22
6.124600E-01       4.375100E+22
6.414200E-01       4.742800E+22
6.717500E-01       5.139600E+22
7.035200E-01       5.567500E+22
7.367900E-01       6.028400E+22
7.716300E-01       6.524400E+22
8.081200E-01       7.057400E+22
8.463400E-01       7.629500E+22
8.863600E-01       8.242700E+22
9.282800E-01       8.899100E+22
9.721800E-01       9.600600E+22
1.018200E+00       1.034900E+23
1.066300E+00       1.114600E+23
1.116700E+00       1.199200E+23
1.169500E+00       1.289000E+23
1.224800E+00       1.384100E+23
1.282800E+00       1.484400E+23
1.343400E+00       1.590000E+23
1.407000E+00       1.700900E+23
1.473500E+00       1.817100E+23
1.543200E+00       1.938500E+23
1.616200E+00       2.064900E+23
1.692600E+00       2.196000E+23
1.772600E+00       2.331700E+23
1.856400E+00       2.471700E+23
1.944200E+00       2.615500E+23
2.036200E+00       2.762800E+23
2.132500E+00       2.913200E+23
2.233300E+00       3.066100E+23
2.338900E+00       3.221100E+23
2.449500E+00       3.377600E+23
2.565400E+00       3.535200E+23
2.686700E+00       3.693100E+23
2.813700E+00       3.851100E+23
2.946800E+00       4.008300E+23
3.086200E+00       4.164400E+23
3.232100E+00       4.318700E+23
3.384900E+00       4.470800E+23
3.545000E+00       4.619800E+23
3.712700E+00       4.765200E+23
3.888200E+00       4.906100E+23
4.072100E+00       5.041700E+23
4.264700E+00       5.170700E+23
4.466400E+00       5.291900E+23
4.677600E+00       5.403800E+23
4.898800E+00       5.504700E+23
5.130400E+00       5.592600E+23
5.373000E+00       5.665300E+23
5.627100E+00       5.720600E+23
5.893200E+00       5.755900E+23
6.171900E+00       5.768700E+23
6.463800E+00       5.756600E+23
6.769500E+00       5.717200E+23
7.089600E+00       5.648500E+23
7.424900E+00       5.549000E+23
7.776000E+00       5.417500E+23
8.143700E+00       5.253500E+23
8.528800E+00       5.057700E+23
8.932200E+00       4.831000E+23
9.354600E+00       4.575800E+23
9.796900E+00       4.295200E+23
1.026000E+01       3.993000E+23
1.074500E+01       3.674200E+23
1.125400E+01       3.344000E+23
1.178600E+01       3.008400E+23
1.234300E+01       2.673300E+23
1.292700E+01       2.344800E+23
1.353800E+01       2.028500E+23
1.417800E+01       1.729500E+23
1.484900E+01       1.452200E+23
1.555100E+01       1.199700E+23
1.628600E+01       9.744400E+22
1.705700E+01       7.774000E+22
1.786300E+01       6.086200E+22
1.870800E+01       4.671400E+22
1.959300E+01       3.511700E+22
2.051900E+01       2.582800E+22
2.149000E+01       1.856600E+22
2.250600E+01       1.302800E+22
2.357000E+01       8.914300E+21
2.468500E+01       5.940200E+21
2.585200E+01       3.850000E+21
2.707500E+01       2.423800E+21
2.835500E+01       1.480200E+21
2.969600E+01       8.755400E+20
3.110000E+01       5.009000E+20
3.257100E+01       2.767300E+20
3.411100E+01       1.474000E+20
3.572400E+01       7.557900E+19
3.741400E+01       3.724000E+19
3.918300E+01       1.760300E+19
4.103600E+01       7.968300E+18
4.297600E+01       3.448500E+18
4.500900E+01       1.424300E+18
4.713700E+01       5.604900E+17
4.936600E+01       2.098000E+17
5.170100E+01       7.458200E+16
5.414600E+01       2.514300E+16
5.670600E+01       8.026700E+15
5.938800E+01       2.423400E+15
6.219700E+01       6.910600E+14
6.513800E+01       1.858900E+14
6.821800E+01       4.710100E+13
7.144400E+01       1.121800E+13
7.482300E+01       2.499100E+12
7.836100E+01       5.152400E+11
8.206700E+01       9.695100E+10
8.594800E+01       1.654400E+10
9.001200E+01       4.891200E+09
9.426900E+01       1.174800E+09
9.872700E+01       6.426000E+08
1.034000E+02       1.128100E+04
1.082900E+02       3.822300E+03
1.134100E+02       1.050600E+06
1.187700E+02       5.039000E+03
1.243900E+02       5.328800E+04
1.302700E+02       8.635400E+03
