1.253500E-03       6.671900E+17
1.312700E-03       7.315000E+17
1.374800E-03       8.020000E+17
1.439800E-03       8.793000E+17
1.507900E-03       9.641200E+17
1.579200E-03       1.056900E+18
1.653900E-03       1.158800E+18
1.732100E-03       1.270500E+18
1.814000E-03       1.393000E+18
1.899800E-03       1.527200E+18
1.989700E-03       1.674400E+18
2.083800E-03       1.835800E+18
2.182300E-03       2.012700E+18
2.285500E-03       2.206600E+18
2.393600E-03       2.419100E+18
2.506800E-03       2.652000E+18
2.625300E-03       2.907300E+18
2.749500E-03       3.187000E+18
2.879500E-03       3.493500E+18
3.015700E-03       3.829300E+18
3.158300E-03       4.197200E+18
3.307600E-03       4.600600E+18
3.464100E-03       5.042800E+18
3.627900E-03       5.527000E+18
3.799400E-03       6.056700E+18
3.979100E-03       6.636800E+18
4.167300E-03       7.272000E+18
4.364400E-03       7.967600E+18
4.570700E-03       8.729400E+18
4.786900E-03       9.563500E+18
5.013300E-03       1.047700E+19
5.250300E-03       1.147700E+19
5.498600E-03       1.257200E+19
5.758700E-03       1.377000E+19
6.031000E-03       1.508200E+19
6.316200E-03       1.651900E+19
6.614900E-03       1.809100E+19
6.927700E-03       1.981100E+19
7.255300E-03       2.169300E+19
7.598400E-03       2.375300E+19
7.957700E-03       2.600600E+19
8.334100E-03       2.847000E+19
8.728200E-03       3.116600E+19
9.140900E-03       3.411300E+19
9.573200E-03       3.733500E+19
1.002600E-02       4.085800E+19
1.050000E-02       4.470800E+19
1.099700E-02       4.891600E+19
1.151700E-02       5.351400E+19
1.206100E-02       5.853700E+19
1.263200E-02       6.402500E+19
1.322900E-02       7.002300E+19
1.385500E-02       7.656600E+19
1.451000E-02       8.371700E+19
1.519600E-02       9.151900E+19
1.591400E-02       1.000300E+20
1.666700E-02       1.093200E+20
1.745500E-02       1.194600E+20
1.828100E-02       1.305200E+20
1.914500E-02       1.425800E+20
2.005100E-02       1.557400E+20
2.099900E-02       1.700800E+20
2.199200E-02       1.857100E+20
2.303200E-02       2.027500E+20
2.412100E-02       2.213100E+20
2.526200E-02       2.415300E+20
2.645600E-02       2.635500E+20
2.770700E-02       2.875200E+20
2.901800E-02       3.136100E+20
3.039000E-02       3.419900E+20
3.182700E-02       3.728600E+20
3.333200E-02       4.064100E+20
3.490800E-02       4.428800E+20
3.655900E-02       4.824900E+20
3.828800E-02       5.255000E+20
4.009900E-02       5.721800E+20
4.199500E-02       6.228200E+20
4.398100E-02       6.777300E+20
4.606100E-02       7.372400E+20
4.823900E-02       8.017100E+20
5.052000E-02       8.715200E+20
5.290900E-02       9.470700E+20
5.541100E-02       1.028800E+21
5.803200E-02       1.117200E+21
6.077600E-02       1.212700E+21
6.365000E-02       1.315800E+21
6.666000E-02       1.427200E+21
6.981300E-02       1.547300E+21
7.311400E-02       1.676900E+21
7.657100E-02       1.816600E+21
8.019300E-02       1.967100E+21
8.398500E-02       2.129100E+21
8.795600E-02       2.303400E+21
9.211600E-02       2.490900E+21
9.647200E-02       2.692400E+21
1.010300E-01       2.908800E+21
1.058100E-01       3.141200E+21
1.108200E-01       3.390500E+21
1.160600E-01       3.657800E+21
1.215400E-01       3.944300E+21
1.272900E-01       4.251000E+21
1.333100E-01       4.579300E+21
1.396200E-01       4.930400E+21
1.462200E-01       5.305600E+21
1.531300E-01       5.706300E+21
1.603800E-01       6.134000E+21
1.679600E-01       6.590100E+21
1.759000E-01       7.076200E+21
1.842200E-01       7.593800E+21
1.929300E-01       8.144500E+21
2.020600E-01       8.729900E+21
2.116100E-01       9.351800E+21
2.216200E-01       1.001200E+22
2.321000E-01       1.071100E+22
2.430700E-01       1.145300E+22
2.545700E-01       1.223700E+22
2.666100E-01       1.306700E+22
2.792200E-01       1.394300E+22
2.924200E-01       1.486700E+22
3.062500E-01       1.584100E+22
3.207300E-01       1.686600E+22
3.359000E-01       1.794500E+22
3.517800E-01       1.907700E+22
3.684200E-01       2.026600E+22
3.858400E-01       2.151200E+22
4.040900E-01       2.281700E+22
4.232000E-01       2.418300E+22
4.432100E-01       2.561000E+22
4.641700E-01       2.710100E+22
4.861200E-01       2.865800E+22
5.091100E-01       3.028200E+22
5.331800E-01       3.197500E+22
5.584000E-01       3.374100E+22
5.848000E-01       3.558100E+22
6.124600E-01       3.749900E+22
6.414200E-01       3.949800E+22
6.717500E-01       4.158300E+22
7.035200E-01       4.375900E+22
7.367900E-01       4.603100E+22
7.716300E-01       4.840500E+22
8.081200E-01       5.089000E+22
8.463400E-01       5.349400E+22
8.863600E-01       5.622600E+22
9.282800E-01       5.909600E+22
9.721800E-01       6.211800E+22
1.018200E+00       6.530500E+22
1.066300E+00       6.867200E+22
1.116700E+00       7.223500E+22
1.169500E+00       7.601300E+22
1.224800E+00       8.002600E+22
1.282800E+00       8.429600E+22
1.343400E+00       8.884600E+22
1.407000E+00       9.370100E+22
1.473500E+00       9.889000E+22
1.543200E+00       1.044400E+23
1.616200E+00       1.103800E+23
1.692600E+00       1.167500E+23
1.772600E+00       1.235800E+23
1.856400E+00       1.308900E+23
1.944200E+00       1.387300E+23
2.036200E+00       1.471300E+23
2.132500E+00       1.561300E+23
2.233300E+00       1.657600E+23
2.338900E+00       1.760400E+23
2.449500E+00       1.870200E+23
2.565400E+00       1.987000E+23
2.686700E+00       2.111200E+23
2.813700E+00       2.243000E+23
2.946800E+00       2.382200E+23
3.086200E+00       2.529000E+23
3.232100E+00       2.683300E+23
3.384900E+00       2.844700E+23
3.545000E+00       3.012900E+23
3.712700E+00       3.187300E+23
3.888200E+00       3.367300E+23
4.072100E+00       3.551900E+23
4.264700E+00       3.740000E+23
4.466400E+00       3.930300E+23
4.677600E+00       4.121100E+23
4.898800E+00       4.310800E+23
5.130400E+00       4.497100E+23
5.373000E+00       4.678000E+23
5.627100E+00       4.850800E+23
5.893200E+00       5.012900E+23
6.171900E+00       5.161500E+23
6.463800E+00       5.293700E+23
6.769500E+00       5.406500E+23
7.089600E+00       5.496900E+23
7.424900E+00       5.562000E+23
7.776000E+00       5.599300E+23
8.143700E+00       5.606300E+23
8.528800E+00       5.581100E+23
8.932200E+00       5.522200E+23
9.354600E+00       5.428700E+23
9.796900E+00       5.300300E+23
1.026000E+01       5.137700E+23
1.074500E+01       4.942200E+23
1.125400E+01       4.716000E+23
1.178600E+01       4.462000E+23
1.234300E+01       4.184000E+23
1.292700E+01       3.886400E+23
1.353800E+01       3.574300E+23
1.417800E+01       3.253000E+23
1.484900E+01       2.928200E+23
1.555100E+01       2.605400E+23
1.628600E+01       2.290200E+23
1.705700E+01       1.987500E+23
1.786300E+01       1.701700E+23
1.870800E+01       1.436600E+23
1.959300E+01       1.194900E+23
2.051900E+01       9.785200E+22
2.149000E+01       7.882800E+22
2.250600E+01       6.241800E+22
2.357000E+01       4.853900E+22
2.468500E+01       3.703500E+22
2.585200E+01       2.770000E+22
2.707500E+01       2.028700E+22
2.835500E+01       1.453400E+22
2.969600E+01       1.017300E+22
3.110000E+01       6.949600E+21
3.257100E+01       4.627000E+21
3.411100E+01       2.998400E+21
3.572400E+01       1.888500E+21
3.741400E+01       1.154200E+21
3.918300E+01       6.834500E+20
4.103600E+01       3.913700E+20
4.297600E+01       2.163300E+20
4.500900E+01       1.151900E+20
4.713700E+01       5.894700E+19
4.936600E+01       2.892500E+19
5.170100E+01       1.357300E+19
5.414600E+01       6.073600E+18
5.670600E+01       2.583400E+18
5.938800E+01       1.040900E+18
6.219700E+01       3.957100E+17
6.513800E+01       1.413300E+17
6.821800E+01       4.718500E+16
7.144400E+01       1.464400E+16
7.482300E+01       4.197200E+15
7.836100E+01       1.102600E+15
8.206700E+01       2.630900E+14
8.594800E+01       5.640400E+13
9.001200E+01       1.072000E+13
9.426900E+01       1.776000E+12
9.872700E+01       2.508500E+11
1.034000E+02       2.931300E+10
1.082900E+02       2.714100E+09
1.134100E+02       1.862600E+08
1.187700E+02       8.461100E+06
1.243900E+02       1.984300E+05
1.302700E+02       1.336700E+04
1.364300E+02       6.766600E+02
1.428800E+02       4.186600E+01
1.496400E+02       3.417900E+00
1.567100E+02       9.296500E-02
1.641200E+02       1.338700E-02
1.718800E+02       4.772800E-04
