1.253500E-03       8.255500E+16
1.312700E-03       8.855400E+16
1.374800E-03       9.497900E+16
1.439800E-03       1.018600E+17
1.507900E-03       1.092400E+17
1.579200E-03       1.174700E+17
1.653900E-03       1.259500E+17
1.732100E-03       1.350500E+17
1.814000E-03       1.448300E+17
1.899800E-03       1.553400E+17
1.989700E-03       1.666600E+17
2.083800E-03       1.788600E+17
2.182300E-03       1.920100E+17
2.285500E-03       2.062000E+17
2.393600E-03       2.215100E+17
2.506800E-03       2.380600E+17
2.625300E-03       2.559300E+17
2.749500E-03       2.752500E+17
2.879500E-03       2.961400E+17
3.015700E-03       3.187400E+17
3.158300E-03       3.432100E+17
3.307600E-03       3.697100E+17
3.464100E-03       4.024400E+17
3.627900E-03       4.336800E+17
3.799400E-03       4.675500E+17
3.979100E-03       5.043200E+17
4.167300E-03       5.442300E+17
4.364400E-03       5.875800E+17
4.570700E-03       6.347000E+17
4.786900E-03       6.859300E+17
5.013300E-03       7.416400E+17
5.250300E-03       8.022500E+17
5.498600E-03       8.682200E+17
5.758700E-03       9.400500E+17
6.031000E-03       1.018300E+18
6.316200E-03       1.103500E+18
6.614900E-03       1.196500E+18
6.927700E-03       1.297800E+18
7.255300E-03       1.408200E+18
7.598400E-03       1.528800E+18
7.957700E-03       1.660300E+18
8.334100E-03       1.803800E+18
8.728200E-03       1.960500E+18
9.140900E-03       2.131600E+18
9.573200E-03       2.318600E+18
1.002600E-02       2.522700E+18
1.050000E-02       2.745900E+18
1.099700E-02       2.989700E+18
1.151700E-02       3.256300E+18
1.206100E-02       3.547700E+18
1.263200E-02       3.866400E+18
1.322900E-02       4.214900E+18
1.385500E-02       4.607300E+18
1.451000E-02       5.024300E+18
1.519600E-02       5.480400E+18
1.591400E-02       5.979400E+18
1.666700E-02       6.525200E+18
1.745500E-02       7.122400E+18
1.828100E-02       7.775900E+18
1.914500E-02       8.490900E+18
2.005100E-02       9.273500E+18
2.099900E-02       1.013000E+19
2.199200E-02       1.106700E+19
2.303200E-02       1.209400E+19
2.412100E-02       1.321700E+19
2.526200E-02       1.444600E+19
2.645600E-02       1.579300E+19
2.770700E-02       1.726600E+19
2.901800E-02       1.887900E+19
3.039000E-02       2.064500E+19
3.182700E-02       2.257900E+19
3.333200E-02       2.469500E+19
3.490800E-02       2.701200E+19
3.655900E-02       2.954800E+19
3.828800E-02       3.232500E+19
4.009900E-02       3.536400E+19
4.199500E-02       3.869000E+19
4.398100E-02       4.233100E+19
4.606100E-02       4.631500E+19
4.823900E-02       5.067400E+19
5.052000E-02       5.544400E+19
5.290900E-02       6.066300E+19
5.541100E-02       6.637300E+19
5.803200E-02       7.261800E+19
6.077600E-02       7.944800E+19
6.365000E-02       8.691600E+19
6.666000E-02       9.508200E+19
6.981300E-02       1.040100E+20
7.311400E-02       1.137700E+20
7.657100E-02       1.244300E+20
8.019300E-02       1.360800E+20
8.398500E-02       1.488000E+20
8.795600E-02       1.627000E+20
9.211600E-02       1.778700E+20
9.647200E-02       1.944300E+20
1.010300E-01       2.125000E+20
1.058100E-01       2.322200E+20
1.108200E-01       2.537200E+20
1.160600E-01       2.771600E+20
1.215400E-01       3.027100E+20
1.272900E-01       3.305400E+20
1.333100E-01       3.608500E+20
1.396200E-01       3.938500E+20
1.462200E-01       4.297400E+20
1.531300E-01       4.687900E+20
1.603800E-01       5.112300E+20
1.679600E-01       5.573500E+20
1.759000E-01       6.074500E+20
1.842200E-01       6.618200E+20
1.929300E-01       7.208000E+20
2.020600E-01       7.847400E+20
2.116100E-01       8.540000E+20
2.216200E-01       9.289900E+20
2.321000E-01       1.010100E+21
2.430700E-01       1.097800E+21
2.545700E-01       1.192600E+21
2.666100E-01       1.294800E+21
2.792200E-01       1.405100E+21
2.924200E-01       1.523900E+21
3.062500E-01       1.651700E+21
3.207300E-01       1.789100E+21
3.359000E-01       1.936600E+21
3.517800E-01       2.094900E+21
3.684200E-01       2.264500E+21
3.858400E-01       2.446000E+21
4.040900E-01       2.639800E+21
4.232000E-01       2.846600E+21
4.432100E-01       3.066900E+21
4.641700E-01       3.301200E+21
4.861200E-01       3.549900E+21
5.091100E-01       3.813300E+21
5.331800E-01       4.091900E+21
5.584000E-01       4.385800E+21
5.848000E-01       4.695000E+21
6.124600E-01       5.019700E+21
6.414200E-01       5.359600E+21
6.717500E-01       5.714200E+21
7.035200E-01       6.083200E+21
7.367900E-01       6.465500E+21
7.716300E-01       6.860200E+21
8.081200E-01       7.265900E+21
8.463400E-01       7.680900E+21
8.863600E-01       8.103200E+21
9.282800E-01       8.530500E+21
9.721800E-01       8.960100E+21
1.018200E+00       9.388900E+21
1.066300E+00       9.813500E+21
1.116700E+00       1.023000E+22
1.169500E+00       1.063400E+22
1.224800E+00       1.102200E+22
1.282800E+00       1.138900E+22
1.343400E+00       1.173000E+22
1.407000E+00       1.204000E+22
1.473500E+00       1.231400E+22
1.543200E+00       1.254800E+22
1.616200E+00       1.273700E+22
1.692600E+00       1.287700E+22
1.772600E+00       1.296400E+22
1.856400E+00       1.299600E+22
1.944200E+00       1.296900E+22
2.036200E+00       1.288300E+22
2.132500E+00       1.273600E+22
2.233300E+00       1.253000E+22
2.338900E+00       1.226500E+22
2.449500E+00       1.194400E+22
2.565400E+00       1.156900E+22
2.686700E+00       1.114500E+22
2.813700E+00       1.067600E+22
2.946800E+00       1.016700E+22
3.086200E+00       9.624000E+21
3.232100E+00       9.052800E+21
3.384900E+00       8.459600E+21
3.545000E+00       7.850700E+21
3.712700E+00       7.232300E+21
3.888200E+00       6.610500E+21
4.072100E+00       5.991700E+21
4.264700E+00       5.382000E+21
4.466400E+00       4.787200E+21
4.677600E+00       4.213400E+21
4.898800E+00       3.666000E+21
5.130400E+00       3.150400E+21
5.373000E+00       2.671200E+21
5.627100E+00       2.232200E+21
5.893200E+00       1.836500E+21
6.171900E+00       1.485700E+21
6.463800E+00       1.180600E+21
6.769500E+00       9.203200E+20
7.089600E+00       7.029000E+20
7.424900E+00       5.253100E+20
7.776000E+00       3.836500E+20
8.143700E+00       2.734400E+20
8.528800E+00       1.899200E+20
8.932200E+00       1.283700E+20
9.354600E+00       8.430100E+19
9.796900E+00       5.370800E+19
1.026000E+01       3.313900E+19
1.074500E+01       1.976900E+19
1.125400E+01       1.138100E+19
1.178600E+01       6.310700E+18
1.234300E+01       3.363400E+18
1.292700E+01       1.719300E+18
1.353800E+01       8.409100E+17
1.417800E+01       3.925600E+17
1.484900E+01       1.744500E+17
1.555100E+01       7.358600E+16
1.628600E+01       2.937300E+16
1.705700E+01       1.105900E+16
1.786300E+01       3.913300E+15
1.870800E+01       1.296700E+15
1.959300E+01       4.007800E+14
2.051900E+01       1.150600E+14
2.149000E+01       3.055700E+13
2.250600E+01       7.474500E+12
2.357000E+01       1.677300E+12
2.468500E+01       3.440400E+11
2.585200E+01       6.431000E+10
2.707500E+01       1.093100E+10
2.835500E+01       1.687300E+09
2.969600E+01       2.362400E+08
3.110000E+01       2.998700E+07
3.257100E+01       3.460100E+06
3.411100E+01       3.629700E+05
3.572400E+01       3.073800E+04
3.741400E+01       1.161600E+03
3.918300E+01       6.721700E+02
4.103600E+01       3.719800E+02
